0.000000000000000000e+00,0.000000000000000000e+00,0.000000000000000000e+00,0.000000000000000000e+00,0.000000000000000000e+00,0.000000000000000000e+00,0.000000000000000000e+00,0.000000000000000000e+00,0.000000000000000000e+00,0.000000000000000000e+00,0.000000000000000000e+00,0.000000000000000000e+00,0.000000000000000000e+00,0.000000000000000000e+00,0.000000000000000000e+00,0.000000000000000000e+00,0.000000000000000000e+00,0.000000000000000000e+00,0.000000000000000000e+00,0.000000000000000000e+00,0.000000000000000000e+00,0.000000000000000000e+00,0.000000000000000000e+00,0.000000000000000000e+00,0.000000000000000000e+00,0.000000000000000000e+00,0.000000000000000000e+00,0.000000000000000000e+00,0.000000000000000000e+00,0.000000000000000000e+00,0.000000000000000000e+00,0.000000000000000000e+00,0.000000000000000000e+00,0.000000000000000000e+00,0.000000000000000000e+00,0.000000000000000000e+00,0.000000000000000000e+00,0.000000000000000000e+00,0.000000000000000000e+00,0.000000000000000000e+00,0.000000000000000000e+00,0.000000000000000000e+00,0.000000000000000000e+00,0.000000000000000000e+00,0.000000000000000000e+00,0.000000000000000000e+00,0.000000000000000000e+00,0.000000000000000000e+00,0.000000000000000000e+00,0.000000000000000000e+00,0.000000000000000000e+00,0.000000000000000000e+00,0.000000000000000000e+00,0.000000000000000000e+00,0.000000000000000000e+00,0.000000000000000000e+00,0.000000000000000000e+00,0.000000000000000000e+00,0.000000000000000000e+00,0.000000000000000000e+00,0.000000000000000000e+00,0.000000000000000000e+00,0.000000000000000000e+00,0.000000000000000000e+00,0.000000000000000000e+00,0.000000000000000000e+00,0.000000000000000000e+00,0.000000000000000000e+00,0.000000000000000000e+00,0.000000000000000000e+00,0.000000000000000000e+00,0.000000000000000000e+00,0.000000000000000000e+00,0.000000000000000000e+00,0.000000000000000000e+00,0.000000000000000000e+00,0.000000000000000000e+00,0.000000000000000000e+00,0.000000000000000000e+00,0.000000000000000000e+00,0.000000000000000000e+00,0.000000000000000000e+00,0.000000000000000000e+00,0.000000000000000000e+00,0.000000000000000000e+00,0.000000000000000000e+00,0.000000000000000000e+00,0.000000000000000000e+00,0.000000000000000000e+00,0.000000000000000000e+00,0.000000000000000000e+00,0.000000000000000000e+00,0.000000000000000000e+00,0.000000000000000000e+00,0.000000000000000000e+00,0.000000000000000000e+00,0.000000000000000000e+00,0.000000000000000000e+00,0.000000000000000000e+00,0.000000000000000000e+00,0.000000000000000000e+00,0.000000000000000000e+00,0.000000000000000000e+00,0.000000000000000000e+00,0.000000000000000000e+00,0.000000000000000000e+00,0.000000000000000000e+00,0.000000000000000000e+00,0.000000000000000000e+00,0.000000000000000000e+00,0.000000000000000000e+00,0.000000000000000000e+00,0.000000000000000000e+00,0.000000000000000000e+00,0.000000000000000000e+00,0.000000000000000000e+00,0.000000000000000000e+00,0.000000000000000000e+00,0.000000000000000000e+00,0.000000000000000000e+00,0.000000000000000000e+00,0.000000000000000000e+00,0.000000000000000000e+00,0.000000000000000000e+00,0.000000000000000000e+00,0.000000000000000000e+00,0.000000000000000000e+00,0.000000000000000000e+00,0.000000000000000000e+00,0.000000000000000000e+00,0.000000000000000000e+00,0.000000000000000000e+00,0.000000000000000000e+00,0.000000000000000000e+00,0.000000000000000000e+00,0.000000000000000000e+00,0.000000000000000000e+00,0.000000000000000000e+00,0.000000000000000000e+00,0.000000000000000000e+00,0.000000000000000000e+00,0.000000000000000000e+00,0.000000000000000000e+00,0.000000000000000000e+00,0.000000000000000000e+00,0.000000000000000000e+00,0.000000000000000000e+00,0.000000000000000000e+00,0.000000000000000000e+00,0.000000000000000000e+00,0.000000000000000000e+00,0.000000000000000000e+00,0.000000000000000000e+00,0.000000000000000000e+00,0.000000000000000000e+00,0.000000000000000000e+00,0.000000000000000000e+00,0.000000000000000000e+00,0.000000000000000000e+00,0.000000000000000000e+00,0.000000000000000000e+00,0.000000000000000000e+00,0.000000000000000000e+00,0.000000000000000000e+00,0.000000000000000000e+00,0.000000000000000000e+00,0.000000000000000000e+00,0.000000000000000000e+00,0.000000000000000000e+00,0.000000000000000000e+00,0.000000000000000000e+00,0.000000000000000000e+00,0.000000000000000000e+00,0.000000000000000000e+00,0.000000000000000000e+00,0.000000000000000000e+00,0.000000000000000000e+00,0.000000000000000000e+00,0.000000000000000000e+00,0.000000000000000000e+00,0.000000000000000000e+00,0.000000000000000000e+00,0.000000000000000000e+00,0.000000000000000000e+00,0.000000000000000000e+00,0.000000000000000000e+00,0.000000000000000000e+00,0.000000000000000000e+00,0.000000000000000000e+00,0.000000000000000000e+00,0.000000000000000000e+00,0.000000000000000000e+00,0.000000000000000000e+00,0.000000000000000000e+00,0.000000000000000000e+00,0.000000000000000000e+00,0.000000000000000000e+00,0.000000000000000000e+00,0.000000000000000000e+00,0.000000000000000000e+00,0.000000000000000000e+00,0.000000000000000000e+00,0.000000000000000000e+00,0.000000000000000000e+00,0.000000000000000000e+00,0.000000000000000000e+00,0.000000000000000000e+00,0.000000000000000000e+00,0.000000000000000000e+00,0.000000000000000000e+00,0.000000000000000000e+00,0.000000000000000000e+00,0.000000000000000000e+00,0.000000000000000000e+00,0.000000000000000000e+00,0.000000000000000000e+00,0.000000000000000000e+00,0.000000000000000000e+00,0.000000000000000000e+00,0.000000000000000000e+00,0.000000000000000000e+00,0.000000000000000000e+00,0.000000000000000000e+00,0.000000000000000000e+00,0.000000000000000000e+00,0.000000000000000000e+00,0.000000000000000000e+00,0.000000000000000000e+00,0.000000000000000000e+00,0.000000000000000000e+00,0.000000000000000000e+00,0.000000000000000000e+00,0.000000000000000000e+00,0.000000000000000000e+00,0.000000000000000000e+00,0.000000000000000000e+00,0.000000000000000000e+00,0.000000000000000000e+00,0.000000000000000000e+00,0.000000000000000000e+00,0.000000000000000000e+00,0.000000000000000000e+00,0.000000000000000000e+00,0.000000000000000000e+00,0.000000000000000000e+00,0.000000000000000000e+00,0.000000000000000000e+00,0.000000000000000000e+00,0.000000000000000000e+00,0.000000000000000000e+00,0.000000000000000000e+00,0.000000000000000000e+00,0.000000000000000000e+00,0.000000000000000000e+00,0.000000000000000000e+00,0.000000000000000000e+00,0.000000000000000000e+00,0.000000000000000000e+00,0.000000000000000000e+00,0.000000000000000000e+00,0.000000000000000000e+00,0.000000000000000000e+00,0.000000000000000000e+00,0.000000000000000000e+00,0.000000000000000000e+00,0.000000000000000000e+00,0.000000000000000000e+00,0.000000000000000000e+00,0.000000000000000000e+00,0.000000000000000000e+00,0.000000000000000000e+00,0.000000000000000000e+00,0.000000000000000000e+00,0.000000000000000000e+00,0.000000000000000000e+00,0.000000000000000000e+00,0.000000000000000000e+00,0.000000000000000000e+00,0.000000000000000000e+00,0.000000000000000000e+00,0.000000000000000000e+00,0.000000000000000000e+00,0.000000000000000000e+00,0.000000000000000000e+00,0.000000000000000000e+00,0.000000000000000000e+00,0.000000000000000000e+00,0.000000000000000000e+00,0.000000000000000000e+00,0.000000000000000000e+00,0.000000000000000000e+00,0.000000000000000000e+00,0.000000000000000000e+00,0.000000000000000000e+00,0.000000000000000000e+00,0.000000000000000000e+00,0.000000000000000000e+00,0.000000000000000000e+00,0.000000000000000000e+00,0.000000000000000000e+00
0.000000000000000000e+00,1.000000000000000000e+00,2.000000000000000000e+00,3.000000000000000000e+00,4.000000000000000000e+00,5.000000000000000000e+00,6.000000000000000000e+00,7.000000000000000000e+00,8.000000000000000000e+00,9.000000000000000000e+00,1.000000000000000000e+01,1.100000000000000000e+01,1.200000000000000000e+01,1.300000000000000000e+01,1.400000000000000000e+01,1.500000000000000000e+01,1.600000000000000000e+01,1.700000000000000000e+01,1.800000000000000000e+01,1.900000000000000000e+01,2.000000000000000000e+01,2.100000000000000000e+01,2.200000000000000000e+01,2.300000000000000000e+01,2.400000000000000000e+01,2.500000000000000000e+01,2.600000000000000000e+01,2.700000000000000000e+01,2.800000000000000000e+01,2.900000000000000000e+01,3.000000000000000000e+01,3.100000000000000000e+01,3.200000000000000000e+01,3.300000000000000000e+01,3.400000000000000000e+01,3.500000000000000000e+01,3.600000000000000000e+01,3.700000000000000000e+01,3.800000000000000000e+01,3.900000000000000000e+01,4.000000000000000000e+01,4.100000000000000000e+01,4.200000000000000000e+01,4.300000000000000000e+01,4.400000000000000000e+01,4.500000000000000000e+01,4.600000000000000000e+01,4.700000000000000000e+01,4.800000000000000000e+01,4.900000000000000000e+01,5.000000000000000000e+01,5.100000000000000000e+01,5.200000000000000000e+01,5.300000000000000000e+01,5.400000000000000000e+01,5.500000000000000000e+01,5.600000000000000000e+01,5.700000000000000000e+01,5.800000000000000000e+01,5.900000000000000000e+01,6.000000000000000000e+01,6.100000000000000000e+01,6.200000000000000000e+01,6.300000000000000000e+01,6.400000000000000000e+01,6.500000000000000000e+01,6.600000000000000000e+01,6.700000000000000000e+01,6.800000000000000000e+01,6.900000000000000000e+01,7.000000000000000000e+01,7.100000000000000000e+01,7.200000000000000000e+01,7.300000000000000000e+01,7.400000000000000000e+01,7.500000000000000000e+01,7.600000000000000000e+01,7.700000000000000000e+01,7.800000000000000000e+01,7.900000000000000000e+01,8.000000000000000000e+01,8.100000000000000000e+01,8.200000000000000000e+01,8.300000000000000000e+01,8.400000000000000000e+01,8.500000000000000000e+01,8.600000000000000000e+01,8.700000000000000000e+01,8.800000000000000000e+01,8.900000000000000000e+01,9.000000000000000000e+01,9.100000000000000000e+01,9.200000000000000000e+01,9.300000000000000000e+01,9.400000000000000000e+01,9.500000000000000000e+01,9.600000000000000000e+01,9.700000000000000000e+01,9.800000000000000000e+01,9.900000000000000000e+01,1.000000000000000000e+02,1.010000000000000000e+02,1.020000000000000000e+02,1.030000000000000000e+02,1.040000000000000000e+02,1.050000000000000000e+02,1.060000000000000000e+02,1.070000000000000000e+02,1.080000000000000000e+02,1.090000000000000000e+02,1.100000000000000000e+02,1.110000000000000000e+02,1.120000000000000000e+02,1.130000000000000000e+02,1.140000000000000000e+02,1.150000000000000000e+02,1.160000000000000000e+02,1.170000000000000000e+02,1.180000000000000000e+02,1.190000000000000000e+02,1.200000000000000000e+02,1.210000000000000000e+02,1.220000000000000000e+02,1.230000000000000000e+02,1.240000000000000000e+02,1.250000000000000000e+02,1.260000000000000000e+02,1.270000000000000000e+02,1.280000000000000000e+02,1.290000000000000000e+02,1.300000000000000000e+02,1.310000000000000000e+02,1.320000000000000000e+02,1.330000000000000000e+02,1.340000000000000000e+02,1.350000000000000000e+02,1.360000000000000000e+02,1.370000000000000000e+02,1.380000000000000000e+02,1.390000000000000000e+02,1.400000000000000000e+02,1.410000000000000000e+02,1.420000000000000000e+02,1.430000000000000000e+02,1.440000000000000000e+02,1.450000000000000000e+02,1.460000000000000000e+02,1.470000000000000000e+02,1.480000000000000000e+02,1.490000000000000000e+02,1.500000000000000000e+02,1.510000000000000000e+02,1.520000000000000000e+02,1.530000000000000000e+02,1.540000000000000000e+02,1.550000000000000000e+02,1.560000000000000000e+02,1.570000000000000000e+02,1.580000000000000000e+02,1.590000000000000000e+02,1.600000000000000000e+02,1.610000000000000000e+02,1.620000000000000000e+02,1.630000000000000000e+02,1.640000000000000000e+02,1.650000000000000000e+02,1.660000000000000000e+02,1.670000000000000000e+02,1.680000000000000000e+02,1.690000000000000000e+02,1.700000000000000000e+02,1.710000000000000000e+02,1.720000000000000000e+02,1.730000000000000000e+02,1.740000000000000000e+02,1.750000000000000000e+02,1.760000000000000000e+02,1.770000000000000000e+02,1.780000000000000000e+02,1.790000000000000000e+02,1.800000000000000000e+02,1.810000000000000000e+02,1.820000000000000000e+02,1.830000000000000000e+02,1.840000000000000000e+02,1.850000000000000000e+02,1.860000000000000000e+02,1.870000000000000000e+02,1.880000000000000000e+02,1.890000000000000000e+02,1.900000000000000000e+02,1.910000000000000000e+02,1.920000000000000000e+02,1.930000000000000000e+02,1.940000000000000000e+02,1.950000000000000000e+02,1.960000000000000000e+02,1.970000000000000000e+02,1.980000000000000000e+02,1.990000000000000000e+02,2.000000000000000000e+02,2.010000000000000000e+02,2.020000000000000000e+02,2.030000000000000000e+02,2.040000000000000000e+02,2.050000000000000000e+02,2.060000000000000000e+02,2.070000000000000000e+02,2.080000000000000000e+02,2.090000000000000000e+02,2.100000000000000000e+02,2.110000000000000000e+02,2.120000000000000000e+02,2.130000000000000000e+02,2.140000000000000000e+02,2.150000000000000000e+02,2.160000000000000000e+02,2.170000000000000000e+02,2.180000000000000000e+02,2.190000000000000000e+02,2.200000000000000000e+02,2.210000000000000000e+02,2.220000000000000000e+02,2.230000000000000000e+02,2.240000000000000000e+02,2.250000000000000000e+02,2.260000000000000000e+02,2.270000000000000000e+02,2.280000000000000000e+02,2.290000000000000000e+02,2.300000000000000000e+02,2.310000000000000000e+02,2.320000000000000000e+02,2.330000000000000000e+02,2.340000000000000000e+02,2.350000000000000000e+02,2.360000000000000000e+02,2.370000000000000000e+02,2.380000000000000000e+02,2.390000000000000000e+02,2.400000000000000000e+02,2.410000000000000000e+02,2.420000000000000000e+02,2.430000000000000000e+02,2.440000000000000000e+02,2.450000000000000000e+02,2.460000000000000000e+02,2.470000000000000000e+02,2.480000000000000000e+02,2.490000000000000000e+02,2.500000000000000000e+02,2.510000000000000000e+02,2.520000000000000000e+02,2.530000000000000000e+02,2.540000000000000000e+02,2.550000000000000000e+02,2.560000000000000000e+02,2.570000000000000000e+02,2.580000000000000000e+02,2.590000000000000000e+02,2.600000000000000000e+02,2.610000000000000000e+02,2.620000000000000000e+02,2.630000000000000000e+02,2.640000000000000000e+02,2.650000000000000000e+02,2.660000000000000000e+02,2.670000000000000000e+02,2.680000000000000000e+02,2.690000000000000000e+02,2.700000000000000000e+02,2.710000000000000000e+02,2.720000000000000000e+02,2.730000000000000000e+02,2.740000000000000000e+02,2.750000000000000000e+02,2.760000000000000000e+02,2.770000000000000000e+02,2.780000000000000000e+02,2.790000000000000000e+02,2.800000000000000000e+02,2.810000000000000000e+02,2.820000000000000000e+02,2.830000000000000000e+02,2.840000000000000000e+02,2.850000000000000000e+02,2.860000000000000000e+02,2.870000000000000000e+02,2.880000000000000000e+02,2.890000000000000000e+02,2.900000000000000000e+02,2.910000000000000000e+02,2.920000000000000000e+02,2.930000000000000000e+02,2.940000000000000000e+02,2.950000000000000000e+02,2.960000000000000000e+02,2.970000000000000000e+02,2.980000000000000000e+02,2.990000000000000000e+02
0.000000000000000000e+00,2.000000000000000000e+00,4.000000000000000000e+00,6.000000000000000000e+00,8.000000000000000000e+00,1.000000000000000000e+01,1.200000000000000000e+01,1.400000000000000000e+01,1.600000000000000000e+01,1.800000000000000000e+01,2.000000000000000000e+01,2.200000000000000000e+01,2.400000000000000000e+01,2.600000000000000000e+01,2.800000000000000000e+01,3.000000000000000000e+01,3.200000000000000000e+01,3.400000000000000000e+01,3.600000000000000000e+01,3.800000000000000000e+01,4.000000000000000000e+01,4.200000000000000000e+01,4.400000000000000000e+01,4.600000000000000000e+01,4.800000000000000000e+01,5.000000000000000000e+01,5.200000000000000000e+01,5.400000000000000000e+01,5.600000000000000000e+01,5.800000000000000000e+01,6.000000000000000000e+01,6.200000000000000000e+01,6.400000000000000000e+01,6.600000000000000000e+01,6.800000000000000000e+01,7.000000000000000000e+01,7.200000000000000000e+01,7.400000000000000000e+01,7.600000000000000000e+01,7.800000000000000000e+01,8.000000000000000000e+01,8.200000000000000000e+01,8.400000000000000000e+01,8.600000000000000000e+01,8.800000000000000000e+01,9.000000000000000000e+01,9.200000000000000000e+01,9.400000000000000000e+01,9.600000000000000000e+01,9.800000000000000000e+01,1.000000000000000000e+02,1.020000000000000000e+02,1.040000000000000000e+02,1.060000000000000000e+02,1.080000000000000000e+02,1.100000000000000000e+02,1.120000000000000000e+02,1.140000000000000000e+02,1.160000000000000000e+02,1.180000000000000000e+02,1.200000000000000000e+02,1.220000000000000000e+02,1.240000000000000000e+02,1.260000000000000000e+02,1.280000000000000000e+02,1.300000000000000000e+02,1.320000000000000000e+02,1.340000000000000000e+02,1.360000000000000000e+02,1.380000000000000000e+02,1.400000000000000000e+02,1.420000000000000000e+02,1.440000000000000000e+02,1.460000000000000000e+02,1.480000000000000000e+02,1.500000000000000000e+02,1.520000000000000000e+02,1.540000000000000000e+02,1.560000000000000000e+02,1.580000000000000000e+02,1.600000000000000000e+02,1.620000000000000000e+02,1.640000000000000000e+02,1.660000000000000000e+02,1.680000000000000000e+02,1.700000000000000000e+02,1.720000000000000000e+02,1.740000000000000000e+02,1.760000000000000000e+02,1.780000000000000000e+02,1.800000000000000000e+02,1.820000000000000000e+02,1.840000000000000000e+02,1.860000000000000000e+02,1.880000000000000000e+02,1.900000000000000000e+02,1.920000000000000000e+02,1.940000000000000000e+02,1.960000000000000000e+02,1.980000000000000000e+02,2.000000000000000000e+02,2.020000000000000000e+02,2.040000000000000000e+02,2.060000000000000000e+02,2.080000000000000000e+02,2.100000000000000000e+02,2.120000000000000000e+02,2.140000000000000000e+02,2.160000000000000000e+02,2.180000000000000000e+02,2.200000000000000000e+02,2.220000000000000000e+02,2.240000000000000000e+02,2.260000000000000000e+02,2.280000000000000000e+02,2.300000000000000000e+02,2.320000000000000000e+02,2.340000000000000000e+02,2.360000000000000000e+02,2.380000000000000000e+02,2.400000000000000000e+02,2.420000000000000000e+02,2.440000000000000000e+02,2.460000000000000000e+02,2.480000000000000000e+02,2.500000000000000000e+02,2.520000000000000000e+02,2.540000000000000000e+02,2.560000000000000000e+02,2.580000000000000000e+02,2.600000000000000000e+02,2.620000000000000000e+02,2.640000000000000000e+02,2.660000000000000000e+02,2.680000000000000000e+02,2.700000000000000000e+02,2.720000000000000000e+02,2.740000000000000000e+02,2.760000000000000000e+02,2.780000000000000000e+02,2.800000000000000000e+02,2.820000000000000000e+02,2.840000000000000000e+02,2.860000000000000000e+02,2.880000000000000000e+02,2.900000000000000000e+02,2.920000000000000000e+02,2.940000000000000000e+02,2.960000000000000000e+02,2.980000000000000000e+02,3.000000000000000000e+02,3.020000000000000000e+02,3.040000000000000000e+02,3.060000000000000000e+02,3.080000000000000000e+02,3.100000000000000000e+02,3.120000000000000000e+02,3.140000000000000000e+02,3.160000000000000000e+02,3.180000000000000000e+02,3.200000000000000000e+02,3.220000000000000000e+02,3.240000000000000000e+02,3.260000000000000000e+02,3.280000000000000000e+02,3.300000000000000000e+02,3.320000000000000000e+02,3.340000000000000000e+02,3.360000000000000000e+02,3.380000000000000000e+02,3.400000000000000000e+02,3.420000000000000000e+02,3.440000000000000000e+02,3.460000000000000000e+02,3.480000000000000000e+02,3.500000000000000000e+02,3.520000000000000000e+02,3.540000000000000000e+02,3.560000000000000000e+02,3.580000000000000000e+02,3.600000000000000000e+02,3.620000000000000000e+02,3.640000000000000000e+02,3.660000000000000000e+02,3.680000000000000000e+02,3.700000000000000000e+02,3.720000000000000000e+02,3.740000000000000000e+02,3.760000000000000000e+02,3.780000000000000000e+02,3.800000000000000000e+02,3.820000000000000000e+02,3.840000000000000000e+02,3.860000000000000000e+02,3.880000000000000000e+02,3.900000000000000000e+02,3.920000000000000000e+02,3.940000000000000000e+02,3.960000000000000000e+02,3.980000000000000000e+02,4.000000000000000000e+02,4.020000000000000000e+02,4.040000000000000000e+02,4.060000000000000000e+02,4.080000000000000000e+02,4.100000000000000000e+02,4.120000000000000000e+02,4.140000000000000000e+02,4.160000000000000000e+02,4.180000000000000000e+02,4.200000000000000000e+02,4.220000000000000000e+02,4.240000000000000000e+02,4.260000000000000000e+02,4.280000000000000000e+02,4.300000000000000000e+02,4.320000000000000000e+02,4.340000000000000000e+02,4.360000000000000000e+02,4.380000000000000000e+02,4.400000000000000000e+02,4.420000000000000000e+02,4.440000000000000000e+02,4.460000000000000000e+02,4.480000000000000000e+02,4.500000000000000000e+02,4.520000000000000000e+02,4.540000000000000000e+02,4.560000000000000000e+02,4.580000000000000000e+02,4.600000000000000000e+02,4.620000000000000000e+02,4.640000000000000000e+02,4.660000000000000000e+02,4.680000000000000000e+02,4.700000000000000000e+02,4.720000000000000000e+02,4.740000000000000000e+02,4.760000000000000000e+02,4.780000000000000000e+02,4.800000000000000000e+02,4.820000000000000000e+02,4.840000000000000000e+02,4.860000000000000000e+02,4.880000000000000000e+02,4.900000000000000000e+02,4.920000000000000000e+02,4.940000000000000000e+02,4.960000000000000000e+02,4.980000000000000000e+02,5.000000000000000000e+02,5.020000000000000000e+02,5.040000000000000000e+02,5.060000000000000000e+02,5.080000000000000000e+02,5.100000000000000000e+02,5.120000000000000000e+02,5.140000000000000000e+02,5.160000000000000000e+02,5.180000000000000000e+02,5.200000000000000000e+02,5.220000000000000000e+02,5.240000000000000000e+02,5.260000000000000000e+02,5.280000000000000000e+02,5.300000000000000000e+02,5.320000000000000000e+02,5.340000000000000000e+02,5.360000000000000000e+02,5.380000000000000000e+02,5.400000000000000000e+02,5.420000000000000000e+02,5.440000000000000000e+02,5.460000000000000000e+02,5.480000000000000000e+02,5.500000000000000000e+02,5.520000000000000000e+02,5.540000000000000000e+02,5.560000000000000000e+02,5.580000000000000000e+02,5.600000000000000000e+02,5.620000000000000000e+02,5.640000000000000000e+02,5.660000000000000000e+02,5.680000000000000000e+02,5.700000000000000000e+02,5.720000000000000000e+02,5.740000000000000000e+02,5.760000000000000000e+02,5.780000000000000000e+02,5.800000000000000000e+02,5.820000000000000000e+02,5.840000000000000000e+02,5.860000000000000000e+02,5.880000000000000000e+02,5.900000000000000000e+02,5.920000000000000000e+02,5.940000000000000000e+02,5.960000000000000000e+02,5.980000000000000000e+02
0.000000000000000000e+00,3.000000000000000000e+00,6.000000000000000000e+00,9.000000000000000000e+00,1.200000000000000000e+01,1.500000000000000000e+01,1.800000000000000000e+01,2.100000000000000000e+01,2.400000000000000000e+01,2.700000000000000000e+01,3.000000000000000000e+01,3.300000000000000000e+01,3.600000000000000000e+01,3.900000000000000000e+01,4.200000000000000000e+01,4.500000000000000000e+01,4.800000000000000000e+01,5.100000000000000000e+01,5.400000000000000000e+01,5.700000000000000000e+01,6.000000000000000000e+01,6.300000000000000000e+01,6.600000000000000000e+01,6.900000000000000000e+01,7.200000000000000000e+01,7.500000000000000000e+01,7.800000000000000000e+01,8.100000000000000000e+01,8.400000000000000000e+01,8.700000000000000000e+01,9.000000000000000000e+01,9.300000000000000000e+01,9.600000000000000000e+01,9.900000000000000000e+01,1.020000000000000000e+02,1.050000000000000000e+02,1.080000000000000000e+02,1.110000000000000000e+02,1.140000000000000000e+02,1.170000000000000000e+02,1.200000000000000000e+02,1.230000000000000000e+02,1.260000000000000000e+02,1.290000000000000000e+02,1.320000000000000000e+02,1.350000000000000000e+02,1.380000000000000000e+02,1.410000000000000000e+02,1.440000000000000000e+02,1.470000000000000000e+02,1.500000000000000000e+02,1.530000000000000000e+02,1.560000000000000000e+02,1.590000000000000000e+02,1.620000000000000000e+02,1.650000000000000000e+02,1.680000000000000000e+02,1.710000000000000000e+02,1.740000000000000000e+02,1.770000000000000000e+02,1.800000000000000000e+02,1.830000000000000000e+02,1.860000000000000000e+02,1.890000000000000000e+02,1.920000000000000000e+02,1.950000000000000000e+02,1.980000000000000000e+02,2.010000000000000000e+02,2.040000000000000000e+02,2.070000000000000000e+02,2.100000000000000000e+02,2.130000000000000000e+02,2.160000000000000000e+02,2.190000000000000000e+02,2.220000000000000000e+02,2.250000000000000000e+02,2.280000000000000000e+02,2.310000000000000000e+02,2.340000000000000000e+02,2.370000000000000000e+02,2.400000000000000000e+02,2.430000000000000000e+02,2.460000000000000000e+02,2.490000000000000000e+02,2.520000000000000000e+02,2.550000000000000000e+02,2.580000000000000000e+02,2.610000000000000000e+02,2.640000000000000000e+02,2.670000000000000000e+02,2.700000000000000000e+02,2.730000000000000000e+02,2.760000000000000000e+02,2.790000000000000000e+02,2.820000000000000000e+02,2.850000000000000000e+02,2.880000000000000000e+02,2.910000000000000000e+02,2.940000000000000000e+02,2.970000000000000000e+02,3.000000000000000000e+02,3.030000000000000000e+02,3.060000000000000000e+02,3.090000000000000000e+02,3.120000000000000000e+02,3.150000000000000000e+02,3.180000000000000000e+02,3.210000000000000000e+02,3.240000000000000000e+02,3.270000000000000000e+02,3.300000000000000000e+02,3.330000000000000000e+02,3.360000000000000000e+02,3.390000000000000000e+02,3.420000000000000000e+02,3.450000000000000000e+02,3.480000000000000000e+02,3.510000000000000000e+02,3.540000000000000000e+02,3.570000000000000000e+02,3.600000000000000000e+02,3.630000000000000000e+02,3.660000000000000000e+02,3.690000000000000000e+02,3.720000000000000000e+02,3.750000000000000000e+02,3.780000000000000000e+02,3.810000000000000000e+02,3.840000000000000000e+02,3.870000000000000000e+02,3.900000000000000000e+02,3.930000000000000000e+02,3.960000000000000000e+02,3.990000000000000000e+02,4.020000000000000000e+02,4.050000000000000000e+02,4.080000000000000000e+02,4.110000000000000000e+02,4.140000000000000000e+02,4.170000000000000000e+02,4.200000000000000000e+02,4.230000000000000000e+02,4.260000000000000000e+02,4.290000000000000000e+02,4.320000000000000000e+02,4.350000000000000000e+02,4.380000000000000000e+02,4.410000000000000000e+02,4.440000000000000000e+02,4.470000000000000000e+02,4.500000000000000000e+02,4.530000000000000000e+02,4.560000000000000000e+02,4.590000000000000000e+02,4.620000000000000000e+02,4.650000000000000000e+02,4.680000000000000000e+02,4.710000000000000000e+02,4.740000000000000000e+02,4.770000000000000000e+02,4.800000000000000000e+02,4.830000000000000000e+02,4.860000000000000000e+02,4.890000000000000000e+02,4.920000000000000000e+02,4.950000000000000000e+02,4.980000000000000000e+02,5.010000000000000000e+02,5.040000000000000000e+02,5.070000000000000000e+02,5.100000000000000000e+02,5.130000000000000000e+02,5.160000000000000000e+02,5.190000000000000000e+02,5.220000000000000000e+02,5.250000000000000000e+02,5.280000000000000000e+02,5.310000000000000000e+02,5.340000000000000000e+02,5.370000000000000000e+02,5.400000000000000000e+02,5.430000000000000000e+02,5.460000000000000000e+02,5.490000000000000000e+02,5.520000000000000000e+02,5.550000000000000000e+02,5.580000000000000000e+02,5.610000000000000000e+02,5.640000000000000000e+02,5.670000000000000000e+02,5.700000000000000000e+02,5.730000000000000000e+02,5.760000000000000000e+02,5.790000000000000000e+02,5.820000000000000000e+02,5.850000000000000000e+02,5.880000000000000000e+02,5.910000000000000000e+02,5.940000000000000000e+02,5.970000000000000000e+02,6.000000000000000000e+02,6.030000000000000000e+02,6.060000000000000000e+02,6.090000000000000000e+02,6.120000000000000000e+02,6.150000000000000000e+02,6.180000000000000000e+02,6.210000000000000000e+02,6.240000000000000000e+02,6.270000000000000000e+02,6.300000000000000000e+02,6.330000000000000000e+02,6.360000000000000000e+02,6.390000000000000000e+02,6.420000000000000000e+02,6.450000000000000000e+02,6.480000000000000000e+02,6.510000000000000000e+02,6.540000000000000000e+02,6.570000000000000000e+02,6.600000000000000000e+02,6.630000000000000000e+02,6.660000000000000000e+02,6.690000000000000000e+02,6.720000000000000000e+02,6.750000000000000000e+02,6.780000000000000000e+02,6.810000000000000000e+02,6.840000000000000000e+02,6.870000000000000000e+02,6.900000000000000000e+02,6.930000000000000000e+02,6.960000000000000000e+02,6.990000000000000000e+02,7.020000000000000000e+02,7.050000000000000000e+02,7.080000000000000000e+02,7.110000000000000000e+02,7.140000000000000000e+02,7.170000000000000000e+02,7.200000000000000000e+02,7.230000000000000000e+02,7.260000000000000000e+02,7.290000000000000000e+02,7.320000000000000000e+02,7.350000000000000000e+02,7.380000000000000000e+02,7.410000000000000000e+02,7.440000000000000000e+02,7.470000000000000000e+02,7.500000000000000000e+02,7.530000000000000000e+02,7.560000000000000000e+02,7.590000000000000000e+02,7.620000000000000000e+02,7.650000000000000000e+02,7.680000000000000000e+02,7.710000000000000000e+02,7.740000000000000000e+02,7.770000000000000000e+02,7.800000000000000000e+02,7.830000000000000000e+02,7.860000000000000000e+02,7.890000000000000000e+02,7.920000000000000000e+02,7.950000000000000000e+02,7.980000000000000000e+02,8.010000000000000000e+02,8.040000000000000000e+02,8.070000000000000000e+02,8.100000000000000000e+02,8.130000000000000000e+02,8.160000000000000000e+02,8.190000000000000000e+02,8.220000000000000000e+02,8.250000000000000000e+02,8.280000000000000000e+02,8.310000000000000000e+02,8.340000000000000000e+02,8.370000000000000000e+02,8.400000000000000000e+02,8.430000000000000000e+02,8.460000000000000000e+02,8.490000000000000000e+02,8.520000000000000000e+02,8.550000000000000000e+02,8.580000000000000000e+02,8.610000000000000000e+02,8.640000000000000000e+02,8.670000000000000000e+02,8.700000000000000000e+02,8.730000000000000000e+02,8.760000000000000000e+02,8.790000000000000000e+02,8.820000000000000000e+02,8.850000000000000000e+02,8.880000000000000000e+02,8.910000000000000000e+02,8.940000000000000000e+02,8.970000000000000000e+02
0.000000000000000000e+00,4.000000000000000000e+00,8.000000000000000000e+00,1.200000000000000000e+01,1.600000000000000000e+01,2.000000000000000000e+01,2.400000000000000000e+01,2.800000000000000000e+01,3.200000000000000000e+01,3.600000000000000000e+01,4.000000000000000000e+01,4.400000000000000000e+01,4.800000000000000000e+01,5.200000000000000000e+01,5.600000000000000000e+01,6.000000000000000000e+01,6.400000000000000000e+01,6.800000000000000000e+01,7.200000000000000000e+01,7.600000000000000000e+01,8.000000000000000000e+01,8.400000000000000000e+01,8.800000000000000000e+01,9.200000000000000000e+01,9.600000000000000000e+01,1.000000000000000000e+02,1.040000000000000000e+02,1.080000000000000000e+02,1.120000000000000000e+02,1.160000000000000000e+02,1.200000000000000000e+02,1.240000000000000000e+02,1.280000000000000000e+02,1.320000000000000000e+02,1.360000000000000000e+02,1.400000000000000000e+02,1.440000000000000000e+02,1.480000000000000000e+02,1.520000000000000000e+02,1.560000000000000000e+02,1.600000000000000000e+02,1.640000000000000000e+02,1.680000000000000000e+02,1.720000000000000000e+02,1.760000000000000000e+02,1.800000000000000000e+02,1.840000000000000000e+02,1.880000000000000000e+02,1.920000000000000000e+02,1.960000000000000000e+02,2.000000000000000000e+02,2.040000000000000000e+02,2.080000000000000000e+02,2.120000000000000000e+02,2.160000000000000000e+02,2.200000000000000000e+02,2.240000000000000000e+02,2.280000000000000000e+02,2.320000000000000000e+02,2.360000000000000000e+02,2.400000000000000000e+02,2.440000000000000000e+02,2.480000000000000000e+02,2.520000000000000000e+02,2.560000000000000000e+02,2.600000000000000000e+02,2.640000000000000000e+02,2.680000000000000000e+02,2.720000000000000000e+02,2.760000000000000000e+02,2.800000000000000000e+02,2.840000000000000000e+02,2.880000000000000000e+02,2.920000000000000000e+02,2.960000000000000000e+02,3.000000000000000000e+02,3.040000000000000000e+02,3.080000000000000000e+02,3.120000000000000000e+02,3.160000000000000000e+02,3.200000000000000000e+02,3.240000000000000000e+02,3.280000000000000000e+02,3.320000000000000000e+02,3.360000000000000000e+02,3.400000000000000000e+02,3.440000000000000000e+02,3.480000000000000000e+02,3.520000000000000000e+02,3.560000000000000000e+02,3.600000000000000000e+02,3.640000000000000000e+02,3.680000000000000000e+02,3.720000000000000000e+02,3.760000000000000000e+02,3.800000000000000000e+02,3.840000000000000000e+02,3.880000000000000000e+02,3.920000000000000000e+02,3.960000000000000000e+02,4.000000000000000000e+02,4.040000000000000000e+02,4.080000000000000000e+02,4.120000000000000000e+02,4.160000000000000000e+02,4.200000000000000000e+02,4.240000000000000000e+02,4.280000000000000000e+02,4.320000000000000000e+02,4.360000000000000000e+02,4.400000000000000000e+02,4.440000000000000000e+02,4.480000000000000000e+02,4.520000000000000000e+02,4.560000000000000000e+02,4.600000000000000000e+02,4.640000000000000000e+02,4.680000000000000000e+02,4.720000000000000000e+02,4.760000000000000000e+02,4.800000000000000000e+02,4.840000000000000000e+02,4.880000000000000000e+02,4.920000000000000000e+02,4.960000000000000000e+02,5.000000000000000000e+02,5.040000000000000000e+02,5.080000000000000000e+02,5.120000000000000000e+02,5.160000000000000000e+02,5.200000000000000000e+02,5.240000000000000000e+02,5.280000000000000000e+02,5.320000000000000000e+02,5.360000000000000000e+02,5.400000000000000000e+02,5.440000000000000000e+02,5.480000000000000000e+02,5.520000000000000000e+02,5.560000000000000000e+02,5.600000000000000000e+02,5.640000000000000000e+02,5.680000000000000000e+02,5.720000000000000000e+02,5.760000000000000000e+02,5.800000000000000000e+02,5.840000000000000000e+02,5.880000000000000000e+02,5.920000000000000000e+02,5.960000000000000000e+02,6.000000000000000000e+02,6.040000000000000000e+02,6.080000000000000000e+02,6.120000000000000000e+02,6.160000000000000000e+02,6.200000000000000000e+02,6.240000000000000000e+02,6.280000000000000000e+02,6.320000000000000000e+02,6.360000000000000000e+02,6.400000000000000000e+02,6.440000000000000000e+02,6.480000000000000000e+02,6.520000000000000000e+02,6.560000000000000000e+02,6.600000000000000000e+02,6.640000000000000000e+02,6.680000000000000000e+02,6.720000000000000000e+02,6.760000000000000000e+02,6.800000000000000000e+02,6.840000000000000000e+02,6.880000000000000000e+02,6.920000000000000000e+02,6.960000000000000000e+02,7.000000000000000000e+02,7.040000000000000000e+02,7.080000000000000000e+02,7.120000000000000000e+02,7.160000000000000000e+02,7.200000000000000000e+02,7.240000000000000000e+02,7.280000000000000000e+02,7.320000000000000000e+02,7.360000000000000000e+02,7.400000000000000000e+02,7.440000000000000000e+02,7.480000000000000000e+02,7.520000000000000000e+02,7.560000000000000000e+02,7.600000000000000000e+02,7.640000000000000000e+02,7.680000000000000000e+02,7.720000000000000000e+02,7.760000000000000000e+02,7.800000000000000000e+02,7.840000000000000000e+02,7.880000000000000000e+02,7.920000000000000000e+02,7.960000000000000000e+02,8.000000000000000000e+02,8.040000000000000000e+02,8.080000000000000000e+02,8.120000000000000000e+02,8.160000000000000000e+02,8.200000000000000000e+02,8.240000000000000000e+02,8.280000000000000000e+02,8.320000000000000000e+02,8.360000000000000000e+02,8.400000000000000000e+02,8.440000000000000000e+02,8.480000000000000000e+02,8.520000000000000000e+02,8.560000000000000000e+02,8.600000000000000000e+02,8.640000000000000000e+02,8.680000000000000000e+02,8.720000000000000000e+02,8.760000000000000000e+02,8.800000000000000000e+02,8.840000000000000000e+02,8.880000000000000000e+02,8.920000000000000000e+02,8.960000000000000000e+02,9.000000000000000000e+02,9.040000000000000000e+02,9.080000000000000000e+02,9.120000000000000000e+02,9.160000000000000000e+02,9.200000000000000000e+02,9.240000000000000000e+02,9.280000000000000000e+02,9.320000000000000000e+02,9.360000000000000000e+02,9.400000000000000000e+02,9.440000000000000000e+02,9.480000000000000000e+02,9.520000000000000000e+02,9.560000000000000000e+02,9.600000000000000000e+02,9.640000000000000000e+02,9.680000000000000000e+02,9.720000000000000000e+02,9.760000000000000000e+02,9.800000000000000000e+02,9.840000000000000000e+02,9.880000000000000000e+02,9.920000000000000000e+02,9.960000000000000000e+02,1.000000000000000000e+03,1.004000000000000000e+03,1.008000000000000000e+03,1.012000000000000000e+03,1.016000000000000000e+03,1.020000000000000000e+03,1.024000000000000000e+03,1.028000000000000000e+03,1.032000000000000000e+03,1.036000000000000000e+03,1.040000000000000000e+03,1.044000000000000000e+03,1.048000000000000000e+03,1.052000000000000000e+03,1.056000000000000000e+03,1.060000000000000000e+03,1.064000000000000000e+03,1.068000000000000000e+03,1.072000000000000000e+03,1.076000000000000000e+03,1.080000000000000000e+03,1.084000000000000000e+03,1.088000000000000000e+03,1.092000000000000000e+03,1.096000000000000000e+03,1.100000000000000000e+03,1.104000000000000000e+03,1.108000000000000000e+03,1.112000000000000000e+03,1.116000000000000000e+03,1.120000000000000000e+03,1.124000000000000000e+03,1.128000000000000000e+03,1.132000000000000000e+03,1.136000000000000000e+03,1.140000000000000000e+03,1.144000000000000000e+03,1.148000000000000000e+03,1.152000000000000000e+03,1.156000000000000000e+03,1.160000000000000000e+03,1.164000000000000000e+03,1.168000000000000000e+03,1.172000000000000000e+03,1.176000000000000000e+03,1.180000000000000000e+03,1.184000000000000000e+03,1.188000000000000000e+03,1.192000000000000000e+03,1.196000000000000000e+03
0.000000000000000000e+00,5.000000000000000000e+00,1.000000000000000000e+01,1.500000000000000000e+01,2.000000000000000000e+01,2.500000000000000000e+01,3.000000000000000000e+01,3.500000000000000000e+01,4.000000000000000000e+01,4.500000000000000000e+01,5.000000000000000000e+01,5.500000000000000000e+01,6.000000000000000000e+01,6.500000000000000000e+01,7.000000000000000000e+01,7.500000000000000000e+01,8.000000000000000000e+01,8.500000000000000000e+01,9.000000000000000000e+01,9.500000000000000000e+01,1.000000000000000000e+02,1.050000000000000000e+02,1.100000000000000000e+02,1.150000000000000000e+02,1.200000000000000000e+02,1.250000000000000000e+02,1.300000000000000000e+02,1.350000000000000000e+02,1.400000000000000000e+02,1.450000000000000000e+02,1.500000000000000000e+02,1.550000000000000000e+02,1.600000000000000000e+02,1.650000000000000000e+02,1.700000000000000000e+02,1.750000000000000000e+02,1.800000000000000000e+02,1.850000000000000000e+02,1.900000000000000000e+02,1.950000000000000000e+02,2.000000000000000000e+02,2.050000000000000000e+02,2.100000000000000000e+02,2.150000000000000000e+02,2.200000000000000000e+02,2.250000000000000000e+02,2.300000000000000000e+02,2.350000000000000000e+02,2.400000000000000000e+02,2.450000000000000000e+02,2.500000000000000000e+02,2.550000000000000000e+02,2.600000000000000000e+02,2.650000000000000000e+02,2.700000000000000000e+02,2.750000000000000000e+02,2.800000000000000000e+02,2.850000000000000000e+02,2.900000000000000000e+02,2.950000000000000000e+02,3.000000000000000000e+02,3.050000000000000000e+02,3.100000000000000000e+02,3.150000000000000000e+02,3.200000000000000000e+02,3.250000000000000000e+02,3.300000000000000000e+02,3.350000000000000000e+02,3.400000000000000000e+02,3.450000000000000000e+02,3.500000000000000000e+02,3.550000000000000000e+02,3.600000000000000000e+02,3.650000000000000000e+02,3.700000000000000000e+02,3.750000000000000000e+02,3.800000000000000000e+02,3.850000000000000000e+02,3.900000000000000000e+02,3.950000000000000000e+02,4.000000000000000000e+02,4.050000000000000000e+02,4.100000000000000000e+02,4.150000000000000000e+02,4.200000000000000000e+02,4.250000000000000000e+02,4.300000000000000000e+02,4.350000000000000000e+02,4.400000000000000000e+02,4.450000000000000000e+02,4.500000000000000000e+02,4.550000000000000000e+02,4.600000000000000000e+02,4.650000000000000000e+02,4.700000000000000000e+02,4.750000000000000000e+02,4.800000000000000000e+02,4.850000000000000000e+02,4.900000000000000000e+02,4.950000000000000000e+02,5.000000000000000000e+02,5.050000000000000000e+02,5.100000000000000000e+02,5.150000000000000000e+02,5.200000000000000000e+02,5.250000000000000000e+02,5.300000000000000000e+02,5.350000000000000000e+02,5.400000000000000000e+02,5.450000000000000000e+02,5.500000000000000000e+02,5.550000000000000000e+02,5.600000000000000000e+02,5.650000000000000000e+02,5.700000000000000000e+02,5.750000000000000000e+02,5.800000000000000000e+02,5.850000000000000000e+02,5.900000000000000000e+02,5.950000000000000000e+02,6.000000000000000000e+02,6.050000000000000000e+02,6.100000000000000000e+02,6.150000000000000000e+02,6.200000000000000000e+02,6.250000000000000000e+02,6.300000000000000000e+02,6.350000000000000000e+02,6.400000000000000000e+02,6.450000000000000000e+02,6.500000000000000000e+02,6.550000000000000000e+02,6.600000000000000000e+02,6.650000000000000000e+02,6.700000000000000000e+02,6.750000000000000000e+02,6.800000000000000000e+02,6.850000000000000000e+02,6.900000000000000000e+02,6.950000000000000000e+02,7.000000000000000000e+02,7.050000000000000000e+02,7.100000000000000000e+02,7.150000000000000000e+02,7.200000000000000000e+02,7.250000000000000000e+02,7.300000000000000000e+02,7.350000000000000000e+02,7.400000000000000000e+02,7.450000000000000000e+02,7.500000000000000000e+02,7.550000000000000000e+02,7.600000000000000000e+02,7.650000000000000000e+02,7.700000000000000000e+02,7.750000000000000000e+02,7.800000000000000000e+02,7.850000000000000000e+02,7.900000000000000000e+02,7.950000000000000000e+02,8.000000000000000000e+02,8.050000000000000000e+02,8.100000000000000000e+02,8.150000000000000000e+02,8.200000000000000000e+02,8.250000000000000000e+02,8.300000000000000000e+02,8.350000000000000000e+02,8.400000000000000000e+02,8.450000000000000000e+02,8.500000000000000000e+02,8.550000000000000000e+02,8.600000000000000000e+02,8.650000000000000000e+02,8.700000000000000000e+02,8.750000000000000000e+02,8.800000000000000000e+02,8.850000000000000000e+02,8.900000000000000000e+02,8.950000000000000000e+02,9.000000000000000000e+02,9.050000000000000000e+02,9.100000000000000000e+02,9.150000000000000000e+02,9.200000000000000000e+02,9.250000000000000000e+02,9.300000000000000000e+02,9.350000000000000000e+02,9.400000000000000000e+02,9.450000000000000000e+02,9.500000000000000000e+02,9.550000000000000000e+02,9.600000000000000000e+02,9.650000000000000000e+02,9.700000000000000000e+02,9.750000000000000000e+02,9.800000000000000000e+02,9.850000000000000000e+02,9.900000000000000000e+02,9.950000000000000000e+02,1.000000000000000000e+03,1.005000000000000000e+03,1.010000000000000000e+03,1.015000000000000000e+03,1.020000000000000000e+03,1.025000000000000000e+03,1.030000000000000000e+03,1.035000000000000000e+03,1.040000000000000000e+03,1.045000000000000000e+03,1.050000000000000000e+03,1.055000000000000000e+03,1.060000000000000000e+03,1.065000000000000000e+03,1.070000000000000000e+03,1.075000000000000000e+03,1.080000000000000000e+03,1.085000000000000000e+03,1.090000000000000000e+03,1.095000000000000000e+03,1.100000000000000000e+03,1.105000000000000000e+03,1.110000000000000000e+03,1.115000000000000000e+03,1.120000000000000000e+03,1.125000000000000000e+03,1.130000000000000000e+03,1.135000000000000000e+03,1.140000000000000000e+03,1.145000000000000000e+03,1.150000000000000000e+03,1.155000000000000000e+03,1.160000000000000000e+03,1.165000000000000000e+03,1.170000000000000000e+03,1.175000000000000000e+03,1.180000000000000000e+03,1.185000000000000000e+03,1.190000000000000000e+03,1.195000000000000000e+03,1.200000000000000000e+03,1.205000000000000000e+03,1.210000000000000000e+03,1.215000000000000000e+03,1.220000000000000000e+03,1.225000000000000000e+03,1.230000000000000000e+03,1.235000000000000000e+03,1.240000000000000000e+03,1.245000000000000000e+03,1.250000000000000000e+03,1.255000000000000000e+03,1.260000000000000000e+03,1.265000000000000000e+03,1.270000000000000000e+03,1.275000000000000000e+03,1.280000000000000000e+03,1.285000000000000000e+03,1.290000000000000000e+03,1.295000000000000000e+03,1.300000000000000000e+03,1.305000000000000000e+03,1.310000000000000000e+03,1.315000000000000000e+03,1.320000000000000000e+03,1.325000000000000000e+03,1.330000000000000000e+03,1.335000000000000000e+03,1.340000000000000000e+03,1.345000000000000000e+03,1.350000000000000000e+03,1.355000000000000000e+03,1.360000000000000000e+03,1.365000000000000000e+03,1.370000000000000000e+03,1.375000000000000000e+03,1.380000000000000000e+03,1.385000000000000000e+03,1.390000000000000000e+03,1.395000000000000000e+03,1.400000000000000000e+03,1.405000000000000000e+03,1.410000000000000000e+03,1.415000000000000000e+03,1.420000000000000000e+03,1.425000000000000000e+03,1.430000000000000000e+03,1.435000000000000000e+03,1.440000000000000000e+03,1.445000000000000000e+03,1.450000000000000000e+03,1.455000000000000000e+03,1.460000000000000000e+03,1.465000000000000000e+03,1.470000000000000000e+03,1.475000000000000000e+03,1.480000000000000000e+03,1.485000000000000000e+03,1.490000000000000000e+03,1.495000000000000000e+03
0.000000000000000000e+00,6.000000000000000000e+00,1.200000000000000000e+01,1.800000000000000000e+01,2.400000000000000000e+01,3.000000000000000000e+01,3.600000000000000000e+01,4.200000000000000000e+01,4.800000000000000000e+01,5.400000000000000000e+01,6.000000000000000000e+01,6.600000000000000000e+01,7.200000000000000000e+01,7.800000000000000000e+01,8.400000000000000000e+01,9.000000000000000000e+01,9.600000000000000000e+01,1.020000000000000000e+02,1.080000000000000000e+02,1.140000000000000000e+02,1.200000000000000000e+02,1.260000000000000000e+02,1.320000000000000000e+02,1.380000000000000000e+02,1.440000000000000000e+02,1.500000000000000000e+02,1.560000000000000000e+02,1.620000000000000000e+02,1.680000000000000000e+02,1.740000000000000000e+02,1.800000000000000000e+02,1.860000000000000000e+02,1.920000000000000000e+02,1.980000000000000000e+02,2.040000000000000000e+02,2.100000000000000000e+02,2.160000000000000000e+02,2.220000000000000000e+02,2.280000000000000000e+02,2.340000000000000000e+02,2.400000000000000000e+02,2.460000000000000000e+02,2.520000000000000000e+02,2.580000000000000000e+02,2.640000000000000000e+02,2.700000000000000000e+02,2.760000000000000000e+02,2.820000000000000000e+02,2.880000000000000000e+02,2.940000000000000000e+02,3.000000000000000000e+02,3.060000000000000000e+02,3.120000000000000000e+02,3.180000000000000000e+02,3.240000000000000000e+02,3.300000000000000000e+02,3.360000000000000000e+02,3.420000000000000000e+02,3.480000000000000000e+02,3.540000000000000000e+02,3.600000000000000000e+02,3.660000000000000000e+02,3.720000000000000000e+02,3.780000000000000000e+02,3.840000000000000000e+02,3.900000000000000000e+02,3.960000000000000000e+02,4.020000000000000000e+02,4.080000000000000000e+02,4.140000000000000000e+02,4.200000000000000000e+02,4.260000000000000000e+02,4.320000000000000000e+02,4.380000000000000000e+02,4.440000000000000000e+02,4.500000000000000000e+02,4.560000000000000000e+02,4.620000000000000000e+02,4.680000000000000000e+02,4.740000000000000000e+02,4.800000000000000000e+02,4.860000000000000000e+02,4.920000000000000000e+02,4.980000000000000000e+02,5.040000000000000000e+02,5.100000000000000000e+02,5.160000000000000000e+02,5.220000000000000000e+02,5.280000000000000000e+02,5.340000000000000000e+02,5.400000000000000000e+02,5.460000000000000000e+02,5.520000000000000000e+02,5.580000000000000000e+02,5.640000000000000000e+02,5.700000000000000000e+02,5.760000000000000000e+02,5.820000000000000000e+02,5.880000000000000000e+02,5.940000000000000000e+02,6.000000000000000000e+02,6.060000000000000000e+02,6.120000000000000000e+02,6.180000000000000000e+02,6.240000000000000000e+02,6.300000000000000000e+02,6.360000000000000000e+02,6.420000000000000000e+02,6.480000000000000000e+02,6.540000000000000000e+02,6.600000000000000000e+02,6.660000000000000000e+02,6.720000000000000000e+02,6.780000000000000000e+02,6.840000000000000000e+02,6.900000000000000000e+02,6.960000000000000000e+02,7.020000000000000000e+02,7.080000000000000000e+02,7.140000000000000000e+02,7.200000000000000000e+02,7.260000000000000000e+02,7.320000000000000000e+02,7.380000000000000000e+02,7.440000000000000000e+02,7.500000000000000000e+02,7.560000000000000000e+02,7.620000000000000000e+02,7.680000000000000000e+02,7.740000000000000000e+02,7.800000000000000000e+02,7.860000000000000000e+02,7.920000000000000000e+02,7.980000000000000000e+02,8.040000000000000000e+02,8.100000000000000000e+02,8.160000000000000000e+02,8.220000000000000000e+02,8.280000000000000000e+02,8.340000000000000000e+02,8.400000000000000000e+02,8.460000000000000000e+02,8.520000000000000000e+02,8.580000000000000000e+02,8.640000000000000000e+02,8.700000000000000000e+02,8.760000000000000000e+02,8.820000000000000000e+02,8.880000000000000000e+02,8.940000000000000000e+02,9.000000000000000000e+02,9.060000000000000000e+02,9.120000000000000000e+02,9.180000000000000000e+02,9.240000000000000000e+02,9.300000000000000000e+02,9.360000000000000000e+02,9.420000000000000000e+02,9.480000000000000000e+02,9.540000000000000000e+02,9.600000000000000000e+02,9.660000000000000000e+02,9.720000000000000000e+02,9.780000000000000000e+02,9.840000000000000000e+02,9.900000000000000000e+02,9.960000000000000000e+02,1.002000000000000000e+03,1.008000000000000000e+03,1.014000000000000000e+03,1.020000000000000000e+03,1.026000000000000000e+03,1.032000000000000000e+03,1.038000000000000000e+03,1.044000000000000000e+03,1.050000000000000000e+03,1.056000000000000000e+03,1.062000000000000000e+03,1.068000000000000000e+03,1.074000000000000000e+03,1.080000000000000000e+03,1.086000000000000000e+03,1.092000000000000000e+03,1.098000000000000000e+03,1.104000000000000000e+03,1.110000000000000000e+03,1.116000000000000000e+03,1.122000000000000000e+03,1.128000000000000000e+03,1.134000000000000000e+03,1.140000000000000000e+03,1.146000000000000000e+03,1.152000000000000000e+03,1.158000000000000000e+03,1.164000000000000000e+03,1.170000000000000000e+03,1.176000000000000000e+03,1.182000000000000000e+03,1.188000000000000000e+03,1.194000000000000000e+03,1.200000000000000000e+03,1.206000000000000000e+03,1.212000000000000000e+03,1.218000000000000000e+03,1.224000000000000000e+03,1.230000000000000000e+03,1.236000000000000000e+03,1.242000000000000000e+03,1.248000000000000000e+03,1.254000000000000000e+03,1.260000000000000000e+03,1.266000000000000000e+03,1.272000000000000000e+03,1.278000000000000000e+03,1.284000000000000000e+03,1.290000000000000000e+03,1.296000000000000000e+03,1.302000000000000000e+03,1.308000000000000000e+03,1.314000000000000000e+03,1.320000000000000000e+03,1.326000000000000000e+03,1.332000000000000000e+03,1.338000000000000000e+03,1.344000000000000000e+03,1.350000000000000000e+03,1.356000000000000000e+03,1.362000000000000000e+03,1.368000000000000000e+03,1.374000000000000000e+03,1.380000000000000000e+03,1.386000000000000000e+03,1.392000000000000000e+03,1.398000000000000000e+03,1.404000000000000000e+03,1.410000000000000000e+03,1.416000000000000000e+03,1.422000000000000000e+03,1.428000000000000000e+03,1.434000000000000000e+03,1.440000000000000000e+03,1.446000000000000000e+03,1.452000000000000000e+03,1.458000000000000000e+03,1.464000000000000000e+03,1.470000000000000000e+03,1.476000000000000000e+03,1.482000000000000000e+03,1.488000000000000000e+03,1.494000000000000000e+03,1.500000000000000000e+03,1.506000000000000000e+03,1.512000000000000000e+03,1.518000000000000000e+03,1.524000000000000000e+03,1.530000000000000000e+03,1.536000000000000000e+03,1.542000000000000000e+03,1.548000000000000000e+03,1.554000000000000000e+03,1.560000000000000000e+03,1.566000000000000000e+03,1.572000000000000000e+03,1.578000000000000000e+03,1.584000000000000000e+03,1.590000000000000000e+03,1.596000000000000000e+03,1.602000000000000000e+03,1.608000000000000000e+03,1.614000000000000000e+03,1.620000000000000000e+03,1.626000000000000000e+03,1.632000000000000000e+03,1.638000000000000000e+03,1.644000000000000000e+03,1.650000000000000000e+03,1.656000000000000000e+03,1.662000000000000000e+03,1.668000000000000000e+03,1.674000000000000000e+03,1.680000000000000000e+03,1.686000000000000000e+03,1.692000000000000000e+03,1.698000000000000000e+03,1.704000000000000000e+03,1.710000000000000000e+03,1.716000000000000000e+03,1.722000000000000000e+03,1.728000000000000000e+03,1.734000000000000000e+03,1.740000000000000000e+03,1.746000000000000000e+03,1.752000000000000000e+03,1.758000000000000000e+03,1.764000000000000000e+03,1.770000000000000000e+03,1.776000000000000000e+03,1.782000000000000000e+03,1.788000000000000000e+03,1.794000000000000000e+03
0.000000000000000000e+00,7.000000000000000000e+00,1.400000000000000000e+01,2.100000000000000000e+01,2.800000000000000000e+01,3.500000000000000000e+01,4.200000000000000000e+01,4.900000000000000000e+01,5.600000000000000000e+01,6.300000000000000000e+01,7.000000000000000000e+01,7.700000000000000000e+01,8.400000000000000000e+01,9.100000000000000000e+01,9.800000000000000000e+01,1.050000000000000000e+02,1.120000000000000000e+02,1.190000000000000000e+02,1.260000000000000000e+02,1.330000000000000000e+02,1.400000000000000000e+02,1.470000000000000000e+02,1.540000000000000000e+02,1.610000000000000000e+02,1.680000000000000000e+02,1.750000000000000000e+02,1.820000000000000000e+02,1.890000000000000000e+02,1.960000000000000000e+02,2.030000000000000000e+02,2.100000000000000000e+02,2.170000000000000000e+02,2.240000000000000000e+02,2.310000000000000000e+02,2.380000000000000000e+02,2.450000000000000000e+02,2.520000000000000000e+02,2.590000000000000000e+02,2.660000000000000000e+02,2.730000000000000000e+02,2.800000000000000000e+02,2.870000000000000000e+02,2.940000000000000000e+02,3.010000000000000000e+02,3.080000000000000000e+02,3.150000000000000000e+02,3.220000000000000000e+02,3.290000000000000000e+02,3.360000000000000000e+02,3.430000000000000000e+02,3.500000000000000000e+02,3.570000000000000000e+02,3.640000000000000000e+02,3.710000000000000000e+02,3.780000000000000000e+02,3.850000000000000000e+02,3.920000000000000000e+02,3.990000000000000000e+02,4.060000000000000000e+02,4.130000000000000000e+02,4.200000000000000000e+02,4.270000000000000000e+02,4.340000000000000000e+02,4.410000000000000000e+02,4.480000000000000000e+02,4.550000000000000000e+02,4.620000000000000000e+02,4.690000000000000000e+02,4.760000000000000000e+02,4.830000000000000000e+02,4.900000000000000000e+02,4.970000000000000000e+02,5.040000000000000000e+02,5.110000000000000000e+02,5.180000000000000000e+02,5.250000000000000000e+02,5.320000000000000000e+02,5.390000000000000000e+02,5.460000000000000000e+02,5.530000000000000000e+02,5.600000000000000000e+02,5.670000000000000000e+02,5.740000000000000000e+02,5.810000000000000000e+02,5.880000000000000000e+02,5.950000000000000000e+02,6.020000000000000000e+02,6.090000000000000000e+02,6.160000000000000000e+02,6.230000000000000000e+02,6.300000000000000000e+02,6.370000000000000000e+02,6.440000000000000000e+02,6.510000000000000000e+02,6.580000000000000000e+02,6.650000000000000000e+02,6.720000000000000000e+02,6.790000000000000000e+02,6.860000000000000000e+02,6.930000000000000000e+02,7.000000000000000000e+02,7.070000000000000000e+02,7.140000000000000000e+02,7.210000000000000000e+02,7.280000000000000000e+02,7.350000000000000000e+02,7.420000000000000000e+02,7.490000000000000000e+02,7.560000000000000000e+02,7.630000000000000000e+02,7.700000000000000000e+02,7.770000000000000000e+02,7.840000000000000000e+02,7.910000000000000000e+02,7.980000000000000000e+02,8.050000000000000000e+02,8.120000000000000000e+02,8.190000000000000000e+02,8.260000000000000000e+02,8.330000000000000000e+02,8.400000000000000000e+02,8.470000000000000000e+02,8.540000000000000000e+02,8.610000000000000000e+02,8.680000000000000000e+02,8.750000000000000000e+02,8.820000000000000000e+02,8.890000000000000000e+02,8.960000000000000000e+02,9.030000000000000000e+02,9.100000000000000000e+02,9.170000000000000000e+02,9.240000000000000000e+02,9.310000000000000000e+02,9.380000000000000000e+02,9.450000000000000000e+02,9.520000000000000000e+02,9.590000000000000000e+02,9.660000000000000000e+02,9.730000000000000000e+02,9.800000000000000000e+02,9.870000000000000000e+02,9.940000000000000000e+02,1.001000000000000000e+03,1.008000000000000000e+03,1.015000000000000000e+03,1.022000000000000000e+03,1.029000000000000000e+03,1.036000000000000000e+03,1.043000000000000000e+03,1.050000000000000000e+03,1.057000000000000000e+03,1.064000000000000000e+03,1.071000000000000000e+03,1.078000000000000000e+03,1.085000000000000000e+03,1.092000000000000000e+03,1.099000000000000000e+03,1.106000000000000000e+03,1.113000000000000000e+03,1.120000000000000000e+03,1.127000000000000000e+03,1.134000000000000000e+03,1.141000000000000000e+03,1.148000000000000000e+03,1.155000000000000000e+03,1.162000000000000000e+03,1.169000000000000000e+03,1.176000000000000000e+03,1.183000000000000000e+03,1.190000000000000000e+03,1.197000000000000000e+03,1.204000000000000000e+03,1.211000000000000000e+03,1.218000000000000000e+03,1.225000000000000000e+03,1.232000000000000000e+03,1.239000000000000000e+03,1.246000000000000000e+03,1.253000000000000000e+03,1.260000000000000000e+03,1.267000000000000000e+03,1.274000000000000000e+03,1.281000000000000000e+03,1.288000000000000000e+03,1.295000000000000000e+03,1.302000000000000000e+03,1.309000000000000000e+03,1.316000000000000000e+03,1.323000000000000000e+03,1.330000000000000000e+03,1.337000000000000000e+03,1.344000000000000000e+03,1.351000000000000000e+03,1.358000000000000000e+03,1.365000000000000000e+03,1.372000000000000000e+03,1.379000000000000000e+03,1.386000000000000000e+03,1.393000000000000000e+03,1.400000000000000000e+03,1.407000000000000000e+03,1.414000000000000000e+03,1.421000000000000000e+03,1.428000000000000000e+03,1.435000000000000000e+03,1.442000000000000000e+03,1.449000000000000000e+03,1.456000000000000000e+03,1.463000000000000000e+03,1.470000000000000000e+03,1.477000000000000000e+03,1.484000000000000000e+03,1.491000000000000000e+03,1.498000000000000000e+03,1.505000000000000000e+03,1.512000000000000000e+03,1.519000000000000000e+03,1.526000000000000000e+03,1.533000000000000000e+03,1.540000000000000000e+03,1.547000000000000000e+03,1.554000000000000000e+03,1.561000000000000000e+03,1.568000000000000000e+03,1.575000000000000000e+03,1.582000000000000000e+03,1.589000000000000000e+03,1.596000000000000000e+03,1.603000000000000000e+03,1.610000000000000000e+03,1.617000000000000000e+03,1.624000000000000000e+03,1.631000000000000000e+03,1.638000000000000000e+03,1.645000000000000000e+03,1.652000000000000000e+03,1.659000000000000000e+03,1.666000000000000000e+03,1.673000000000000000e+03,1.680000000000000000e+03,1.687000000000000000e+03,1.694000000000000000e+03,1.701000000000000000e+03,1.708000000000000000e+03,1.715000000000000000e+03,1.722000000000000000e+03,1.729000000000000000e+03,1.736000000000000000e+03,1.743000000000000000e+03,1.750000000000000000e+03,1.757000000000000000e+03,1.764000000000000000e+03,1.771000000000000000e+03,1.778000000000000000e+03,1.785000000000000000e+03,1.792000000000000000e+03,1.799000000000000000e+03,1.806000000000000000e+03,1.813000000000000000e+03,1.820000000000000000e+03,1.827000000000000000e+03,1.834000000000000000e+03,1.841000000000000000e+03,1.848000000000000000e+03,1.855000000000000000e+03,1.862000000000000000e+03,1.869000000000000000e+03,1.876000000000000000e+03,1.883000000000000000e+03,1.890000000000000000e+03,1.897000000000000000e+03,1.904000000000000000e+03,1.911000000000000000e+03,1.918000000000000000e+03,1.925000000000000000e+03,1.932000000000000000e+03,1.939000000000000000e+03,1.946000000000000000e+03,1.953000000000000000e+03,1.960000000000000000e+03,1.967000000000000000e+03,1.974000000000000000e+03,1.981000000000000000e+03,1.988000000000000000e+03,1.995000000000000000e+03,2.002000000000000000e+03,2.009000000000000000e+03,2.016000000000000000e+03,2.023000000000000000e+03,2.030000000000000000e+03,2.037000000000000000e+03,2.044000000000000000e+03,2.051000000000000000e+03,2.058000000000000000e+03,2.065000000000000000e+03,2.072000000000000000e+03,2.079000000000000000e+03,2.086000000000000000e+03,2.093000000000000000e+03
0.000000000000000000e+00,8.000000000000000000e+00,1.600000000000000000e+01,2.400000000000000000e+01,3.200000000000000000e+01,4.000000000000000000e+01,4.800000000000000000e+01,5.600000000000000000e+01,6.400000000000000000e+01,7.200000000000000000e+01,8.000000000000000000e+01,8.800000000000000000e+01,9.600000000000000000e+01,1.040000000000000000e+02,1.120000000000000000e+02,1.200000000000000000e+02,1.280000000000000000e+02,1.360000000000000000e+02,1.440000000000000000e+02,1.520000000000000000e+02,1.600000000000000000e+02,1.680000000000000000e+02,1.760000000000000000e+02,1.840000000000000000e+02,1.920000000000000000e+02,2.000000000000000000e+02,2.080000000000000000e+02,2.160000000000000000e+02,2.240000000000000000e+02,2.320000000000000000e+02,2.400000000000000000e+02,2.480000000000000000e+02,2.560000000000000000e+02,2.640000000000000000e+02,2.720000000000000000e+02,2.800000000000000000e+02,2.880000000000000000e+02,2.960000000000000000e+02,3.040000000000000000e+02,3.120000000000000000e+02,3.200000000000000000e+02,3.280000000000000000e+02,3.360000000000000000e+02,3.440000000000000000e+02,3.520000000000000000e+02,3.600000000000000000e+02,3.680000000000000000e+02,3.760000000000000000e+02,3.840000000000000000e+02,3.920000000000000000e+02,4.000000000000000000e+02,4.080000000000000000e+02,4.160000000000000000e+02,4.240000000000000000e+02,4.320000000000000000e+02,4.400000000000000000e+02,4.480000000000000000e+02,4.560000000000000000e+02,4.640000000000000000e+02,4.720000000000000000e+02,4.800000000000000000e+02,4.880000000000000000e+02,4.960000000000000000e+02,5.040000000000000000e+02,5.120000000000000000e+02,5.200000000000000000e+02,5.280000000000000000e+02,5.360000000000000000e+02,5.440000000000000000e+02,5.520000000000000000e+02,5.600000000000000000e+02,5.680000000000000000e+02,5.760000000000000000e+02,5.840000000000000000e+02,5.920000000000000000e+02,6.000000000000000000e+02,6.080000000000000000e+02,6.160000000000000000e+02,6.240000000000000000e+02,6.320000000000000000e+02,6.400000000000000000e+02,6.480000000000000000e+02,6.560000000000000000e+02,6.640000000000000000e+02,6.720000000000000000e+02,6.800000000000000000e+02,6.880000000000000000e+02,6.960000000000000000e+02,7.040000000000000000e+02,7.120000000000000000e+02,7.200000000000000000e+02,7.280000000000000000e+02,7.360000000000000000e+02,7.440000000000000000e+02,7.520000000000000000e+02,7.600000000000000000e+02,7.680000000000000000e+02,7.760000000000000000e+02,7.840000000000000000e+02,7.920000000000000000e+02,8.000000000000000000e+02,8.080000000000000000e+02,8.160000000000000000e+02,8.240000000000000000e+02,8.320000000000000000e+02,8.400000000000000000e+02,8.480000000000000000e+02,8.560000000000000000e+02,8.640000000000000000e+02,8.720000000000000000e+02,8.800000000000000000e+02,8.880000000000000000e+02,8.960000000000000000e+02,9.040000000000000000e+02,9.120000000000000000e+02,9.200000000000000000e+02,9.280000000000000000e+02,9.360000000000000000e+02,9.440000000000000000e+02,9.520000000000000000e+02,9.600000000000000000e+02,9.680000000000000000e+02,9.760000000000000000e+02,9.840000000000000000e+02,9.920000000000000000e+02,1.000000000000000000e+03,1.008000000000000000e+03,1.016000000000000000e+03,1.024000000000000000e+03,1.032000000000000000e+03,1.040000000000000000e+03,1.048000000000000000e+03,1.056000000000000000e+03,1.064000000000000000e+03,1.072000000000000000e+03,1.080000000000000000e+03,1.088000000000000000e+03,1.096000000000000000e+03,1.104000000000000000e+03,1.112000000000000000e+03,1.120000000000000000e+03,1.128000000000000000e+03,1.136000000000000000e+03,1.144000000000000000e+03,1.152000000000000000e+03,1.160000000000000000e+03,1.168000000000000000e+03,1.176000000000000000e+03,1.184000000000000000e+03,1.192000000000000000e+03,1.200000000000000000e+03,1.208000000000000000e+03,1.216000000000000000e+03,1.224000000000000000e+03,1.232000000000000000e+03,1.240000000000000000e+03,1.248000000000000000e+03,1.256000000000000000e+03,1.264000000000000000e+03,1.272000000000000000e+03,1.280000000000000000e+03,1.288000000000000000e+03,1.296000000000000000e+03,1.304000000000000000e+03,1.312000000000000000e+03,1.320000000000000000e+03,1.328000000000000000e+03,1.336000000000000000e+03,1.344000000000000000e+03,1.352000000000000000e+03,1.360000000000000000e+03,1.368000000000000000e+03,1.376000000000000000e+03,1.384000000000000000e+03,1.392000000000000000e+03,1.400000000000000000e+03,1.408000000000000000e+03,1.416000000000000000e+03,1.424000000000000000e+03,1.432000000000000000e+03,1.440000000000000000e+03,1.448000000000000000e+03,1.456000000000000000e+03,1.464000000000000000e+03,1.472000000000000000e+03,1.480000000000000000e+03,1.488000000000000000e+03,1.496000000000000000e+03,1.504000000000000000e+03,1.512000000000000000e+03,1.520000000000000000e+03,1.528000000000000000e+03,1.536000000000000000e+03,1.544000000000000000e+03,1.552000000000000000e+03,1.560000000000000000e+03,1.568000000000000000e+03,1.576000000000000000e+03,1.584000000000000000e+03,1.592000000000000000e+03,1.600000000000000000e+03,1.608000000000000000e+03,1.616000000000000000e+03,1.624000000000000000e+03,1.632000000000000000e+03,1.640000000000000000e+03,1.648000000000000000e+03,1.656000000000000000e+03,1.664000000000000000e+03,1.672000000000000000e+03,1.680000000000000000e+03,1.688000000000000000e+03,1.696000000000000000e+03,1.704000000000000000e+03,1.712000000000000000e+03,1.720000000000000000e+03,1.728000000000000000e+03,1.736000000000000000e+03,1.744000000000000000e+03,1.752000000000000000e+03,1.760000000000000000e+03,1.768000000000000000e+03,1.776000000000000000e+03,1.784000000000000000e+03,1.792000000000000000e+03,1.800000000000000000e+03,1.808000000000000000e+03,1.816000000000000000e+03,1.824000000000000000e+03,1.832000000000000000e+03,1.840000000000000000e+03,1.848000000000000000e+03,1.856000000000000000e+03,1.864000000000000000e+03,1.872000000000000000e+03,1.880000000000000000e+03,1.888000000000000000e+03,1.896000000000000000e+03,1.904000000000000000e+03,1.912000000000000000e+03,1.920000000000000000e+03,1.928000000000000000e+03,1.936000000000000000e+03,1.944000000000000000e+03,1.952000000000000000e+03,1.960000000000000000e+03,1.968000000000000000e+03,1.976000000000000000e+03,1.984000000000000000e+03,1.992000000000000000e+03,2.000000000000000000e+03,2.008000000000000000e+03,2.016000000000000000e+03,2.024000000000000000e+03,2.032000000000000000e+03,2.040000000000000000e+03,2.048000000000000000e+03,2.056000000000000000e+03,2.064000000000000000e+03,2.072000000000000000e+03,2.080000000000000000e+03,2.088000000000000000e+03,2.096000000000000000e+03,2.104000000000000000e+03,2.112000000000000000e+03,2.120000000000000000e+03,2.128000000000000000e+03,2.136000000000000000e+03,2.144000000000000000e+03,2.152000000000000000e+03,2.160000000000000000e+03,2.168000000000000000e+03,2.176000000000000000e+03,2.184000000000000000e+03,2.192000000000000000e+03,2.200000000000000000e+03,2.208000000000000000e+03,2.216000000000000000e+03,2.224000000000000000e+03,2.232000000000000000e+03,2.240000000000000000e+03,2.248000000000000000e+03,2.256000000000000000e+03,2.264000000000000000e+03,2.272000000000000000e+03,2.280000000000000000e+03,2.288000000000000000e+03,2.296000000000000000e+03,2.304000000000000000e+03,2.312000000000000000e+03,2.320000000000000000e+03,2.328000000000000000e+03,2.336000000000000000e+03,2.344000000000000000e+03,2.352000000000000000e+03,2.360000000000000000e+03,2.368000000000000000e+03,2.376000000000000000e+03,2.384000000000000000e+03,2.392000000000000000e+03
0.000000000000000000e+00,9.000000000000000000e+00,1.800000000000000000e+01,2.700000000000000000e+01,3.600000000000000000e+01,4.500000000000000000e+01,5.400000000000000000e+01,6.300000000000000000e+01,7.200000000000000000e+01,8.100000000000000000e+01,9.000000000000000000e+01,9.900000000000000000e+01,1.080000000000000000e+02,1.170000000000000000e+02,1.260000000000000000e+02,1.350000000000000000e+02,1.440000000000000000e+02,1.530000000000000000e+02,1.620000000000000000e+02,1.710000000000000000e+02,1.800000000000000000e+02,1.890000000000000000e+02,1.980000000000000000e+02,2.070000000000000000e+02,2.160000000000000000e+02,2.250000000000000000e+02,2.340000000000000000e+02,2.430000000000000000e+02,2.520000000000000000e+02,2.610000000000000000e+02,2.700000000000000000e+02,2.790000000000000000e+02,2.880000000000000000e+02,2.970000000000000000e+02,3.060000000000000000e+02,3.150000000000000000e+02,3.240000000000000000e+02,3.330000000000000000e+02,3.420000000000000000e+02,3.510000000000000000e+02,3.600000000000000000e+02,3.690000000000000000e+02,3.780000000000000000e+02,3.870000000000000000e+02,3.960000000000000000e+02,4.050000000000000000e+02,4.140000000000000000e+02,4.230000000000000000e+02,4.320000000000000000e+02,4.410000000000000000e+02,4.500000000000000000e+02,4.590000000000000000e+02,4.680000000000000000e+02,4.770000000000000000e+02,4.860000000000000000e+02,4.950000000000000000e+02,5.040000000000000000e+02,5.130000000000000000e+02,5.220000000000000000e+02,5.310000000000000000e+02,5.400000000000000000e+02,5.490000000000000000e+02,5.580000000000000000e+02,5.670000000000000000e+02,5.760000000000000000e+02,5.850000000000000000e+02,5.940000000000000000e+02,6.030000000000000000e+02,6.120000000000000000e+02,6.210000000000000000e+02,6.300000000000000000e+02,6.390000000000000000e+02,6.480000000000000000e+02,6.570000000000000000e+02,6.660000000000000000e+02,6.750000000000000000e+02,6.840000000000000000e+02,6.930000000000000000e+02,7.020000000000000000e+02,7.110000000000000000e+02,7.200000000000000000e+02,7.290000000000000000e+02,7.380000000000000000e+02,7.470000000000000000e+02,7.560000000000000000e+02,7.650000000000000000e+02,7.740000000000000000e+02,7.830000000000000000e+02,7.920000000000000000e+02,8.010000000000000000e+02,8.100000000000000000e+02,8.190000000000000000e+02,8.280000000000000000e+02,8.370000000000000000e+02,8.460000000000000000e+02,8.550000000000000000e+02,8.640000000000000000e+02,8.730000000000000000e+02,8.820000000000000000e+02,8.910000000000000000e+02,9.000000000000000000e+02,9.090000000000000000e+02,9.180000000000000000e+02,9.270000000000000000e+02,9.360000000000000000e+02,9.450000000000000000e+02,9.540000000000000000e+02,9.630000000000000000e+02,9.720000000000000000e+02,9.810000000000000000e+02,9.900000000000000000e+02,9.990000000000000000e+02,1.008000000000000000e+03,1.017000000000000000e+03,1.026000000000000000e+03,1.035000000000000000e+03,1.044000000000000000e+03,1.053000000000000000e+03,1.062000000000000000e+03,1.071000000000000000e+03,1.080000000000000000e+03,1.089000000000000000e+03,1.098000000000000000e+03,1.107000000000000000e+03,1.116000000000000000e+03,1.125000000000000000e+03,1.134000000000000000e+03,1.143000000000000000e+03,1.152000000000000000e+03,1.161000000000000000e+03,1.170000000000000000e+03,1.179000000000000000e+03,1.188000000000000000e+03,1.197000000000000000e+03,1.206000000000000000e+03,1.215000000000000000e+03,1.224000000000000000e+03,1.233000000000000000e+03,1.242000000000000000e+03,1.251000000000000000e+03,1.260000000000000000e+03,1.269000000000000000e+03,1.278000000000000000e+03,1.287000000000000000e+03,1.296000000000000000e+03,1.305000000000000000e+03,1.314000000000000000e+03,1.323000000000000000e+03,1.332000000000000000e+03,1.341000000000000000e+03,1.350000000000000000e+03,1.359000000000000000e+03,1.368000000000000000e+03,1.377000000000000000e+03,1.386000000000000000e+03,1.395000000000000000e+03,1.404000000000000000e+03,1.413000000000000000e+03,1.422000000000000000e+03,1.431000000000000000e+03,1.440000000000000000e+03,1.449000000000000000e+03,1.458000000000000000e+03,1.467000000000000000e+03,1.476000000000000000e+03,1.485000000000000000e+03,1.494000000000000000e+03,1.503000000000000000e+03,1.512000000000000000e+03,1.521000000000000000e+03,1.530000000000000000e+03,1.539000000000000000e+03,1.548000000000000000e+03,1.557000000000000000e+03,1.566000000000000000e+03,1.575000000000000000e+03,1.584000000000000000e+03,1.593000000000000000e+03,1.602000000000000000e+03,1.611000000000000000e+03,1.620000000000000000e+03,1.629000000000000000e+03,1.638000000000000000e+03,1.647000000000000000e+03,1.656000000000000000e+03,1.665000000000000000e+03,1.674000000000000000e+03,1.683000000000000000e+03,1.692000000000000000e+03,1.701000000000000000e+03,1.710000000000000000e+03,1.719000000000000000e+03,1.728000000000000000e+03,1.737000000000000000e+03,1.746000000000000000e+03,1.755000000000000000e+03,1.764000000000000000e+03,1.773000000000000000e+03,1.782000000000000000e+03,1.791000000000000000e+03,1.800000000000000000e+03,1.809000000000000000e+03,1.818000000000000000e+03,1.827000000000000000e+03,1.836000000000000000e+03,1.845000000000000000e+03,1.854000000000000000e+03,1.863000000000000000e+03,1.872000000000000000e+03,1.881000000000000000e+03,1.890000000000000000e+03,1.899000000000000000e+03,1.908000000000000000e+03,1.917000000000000000e+03,1.926000000000000000e+03,1.935000000000000000e+03,1.944000000000000000e+03,1.953000000000000000e+03,1.962000000000000000e+03,1.971000000000000000e+03,1.980000000000000000e+03,1.989000000000000000e+03,1.998000000000000000e+03,2.007000000000000000e+03,2.016000000000000000e+03,2.025000000000000000e+03,2.034000000000000000e+03,2.043000000000000000e+03,2.052000000000000000e+03,2.061000000000000000e+03,2.070000000000000000e+03,2.079000000000000000e+03,2.088000000000000000e+03,2.097000000000000000e+03,2.106000000000000000e+03,2.115000000000000000e+03,2.124000000000000000e+03,2.133000000000000000e+03,2.142000000000000000e+03,2.151000000000000000e+03,2.160000000000000000e+03,2.169000000000000000e+03,2.178000000000000000e+03,2.187000000000000000e+03,2.196000000000000000e+03,2.205000000000000000e+03,2.214000000000000000e+03,2.223000000000000000e+03,2.232000000000000000e+03,2.241000000000000000e+03,2.250000000000000000e+03,2.259000000000000000e+03,2.268000000000000000e+03,2.277000000000000000e+03,2.286000000000000000e+03,2.295000000000000000e+03,2.304000000000000000e+03,2.313000000000000000e+03,2.322000000000000000e+03,2.331000000000000000e+03,2.340000000000000000e+03,2.349000000000000000e+03,2.358000000000000000e+03,2.367000000000000000e+03,2.376000000000000000e+03,2.385000000000000000e+03,2.394000000000000000e+03,2.403000000000000000e+03,2.412000000000000000e+03,2.421000000000000000e+03,2.430000000000000000e+03,2.439000000000000000e+03,2.448000000000000000e+03,2.457000000000000000e+03,2.466000000000000000e+03,2.475000000000000000e+03,2.484000000000000000e+03,2.493000000000000000e+03,2.502000000000000000e+03,2.511000000000000000e+03,2.520000000000000000e+03,2.529000000000000000e+03,2.538000000000000000e+03,2.547000000000000000e+03,2.556000000000000000e+03,2.565000000000000000e+03,2.574000000000000000e+03,2.583000000000000000e+03,2.592000000000000000e+03,2.601000000000000000e+03,2.610000000000000000e+03,2.619000000000000000e+03,2.628000000000000000e+03,2.637000000000000000e+03,2.646000000000000000e+03,2.655000000000000000e+03,2.664000000000000000e+03,2.673000000000000000e+03,2.682000000000000000e+03,2.691000000000000000e+03
0.000000000000000000e+00,1.000000000000000000e+01,2.000000000000000000e+01,3.000000000000000000e+01,4.000000000000000000e+01,5.000000000000000000e+01,6.000000000000000000e+01,7.000000000000000000e+01,8.000000000000000000e+01,9.000000000000000000e+01,1.000000000000000000e+02,1.100000000000000000e+02,1.200000000000000000e+02,1.300000000000000000e+02,1.400000000000000000e+02,1.500000000000000000e+02,1.600000000000000000e+02,1.700000000000000000e+02,1.800000000000000000e+02,1.900000000000000000e+02,2.000000000000000000e+02,2.100000000000000000e+02,2.200000000000000000e+02,2.300000000000000000e+02,2.400000000000000000e+02,2.500000000000000000e+02,2.600000000000000000e+02,2.700000000000000000e+02,2.800000000000000000e+02,2.900000000000000000e+02,3.000000000000000000e+02,3.100000000000000000e+02,3.200000000000000000e+02,3.300000000000000000e+02,3.400000000000000000e+02,3.500000000000000000e+02,3.600000000000000000e+02,3.700000000000000000e+02,3.800000000000000000e+02,3.900000000000000000e+02,4.000000000000000000e+02,4.100000000000000000e+02,4.200000000000000000e+02,4.300000000000000000e+02,4.400000000000000000e+02,4.500000000000000000e+02,4.600000000000000000e+02,4.700000000000000000e+02,4.800000000000000000e+02,4.900000000000000000e+02,5.000000000000000000e+02,5.100000000000000000e+02,5.200000000000000000e+02,5.300000000000000000e+02,5.400000000000000000e+02,5.500000000000000000e+02,5.600000000000000000e+02,5.700000000000000000e+02,5.800000000000000000e+02,5.900000000000000000e+02,6.000000000000000000e+02,6.100000000000000000e+02,6.200000000000000000e+02,6.300000000000000000e+02,6.400000000000000000e+02,6.500000000000000000e+02,6.600000000000000000e+02,6.700000000000000000e+02,6.800000000000000000e+02,6.900000000000000000e+02,7.000000000000000000e+02,7.100000000000000000e+02,7.200000000000000000e+02,7.300000000000000000e+02,7.400000000000000000e+02,7.500000000000000000e+02,7.600000000000000000e+02,7.700000000000000000e+02,7.800000000000000000e+02,7.900000000000000000e+02,8.000000000000000000e+02,8.100000000000000000e+02,8.200000000000000000e+02,8.300000000000000000e+02,8.400000000000000000e+02,8.500000000000000000e+02,8.600000000000000000e+02,8.700000000000000000e+02,8.800000000000000000e+02,8.900000000000000000e+02,9.000000000000000000e+02,9.100000000000000000e+02,9.200000000000000000e+02,9.300000000000000000e+02,9.400000000000000000e+02,9.500000000000000000e+02,9.600000000000000000e+02,9.700000000000000000e+02,9.800000000000000000e+02,9.900000000000000000e+02,1.000000000000000000e+03,1.010000000000000000e+03,1.020000000000000000e+03,1.030000000000000000e+03,1.040000000000000000e+03,1.050000000000000000e+03,1.060000000000000000e+03,1.070000000000000000e+03,1.080000000000000000e+03,1.090000000000000000e+03,1.100000000000000000e+03,1.110000000000000000e+03,1.120000000000000000e+03,1.130000000000000000e+03,1.140000000000000000e+03,1.150000000000000000e+03,1.160000000000000000e+03,1.170000000000000000e+03,1.180000000000000000e+03,1.190000000000000000e+03,1.200000000000000000e+03,1.210000000000000000e+03,1.220000000000000000e+03,1.230000000000000000e+03,1.240000000000000000e+03,1.250000000000000000e+03,1.260000000000000000e+03,1.270000000000000000e+03,1.280000000000000000e+03,1.290000000000000000e+03,1.300000000000000000e+03,1.310000000000000000e+03,1.320000000000000000e+03,1.330000000000000000e+03,1.340000000000000000e+03,1.350000000000000000e+03,1.360000000000000000e+03,1.370000000000000000e+03,1.380000000000000000e+03,1.390000000000000000e+03,1.400000000000000000e+03,1.410000000000000000e+03,1.420000000000000000e+03,1.430000000000000000e+03,1.440000000000000000e+03,1.450000000000000000e+03,1.460000000000000000e+03,1.470000000000000000e+03,1.480000000000000000e+03,1.490000000000000000e+03,1.500000000000000000e+03,1.510000000000000000e+03,1.520000000000000000e+03,1.530000000000000000e+03,1.540000000000000000e+03,1.550000000000000000e+03,1.560000000000000000e+03,1.570000000000000000e+03,1.580000000000000000e+03,1.590000000000000000e+03,1.600000000000000000e+03,1.610000000000000000e+03,1.620000000000000000e+03,1.630000000000000000e+03,1.640000000000000000e+03,1.650000000000000000e+03,1.660000000000000000e+03,1.670000000000000000e+03,1.680000000000000000e+03,1.690000000000000000e+03,1.700000000000000000e+03,1.710000000000000000e+03,1.720000000000000000e+03,1.730000000000000000e+03,1.740000000000000000e+03,1.750000000000000000e+03,1.760000000000000000e+03,1.770000000000000000e+03,1.780000000000000000e+03,1.790000000000000000e+03,1.800000000000000000e+03,1.810000000000000000e+03,1.820000000000000000e+03,1.830000000000000000e+03,1.840000000000000000e+03,1.850000000000000000e+03,1.860000000000000000e+03,1.870000000000000000e+03,1.880000000000000000e+03,1.890000000000000000e+03,1.900000000000000000e+03,1.910000000000000000e+03,1.920000000000000000e+03,1.930000000000000000e+03,1.940000000000000000e+03,1.950000000000000000e+03,1.960000000000000000e+03,1.970000000000000000e+03,1.980000000000000000e+03,1.990000000000000000e+03,2.000000000000000000e+03,2.010000000000000000e+03,2.020000000000000000e+03,2.030000000000000000e+03,2.040000000000000000e+03,2.050000000000000000e+03,2.060000000000000000e+03,2.070000000000000000e+03,2.080000000000000000e+03,2.090000000000000000e+03,2.100000000000000000e+03,2.110000000000000000e+03,2.120000000000000000e+03,2.130000000000000000e+03,2.140000000000000000e+03,2.150000000000000000e+03,2.160000000000000000e+03,2.170000000000000000e+03,2.180000000000000000e+03,2.190000000000000000e+03,2.200000000000000000e+03,2.210000000000000000e+03,2.220000000000000000e+03,2.230000000000000000e+03,2.240000000000000000e+03,2.250000000000000000e+03,2.260000000000000000e+03,2.270000000000000000e+03,2.280000000000000000e+03,2.290000000000000000e+03,2.300000000000000000e+03,2.310000000000000000e+03,2.320000000000000000e+03,2.330000000000000000e+03,2.340000000000000000e+03,2.350000000000000000e+03,2.360000000000000000e+03,2.370000000000000000e+03,2.380000000000000000e+03,2.390000000000000000e+03,2.400000000000000000e+03,2.410000000000000000e+03,2.420000000000000000e+03,2.430000000000000000e+03,2.440000000000000000e+03,2.450000000000000000e+03,2.460000000000000000e+03,2.470000000000000000e+03,2.480000000000000000e+03,2.490000000000000000e+03,2.500000000000000000e+03,2.510000000000000000e+03,2.520000000000000000e+03,2.530000000000000000e+03,2.540000000000000000e+03,2.550000000000000000e+03,2.560000000000000000e+03,2.570000000000000000e+03,2.580000000000000000e+03,2.590000000000000000e+03,2.600000000000000000e+03,2.610000000000000000e+03,2.620000000000000000e+03,2.630000000000000000e+03,2.640000000000000000e+03,2.650000000000000000e+03,2.660000000000000000e+03,2.670000000000000000e+03,2.680000000000000000e+03,2.690000000000000000e+03,2.700000000000000000e+03,2.710000000000000000e+03,2.720000000000000000e+03,2.730000000000000000e+03,2.740000000000000000e+03,2.750000000000000000e+03,2.760000000000000000e+03,2.770000000000000000e+03,2.780000000000000000e+03,2.790000000000000000e+03,2.800000000000000000e+03,2.810000000000000000e+03,2.820000000000000000e+03,2.830000000000000000e+03,2.840000000000000000e+03,2.850000000000000000e+03,2.860000000000000000e+03,2.870000000000000000e+03,2.880000000000000000e+03,2.890000000000000000e+03,2.900000000000000000e+03,2.910000000000000000e+03,2.920000000000000000e+03,2.930000000000000000e+03,2.940000000000000000e+03,2.950000000000000000e+03,2.960000000000000000e+03,2.970000000000000000e+03,2.980000000000000000e+03,2.990000000000000000e+03
0.000000000000000000e+00,1.100000000000000000e+01,2.200000000000000000e+01,3.300000000000000000e+01,4.400000000000000000e+01,5.500000000000000000e+01,6.600000000000000000e+01,7.700000000000000000e+01,8.800000000000000000e+01,9.900000000000000000e+01,1.100000000000000000e+02,1.210000000000000000e+02,1.320000000000000000e+02,1.430000000000000000e+02,1.540000000000000000e+02,1.650000000000000000e+02,1.760000000000000000e+02,1.870000000000000000e+02,1.980000000000000000e+02,2.090000000000000000e+02,2.200000000000000000e+02,2.310000000000000000e+02,2.420000000000000000e+02,2.530000000000000000e+02,2.640000000000000000e+02,2.750000000000000000e+02,2.860000000000000000e+02,2.970000000000000000e+02,3.080000000000000000e+02,3.190000000000000000e+02,3.300000000000000000e+02,3.410000000000000000e+02,3.520000000000000000e+02,3.630000000000000000e+02,3.740000000000000000e+02,3.850000000000000000e+02,3.960000000000000000e+02,4.070000000000000000e+02,4.180000000000000000e+02,4.290000000000000000e+02,4.400000000000000000e+02,4.510000000000000000e+02,4.620000000000000000e+02,4.730000000000000000e+02,4.840000000000000000e+02,4.950000000000000000e+02,5.060000000000000000e+02,5.170000000000000000e+02,5.280000000000000000e+02,5.390000000000000000e+02,5.500000000000000000e+02,5.610000000000000000e+02,5.720000000000000000e+02,5.830000000000000000e+02,5.940000000000000000e+02,6.050000000000000000e+02,6.160000000000000000e+02,6.270000000000000000e+02,6.380000000000000000e+02,6.490000000000000000e+02,6.600000000000000000e+02,6.710000000000000000e+02,6.820000000000000000e+02,6.930000000000000000e+02,7.040000000000000000e+02,7.150000000000000000e+02,7.260000000000000000e+02,7.370000000000000000e+02,7.480000000000000000e+02,7.590000000000000000e+02,7.700000000000000000e+02,7.810000000000000000e+02,7.920000000000000000e+02,8.030000000000000000e+02,8.140000000000000000e+02,8.250000000000000000e+02,8.360000000000000000e+02,8.470000000000000000e+02,8.580000000000000000e+02,8.690000000000000000e+02,8.800000000000000000e+02,8.910000000000000000e+02,9.020000000000000000e+02,9.130000000000000000e+02,9.240000000000000000e+02,9.350000000000000000e+02,9.460000000000000000e+02,9.570000000000000000e+02,9.680000000000000000e+02,9.790000000000000000e+02,9.900000000000000000e+02,1.001000000000000000e+03,1.012000000000000000e+03,1.023000000000000000e+03,1.034000000000000000e+03,1.045000000000000000e+03,1.056000000000000000e+03,1.067000000000000000e+03,1.078000000000000000e+03,1.089000000000000000e+03,1.100000000000000000e+03,1.111000000000000000e+03,1.122000000000000000e+03,1.133000000000000000e+03,1.144000000000000000e+03,1.155000000000000000e+03,1.166000000000000000e+03,1.177000000000000000e+03,1.188000000000000000e+03,1.199000000000000000e+03,1.210000000000000000e+03,1.221000000000000000e+03,1.232000000000000000e+03,1.243000000000000000e+03,1.254000000000000000e+03,1.265000000000000000e+03,1.276000000000000000e+03,1.287000000000000000e+03,1.298000000000000000e+03,1.309000000000000000e+03,1.320000000000000000e+03,1.331000000000000000e+03,1.342000000000000000e+03,1.353000000000000000e+03,1.364000000000000000e+03,1.375000000000000000e+03,1.386000000000000000e+03,1.397000000000000000e+03,1.408000000000000000e+03,1.419000000000000000e+03,1.430000000000000000e+03,1.441000000000000000e+03,1.452000000000000000e+03,1.463000000000000000e+03,1.474000000000000000e+03,1.485000000000000000e+03,1.496000000000000000e+03,1.507000000000000000e+03,1.518000000000000000e+03,1.529000000000000000e+03,1.540000000000000000e+03,1.551000000000000000e+03,1.562000000000000000e+03,1.573000000000000000e+03,1.584000000000000000e+03,1.595000000000000000e+03,1.606000000000000000e+03,1.617000000000000000e+03,1.628000000000000000e+03,1.639000000000000000e+03,1.650000000000000000e+03,1.661000000000000000e+03,1.672000000000000000e+03,1.683000000000000000e+03,1.694000000000000000e+03,1.705000000000000000e+03,1.716000000000000000e+03,1.727000000000000000e+03,1.738000000000000000e+03,1.749000000000000000e+03,1.760000000000000000e+03,1.771000000000000000e+03,1.782000000000000000e+03,1.793000000000000000e+03,1.804000000000000000e+03,1.815000000000000000e+03,1.826000000000000000e+03,1.837000000000000000e+03,1.848000000000000000e+03,1.859000000000000000e+03,1.870000000000000000e+03,1.881000000000000000e+03,1.892000000000000000e+03,1.903000000000000000e+03,1.914000000000000000e+03,1.925000000000000000e+03,1.936000000000000000e+03,1.947000000000000000e+03,1.958000000000000000e+03,1.969000000000000000e+03,1.980000000000000000e+03,1.991000000000000000e+03,2.002000000000000000e+03,2.013000000000000000e+03,2.024000000000000000e+03,2.035000000000000000e+03,2.046000000000000000e+03,2.057000000000000000e+03,2.068000000000000000e+03,2.079000000000000000e+03,2.090000000000000000e+03,2.101000000000000000e+03,2.112000000000000000e+03,2.123000000000000000e+03,2.134000000000000000e+03,2.145000000000000000e+03,2.156000000000000000e+03,2.167000000000000000e+03,2.178000000000000000e+03,2.189000000000000000e+03,2.200000000000000000e+03,2.211000000000000000e+03,2.222000000000000000e+03,2.233000000000000000e+03,2.244000000000000000e+03,2.255000000000000000e+03,2.266000000000000000e+03,2.277000000000000000e+03,2.288000000000000000e+03,2.299000000000000000e+03,2.310000000000000000e+03,2.321000000000000000e+03,2.332000000000000000e+03,2.343000000000000000e+03,2.354000000000000000e+03,2.365000000000000000e+03,2.376000000000000000e+03,2.387000000000000000e+03,2.398000000000000000e+03,2.409000000000000000e+03,2.420000000000000000e+03,2.431000000000000000e+03,2.442000000000000000e+03,2.453000000000000000e+03,2.464000000000000000e+03,2.475000000000000000e+03,2.486000000000000000e+03,2.497000000000000000e+03,2.508000000000000000e+03,2.519000000000000000e+03,2.530000000000000000e+03,2.541000000000000000e+03,2.552000000000000000e+03,2.563000000000000000e+03,2.574000000000000000e+03,2.585000000000000000e+03,2.596000000000000000e+03,2.607000000000000000e+03,2.618000000000000000e+03,2.629000000000000000e+03,2.640000000000000000e+03,2.651000000000000000e+03,2.662000000000000000e+03,2.673000000000000000e+03,2.684000000000000000e+03,2.695000000000000000e+03,2.706000000000000000e+03,2.717000000000000000e+03,2.728000000000000000e+03,2.739000000000000000e+03,2.750000000000000000e+03,2.761000000000000000e+03,2.772000000000000000e+03,2.783000000000000000e+03,2.794000000000000000e+03,2.805000000000000000e+03,2.816000000000000000e+03,2.827000000000000000e+03,2.838000000000000000e+03,2.849000000000000000e+03,2.860000000000000000e+03,2.871000000000000000e+03,2.882000000000000000e+03,2.893000000000000000e+03,2.904000000000000000e+03,2.915000000000000000e+03,2.926000000000000000e+03,2.937000000000000000e+03,2.948000000000000000e+03,2.959000000000000000e+03,2.970000000000000000e+03,2.981000000000000000e+03,2.992000000000000000e+03,3.003000000000000000e+03,3.014000000000000000e+03,3.025000000000000000e+03,3.036000000000000000e+03,3.047000000000000000e+03,3.058000000000000000e+03,3.069000000000000000e+03,3.080000000000000000e+03,3.091000000000000000e+03,3.102000000000000000e+03,3.113000000000000000e+03,3.124000000000000000e+03,3.135000000000000000e+03,3.146000000000000000e+03,3.157000000000000000e+03,3.168000000000000000e+03,3.179000000000000000e+03,3.190000000000000000e+03,3.201000000000000000e+03,3.212000000000000000e+03,3.223000000000000000e+03,3.234000000000000000e+03,3.245000000000000000e+03,3.256000000000000000e+03,3.267000000000000000e+03,3.278000000000000000e+03,3.289000000000000000e+03
0.000000000000000000e+00,1.200000000000000000e+01,2.400000000000000000e+01,3.600000000000000000e+01,4.800000000000000000e+01,6.000000000000000000e+01,7.200000000000000000e+01,8.400000000000000000e+01,9.600000000000000000e+01,1.080000000000000000e+02,1.200000000000000000e+02,1.320000000000000000e+02,1.440000000000000000e+02,1.560000000000000000e+02,1.680000000000000000e+02,1.800000000000000000e+02,1.920000000000000000e+02,2.040000000000000000e+02,2.160000000000000000e+02,2.280000000000000000e+02,2.400000000000000000e+02,2.520000000000000000e+02,2.640000000000000000e+02,2.760000000000000000e+02,2.880000000000000000e+02,3.000000000000000000e+02,3.120000000000000000e+02,3.240000000000000000e+02,3.360000000000000000e+02,3.480000000000000000e+02,3.600000000000000000e+02,3.720000000000000000e+02,3.840000000000000000e+02,3.960000000000000000e+02,4.080000000000000000e+02,4.200000000000000000e+02,4.320000000000000000e+02,4.440000000000000000e+02,4.560000000000000000e+02,4.680000000000000000e+02,4.800000000000000000e+02,4.920000000000000000e+02,5.040000000000000000e+02,5.160000000000000000e+02,5.280000000000000000e+02,5.400000000000000000e+02,5.520000000000000000e+02,5.640000000000000000e+02,5.760000000000000000e+02,5.880000000000000000e+02,6.000000000000000000e+02,6.120000000000000000e+02,6.240000000000000000e+02,6.360000000000000000e+02,6.480000000000000000e+02,6.600000000000000000e+02,6.720000000000000000e+02,6.840000000000000000e+02,6.960000000000000000e+02,7.080000000000000000e+02,7.200000000000000000e+02,7.320000000000000000e+02,7.440000000000000000e+02,7.560000000000000000e+02,7.680000000000000000e+02,7.800000000000000000e+02,7.920000000000000000e+02,8.040000000000000000e+02,8.160000000000000000e+02,8.280000000000000000e+02,8.400000000000000000e+02,8.520000000000000000e+02,8.640000000000000000e+02,8.760000000000000000e+02,8.880000000000000000e+02,9.000000000000000000e+02,9.120000000000000000e+02,9.240000000000000000e+02,9.360000000000000000e+02,9.480000000000000000e+02,9.600000000000000000e+02,9.720000000000000000e+02,9.840000000000000000e+02,9.960000000000000000e+02,1.008000000000000000e+03,1.020000000000000000e+03,1.032000000000000000e+03,1.044000000000000000e+03,1.056000000000000000e+03,1.068000000000000000e+03,1.080000000000000000e+03,1.092000000000000000e+03,1.104000000000000000e+03,1.116000000000000000e+03,1.128000000000000000e+03,1.140000000000000000e+03,1.152000000000000000e+03,1.164000000000000000e+03,1.176000000000000000e+03,1.188000000000000000e+03,1.200000000000000000e+03,1.212000000000000000e+03,1.224000000000000000e+03,1.236000000000000000e+03,1.248000000000000000e+03,1.260000000000000000e+03,1.272000000000000000e+03,1.284000000000000000e+03,1.296000000000000000e+03,1.308000000000000000e+03,1.320000000000000000e+03,1.332000000000000000e+03,1.344000000000000000e+03,1.356000000000000000e+03,1.368000000000000000e+03,1.380000000000000000e+03,1.392000000000000000e+03,1.404000000000000000e+03,1.416000000000000000e+03,1.428000000000000000e+03,1.440000000000000000e+03,1.452000000000000000e+03,1.464000000000000000e+03,1.476000000000000000e+03,1.488000000000000000e+03,1.500000000000000000e+03,1.512000000000000000e+03,1.524000000000000000e+03,1.536000000000000000e+03,1.548000000000000000e+03,1.560000000000000000e+03,1.572000000000000000e+03,1.584000000000000000e+03,1.596000000000000000e+03,1.608000000000000000e+03,1.620000000000000000e+03,1.632000000000000000e+03,1.644000000000000000e+03,1.656000000000000000e+03,1.668000000000000000e+03,1.680000000000000000e+03,1.692000000000000000e+03,1.704000000000000000e+03,1.716000000000000000e+03,1.728000000000000000e+03,1.740000000000000000e+03,1.752000000000000000e+03,1.764000000000000000e+03,1.776000000000000000e+03,1.788000000000000000e+03,1.800000000000000000e+03,1.812000000000000000e+03,1.824000000000000000e+03,1.836000000000000000e+03,1.848000000000000000e+03,1.860000000000000000e+03,1.872000000000000000e+03,1.884000000000000000e+03,1.896000000000000000e+03,1.908000000000000000e+03,1.920000000000000000e+03,1.932000000000000000e+03,1.944000000000000000e+03,1.956000000000000000e+03,1.968000000000000000e+03,1.980000000000000000e+03,1.992000000000000000e+03,2.004000000000000000e+03,2.016000000000000000e+03,2.028000000000000000e+03,2.040000000000000000e+03,2.052000000000000000e+03,2.064000000000000000e+03,2.076000000000000000e+03,2.088000000000000000e+03,2.100000000000000000e+03,2.112000000000000000e+03,2.124000000000000000e+03,2.136000000000000000e+03,2.148000000000000000e+03,2.160000000000000000e+03,2.172000000000000000e+03,2.184000000000000000e+03,2.196000000000000000e+03,2.208000000000000000e+03,2.220000000000000000e+03,2.232000000000000000e+03,2.244000000000000000e+03,2.256000000000000000e+03,2.268000000000000000e+03,2.280000000000000000e+03,2.292000000000000000e+03,2.304000000000000000e+03,2.316000000000000000e+03,2.328000000000000000e+03,2.340000000000000000e+03,2.352000000000000000e+03,2.364000000000000000e+03,2.376000000000000000e+03,2.388000000000000000e+03,2.400000000000000000e+03,2.412000000000000000e+03,2.424000000000000000e+03,2.436000000000000000e+03,2.448000000000000000e+03,2.460000000000000000e+03,2.472000000000000000e+03,2.484000000000000000e+03,2.496000000000000000e+03,2.508000000000000000e+03,2.520000000000000000e+03,2.532000000000000000e+03,2.544000000000000000e+03,2.556000000000000000e+03,2.568000000000000000e+03,2.580000000000000000e+03,2.592000000000000000e+03,2.604000000000000000e+03,2.616000000000000000e+03,2.628000000000000000e+03,2.640000000000000000e+03,2.652000000000000000e+03,2.664000000000000000e+03,2.676000000000000000e+03,2.688000000000000000e+03,2.700000000000000000e+03,2.712000000000000000e+03,2.724000000000000000e+03,2.736000000000000000e+03,2.748000000000000000e+03,2.760000000000000000e+03,2.772000000000000000e+03,2.784000000000000000e+03,2.796000000000000000e+03,2.808000000000000000e+03,2.820000000000000000e+03,2.832000000000000000e+03,2.844000000000000000e+03,2.856000000000000000e+03,2.868000000000000000e+03,2.880000000000000000e+03,2.892000000000000000e+03,2.904000000000000000e+03,2.916000000000000000e+03,2.928000000000000000e+03,2.940000000000000000e+03,2.952000000000000000e+03,2.964000000000000000e+03,2.976000000000000000e+03,2.988000000000000000e+03,3.000000000000000000e+03,3.012000000000000000e+03,3.024000000000000000e+03,3.036000000000000000e+03,3.048000000000000000e+03,3.060000000000000000e+03,3.072000000000000000e+03,3.084000000000000000e+03,3.096000000000000000e+03,3.108000000000000000e+03,3.120000000000000000e+03,3.132000000000000000e+03,3.144000000000000000e+03,3.156000000000000000e+03,3.168000000000000000e+03,3.180000000000000000e+03,3.192000000000000000e+03,3.204000000000000000e+03,3.216000000000000000e+03,3.228000000000000000e+03,3.240000000000000000e+03,3.252000000000000000e+03,3.264000000000000000e+03,3.276000000000000000e+03,3.288000000000000000e+03,3.300000000000000000e+03,3.312000000000000000e+03,3.324000000000000000e+03,3.336000000000000000e+03,3.348000000000000000e+03,3.360000000000000000e+03,3.372000000000000000e+03,3.384000000000000000e+03,3.396000000000000000e+03,3.408000000000000000e+03,3.420000000000000000e+03,3.432000000000000000e+03,3.444000000000000000e+03,3.456000000000000000e+03,3.468000000000000000e+03,3.480000000000000000e+03,3.492000000000000000e+03,3.504000000000000000e+03,3.516000000000000000e+03,3.528000000000000000e+03,3.540000000000000000e+03,3.552000000000000000e+03,3.564000000000000000e+03,3.576000000000000000e+03,3.588000000000000000e+03
0.000000000000000000e+00,1.300000000000000000e+01,2.600000000000000000e+01,3.900000000000000000e+01,5.200000000000000000e+01,6.500000000000000000e+01,7.800000000000000000e+01,9.100000000000000000e+01,1.040000000000000000e+02,1.170000000000000000e+02,1.300000000000000000e+02,1.430000000000000000e+02,1.560000000000000000e+02,1.690000000000000000e+02,1.820000000000000000e+02,1.950000000000000000e+02,2.080000000000000000e+02,2.210000000000000000e+02,2.340000000000000000e+02,2.470000000000000000e+02,2.600000000000000000e+02,2.730000000000000000e+02,2.860000000000000000e+02,2.990000000000000000e+02,3.120000000000000000e+02,3.250000000000000000e+02,3.380000000000000000e+02,3.510000000000000000e+02,3.640000000000000000e+02,3.770000000000000000e+02,3.900000000000000000e+02,4.030000000000000000e+02,4.160000000000000000e+02,4.290000000000000000e+02,4.420000000000000000e+02,4.550000000000000000e+02,4.680000000000000000e+02,4.810000000000000000e+02,4.940000000000000000e+02,5.070000000000000000e+02,5.200000000000000000e+02,5.330000000000000000e+02,5.460000000000000000e+02,5.590000000000000000e+02,5.720000000000000000e+02,5.850000000000000000e+02,5.980000000000000000e+02,6.110000000000000000e+02,6.240000000000000000e+02,6.370000000000000000e+02,6.500000000000000000e+02,6.630000000000000000e+02,6.760000000000000000e+02,6.890000000000000000e+02,7.020000000000000000e+02,7.150000000000000000e+02,7.280000000000000000e+02,7.410000000000000000e+02,7.540000000000000000e+02,7.670000000000000000e+02,7.800000000000000000e+02,7.930000000000000000e+02,8.060000000000000000e+02,8.190000000000000000e+02,8.320000000000000000e+02,8.450000000000000000e+02,8.580000000000000000e+02,8.710000000000000000e+02,8.840000000000000000e+02,8.970000000000000000e+02,9.100000000000000000e+02,9.230000000000000000e+02,9.360000000000000000e+02,9.490000000000000000e+02,9.620000000000000000e+02,9.750000000000000000e+02,9.880000000000000000e+02,1.001000000000000000e+03,1.014000000000000000e+03,1.027000000000000000e+03,1.040000000000000000e+03,1.053000000000000000e+03,1.066000000000000000e+03,1.079000000000000000e+03,1.092000000000000000e+03,1.105000000000000000e+03,1.118000000000000000e+03,1.131000000000000000e+03,1.144000000000000000e+03,1.157000000000000000e+03,1.170000000000000000e+03,1.183000000000000000e+03,1.196000000000000000e+03,1.209000000000000000e+03,1.222000000000000000e+03,1.235000000000000000e+03,1.248000000000000000e+03,1.261000000000000000e+03,1.274000000000000000e+03,1.287000000000000000e+03,1.300000000000000000e+03,1.313000000000000000e+03,1.326000000000000000e+03,1.339000000000000000e+03,1.352000000000000000e+03,1.365000000000000000e+03,1.378000000000000000e+03,1.391000000000000000e+03,1.404000000000000000e+03,1.417000000000000000e+03,1.430000000000000000e+03,1.443000000000000000e+03,1.456000000000000000e+03,1.469000000000000000e+03,1.482000000000000000e+03,1.495000000000000000e+03,1.508000000000000000e+03,1.521000000000000000e+03,1.534000000000000000e+03,1.547000000000000000e+03,1.560000000000000000e+03,1.573000000000000000e+03,1.586000000000000000e+03,1.599000000000000000e+03,1.612000000000000000e+03,1.625000000000000000e+03,1.638000000000000000e+03,1.651000000000000000e+03,1.664000000000000000e+03,1.677000000000000000e+03,1.690000000000000000e+03,1.703000000000000000e+03,1.716000000000000000e+03,1.729000000000000000e+03,1.742000000000000000e+03,1.755000000000000000e+03,1.768000000000000000e+03,1.781000000000000000e+03,1.794000000000000000e+03,1.807000000000000000e+03,1.820000000000000000e+03,1.833000000000000000e+03,1.846000000000000000e+03,1.859000000000000000e+03,1.872000000000000000e+03,1.885000000000000000e+03,1.898000000000000000e+03,1.911000000000000000e+03,1.924000000000000000e+03,1.937000000000000000e+03,1.950000000000000000e+03,1.963000000000000000e+03,1.976000000000000000e+03,1.989000000000000000e+03,2.002000000000000000e+03,2.015000000000000000e+03,2.028000000000000000e+03,2.041000000000000000e+03,2.054000000000000000e+03,2.067000000000000000e+03,2.080000000000000000e+03,2.093000000000000000e+03,2.106000000000000000e+03,2.119000000000000000e+03,2.132000000000000000e+03,2.145000000000000000e+03,2.158000000000000000e+03,2.171000000000000000e+03,2.184000000000000000e+03,2.197000000000000000e+03,2.210000000000000000e+03,2.223000000000000000e+03,2.236000000000000000e+03,2.249000000000000000e+03,2.262000000000000000e+03,2.275000000000000000e+03,2.288000000000000000e+03,2.301000000000000000e+03,2.314000000000000000e+03,2.327000000000000000e+03,2.340000000000000000e+03,2.353000000000000000e+03,2.366000000000000000e+03,2.379000000000000000e+03,2.392000000000000000e+03,2.405000000000000000e+03,2.418000000000000000e+03,2.431000000000000000e+03,2.444000000000000000e+03,2.457000000000000000e+03,2.470000000000000000e+03,2.483000000000000000e+03,2.496000000000000000e+03,2.509000000000000000e+03,2.522000000000000000e+03,2.535000000000000000e+03,2.548000000000000000e+03,2.561000000000000000e+03,2.574000000000000000e+03,2.587000000000000000e+03,2.600000000000000000e+03,2.613000000000000000e+03,2.626000000000000000e+03,2.639000000000000000e+03,2.652000000000000000e+03,2.665000000000000000e+03,2.678000000000000000e+03,2.691000000000000000e+03,2.704000000000000000e+03,2.717000000000000000e+03,2.730000000000000000e+03,2.743000000000000000e+03,2.756000000000000000e+03,2.769000000000000000e+03,2.782000000000000000e+03,2.795000000000000000e+03,2.808000000000000000e+03,2.821000000000000000e+03,2.834000000000000000e+03,2.847000000000000000e+03,2.860000000000000000e+03,2.873000000000000000e+03,2.886000000000000000e+03,2.899000000000000000e+03,2.912000000000000000e+03,2.925000000000000000e+03,2.938000000000000000e+03,2.951000000000000000e+03,2.964000000000000000e+03,2.977000000000000000e+03,2.990000000000000000e+03,3.003000000000000000e+03,3.016000000000000000e+03,3.029000000000000000e+03,3.042000000000000000e+03,3.055000000000000000e+03,3.068000000000000000e+03,3.081000000000000000e+03,3.094000000000000000e+03,3.107000000000000000e+03,3.120000000000000000e+03,3.133000000000000000e+03,3.146000000000000000e+03,3.159000000000000000e+03,3.172000000000000000e+03,3.185000000000000000e+03,3.198000000000000000e+03,3.211000000000000000e+03,3.224000000000000000e+03,3.237000000000000000e+03,3.250000000000000000e+03,3.263000000000000000e+03,3.276000000000000000e+03,3.289000000000000000e+03,3.302000000000000000e+03,3.315000000000000000e+03,3.328000000000000000e+03,3.341000000000000000e+03,3.354000000000000000e+03,3.367000000000000000e+03,3.380000000000000000e+03,3.393000000000000000e+03,3.406000000000000000e+03,3.419000000000000000e+03,3.432000000000000000e+03,3.445000000000000000e+03,3.458000000000000000e+03,3.471000000000000000e+03,3.484000000000000000e+03,3.497000000000000000e+03,3.510000000000000000e+03,3.523000000000000000e+03,3.536000000000000000e+03,3.549000000000000000e+03,3.562000000000000000e+03,3.575000000000000000e+03,3.588000000000000000e+03,3.601000000000000000e+03,3.614000000000000000e+03,3.627000000000000000e+03,3.640000000000000000e+03,3.653000000000000000e+03,3.666000000000000000e+03,3.679000000000000000e+03,3.692000000000000000e+03,3.705000000000000000e+03,3.718000000000000000e+03,3.731000000000000000e+03,3.744000000000000000e+03,3.757000000000000000e+03,3.770000000000000000e+03,3.783000000000000000e+03,3.796000000000000000e+03,3.809000000000000000e+03,3.822000000000000000e+03,3.835000000000000000e+03,3.848000000000000000e+03,3.861000000000000000e+03,3.874000000000000000e+03,3.887000000000000000e+03
0.000000000000000000e+00,1.400000000000000000e+01,2.800000000000000000e+01,4.200000000000000000e+01,5.600000000000000000e+01,7.000000000000000000e+01,8.400000000000000000e+01,9.800000000000000000e+01,1.120000000000000000e+02,1.260000000000000000e+02,1.400000000000000000e+02,1.540000000000000000e+02,1.680000000000000000e+02,1.820000000000000000e+02,1.960000000000000000e+02,2.100000000000000000e+02,2.240000000000000000e+02,2.380000000000000000e+02,2.520000000000000000e+02,2.660000000000000000e+02,2.800000000000000000e+02,2.940000000000000000e+02,3.080000000000000000e+02,3.220000000000000000e+02,3.360000000000000000e+02,3.500000000000000000e+02,3.640000000000000000e+02,3.780000000000000000e+02,3.920000000000000000e+02,4.060000000000000000e+02,4.200000000000000000e+02,4.340000000000000000e+02,4.480000000000000000e+02,4.620000000000000000e+02,4.760000000000000000e+02,4.900000000000000000e+02,5.040000000000000000e+02,5.180000000000000000e+02,5.320000000000000000e+02,5.460000000000000000e+02,5.600000000000000000e+02,5.740000000000000000e+02,5.880000000000000000e+02,6.020000000000000000e+02,6.160000000000000000e+02,6.300000000000000000e+02,6.440000000000000000e+02,6.580000000000000000e+02,6.720000000000000000e+02,6.860000000000000000e+02,7.000000000000000000e+02,7.140000000000000000e+02,7.280000000000000000e+02,7.420000000000000000e+02,7.560000000000000000e+02,7.700000000000000000e+02,7.840000000000000000e+02,7.980000000000000000e+02,8.120000000000000000e+02,8.260000000000000000e+02,8.400000000000000000e+02,8.540000000000000000e+02,8.680000000000000000e+02,8.820000000000000000e+02,8.960000000000000000e+02,9.100000000000000000e+02,9.240000000000000000e+02,9.380000000000000000e+02,9.520000000000000000e+02,9.660000000000000000e+02,9.800000000000000000e+02,9.940000000000000000e+02,1.008000000000000000e+03,1.022000000000000000e+03,1.036000000000000000e+03,1.050000000000000000e+03,1.064000000000000000e+03,1.078000000000000000e+03,1.092000000000000000e+03,1.106000000000000000e+03,1.120000000000000000e+03,1.134000000000000000e+03,1.148000000000000000e+03,1.162000000000000000e+03,1.176000000000000000e+03,1.190000000000000000e+03,1.204000000000000000e+03,1.218000000000000000e+03,1.232000000000000000e+03,1.246000000000000000e+03,1.260000000000000000e+03,1.274000000000000000e+03,1.288000000000000000e+03,1.302000000000000000e+03,1.316000000000000000e+03,1.330000000000000000e+03,1.344000000000000000e+03,1.358000000000000000e+03,1.372000000000000000e+03,1.386000000000000000e+03,1.400000000000000000e+03,1.414000000000000000e+03,1.428000000000000000e+03,1.442000000000000000e+03,1.456000000000000000e+03,1.470000000000000000e+03,1.484000000000000000e+03,1.498000000000000000e+03,1.512000000000000000e+03,1.526000000000000000e+03,1.540000000000000000e+03,1.554000000000000000e+03,1.568000000000000000e+03,1.582000000000000000e+03,1.596000000000000000e+03,1.610000000000000000e+03,1.624000000000000000e+03,1.638000000000000000e+03,1.652000000000000000e+03,1.666000000000000000e+03,1.680000000000000000e+03,1.694000000000000000e+03,1.708000000000000000e+03,1.722000000000000000e+03,1.736000000000000000e+03,1.750000000000000000e+03,1.764000000000000000e+03,1.778000000000000000e+03,1.792000000000000000e+03,1.806000000000000000e+03,1.820000000000000000e+03,1.834000000000000000e+03,1.848000000000000000e+03,1.862000000000000000e+03,1.876000000000000000e+03,1.890000000000000000e+03,1.904000000000000000e+03,1.918000000000000000e+03,1.932000000000000000e+03,1.946000000000000000e+03,1.960000000000000000e+03,1.974000000000000000e+03,1.988000000000000000e+03,2.002000000000000000e+03,2.016000000000000000e+03,2.030000000000000000e+03,2.044000000000000000e+03,2.058000000000000000e+03,2.072000000000000000e+03,2.086000000000000000e+03,2.100000000000000000e+03,2.114000000000000000e+03,2.128000000000000000e+03,2.142000000000000000e+03,2.156000000000000000e+03,2.170000000000000000e+03,2.184000000000000000e+03,2.198000000000000000e+03,2.212000000000000000e+03,2.226000000000000000e+03,2.240000000000000000e+03,2.254000000000000000e+03,2.268000000000000000e+03,2.282000000000000000e+03,2.296000000000000000e+03,2.310000000000000000e+03,2.324000000000000000e+03,2.338000000000000000e+03,2.352000000000000000e+03,2.366000000000000000e+03,2.380000000000000000e+03,2.394000000000000000e+03,2.408000000000000000e+03,2.422000000000000000e+03,2.436000000000000000e+03,2.450000000000000000e+03,2.464000000000000000e+03,2.478000000000000000e+03,2.492000000000000000e+03,2.506000000000000000e+03,2.520000000000000000e+03,2.534000000000000000e+03,2.548000000000000000e+03,2.562000000000000000e+03,2.576000000000000000e+03,2.590000000000000000e+03,2.604000000000000000e+03,2.618000000000000000e+03,2.632000000000000000e+03,2.646000000000000000e+03,2.660000000000000000e+03,2.674000000000000000e+03,2.688000000000000000e+03,2.702000000000000000e+03,2.716000000000000000e+03,2.730000000000000000e+03,2.744000000000000000e+03,2.758000000000000000e+03,2.772000000000000000e+03,2.786000000000000000e+03,2.800000000000000000e+03,2.814000000000000000e+03,2.828000000000000000e+03,2.842000000000000000e+03,2.856000000000000000e+03,2.870000000000000000e+03,2.884000000000000000e+03,2.898000000000000000e+03,2.912000000000000000e+03,2.926000000000000000e+03,2.940000000000000000e+03,2.954000000000000000e+03,2.968000000000000000e+03,2.982000000000000000e+03,2.996000000000000000e+03,3.010000000000000000e+03,3.024000000000000000e+03,3.038000000000000000e+03,3.052000000000000000e+03,3.066000000000000000e+03,3.080000000000000000e+03,3.094000000000000000e+03,3.108000000000000000e+03,3.122000000000000000e+03,3.136000000000000000e+03,3.150000000000000000e+03,3.164000000000000000e+03,3.178000000000000000e+03,3.192000000000000000e+03,3.206000000000000000e+03,3.220000000000000000e+03,3.234000000000000000e+03,3.248000000000000000e+03,3.262000000000000000e+03,3.276000000000000000e+03,3.290000000000000000e+03,3.304000000000000000e+03,3.318000000000000000e+03,3.332000000000000000e+03,3.346000000000000000e+03,3.360000000000000000e+03,3.374000000000000000e+03,3.388000000000000000e+03,3.402000000000000000e+03,3.416000000000000000e+03,3.430000000000000000e+03,3.444000000000000000e+03,3.458000000000000000e+03,3.472000000000000000e+03,3.486000000000000000e+03,3.500000000000000000e+03,3.514000000000000000e+03,3.528000000000000000e+03,3.542000000000000000e+03,3.556000000000000000e+03,3.570000000000000000e+03,3.584000000000000000e+03,3.598000000000000000e+03,3.612000000000000000e+03,3.626000000000000000e+03,3.640000000000000000e+03,3.654000000000000000e+03,3.668000000000000000e+03,3.682000000000000000e+03,3.696000000000000000e+03,3.710000000000000000e+03,3.724000000000000000e+03,3.738000000000000000e+03,3.752000000000000000e+03,3.766000000000000000e+03,3.780000000000000000e+03,3.794000000000000000e+03,3.808000000000000000e+03,3.822000000000000000e+03,3.836000000000000000e+03,3.850000000000000000e+03,3.864000000000000000e+03,3.878000000000000000e+03,3.892000000000000000e+03,3.906000000000000000e+03,3.920000000000000000e+03,3.934000000000000000e+03,3.948000000000000000e+03,3.962000000000000000e+03,3.976000000000000000e+03,3.990000000000000000e+03,4.004000000000000000e+03,4.018000000000000000e+03,4.032000000000000000e+03,4.046000000000000000e+03,4.060000000000000000e+03,4.074000000000000000e+03,4.088000000000000000e+03,4.102000000000000000e+03,4.116000000000000000e+03,4.130000000000000000e+03,4.144000000000000000e+03,4.158000000000000000e+03,4.172000000000000000e+03,4.186000000000000000e+03
0.000000000000000000e+00,1.500000000000000000e+01,3.000000000000000000e+01,4.500000000000000000e+01,6.000000000000000000e+01,7.500000000000000000e+01,9.000000000000000000e+01,1.050000000000000000e+02,1.200000000000000000e+02,1.350000000000000000e+02,1.500000000000000000e+02,1.650000000000000000e+02,1.800000000000000000e+02,1.950000000000000000e+02,2.100000000000000000e+02,2.250000000000000000e+02,2.400000000000000000e+02,2.550000000000000000e+02,2.700000000000000000e+02,2.850000000000000000e+02,3.000000000000000000e+02,3.150000000000000000e+02,3.300000000000000000e+02,3.450000000000000000e+02,3.600000000000000000e+02,3.750000000000000000e+02,3.900000000000000000e+02,4.050000000000000000e+02,4.200000000000000000e+02,4.350000000000000000e+02,4.500000000000000000e+02,4.650000000000000000e+02,4.800000000000000000e+02,4.950000000000000000e+02,5.100000000000000000e+02,5.250000000000000000e+02,5.400000000000000000e+02,5.550000000000000000e+02,5.700000000000000000e+02,5.850000000000000000e+02,6.000000000000000000e+02,6.150000000000000000e+02,6.300000000000000000e+02,6.450000000000000000e+02,6.600000000000000000e+02,6.750000000000000000e+02,6.900000000000000000e+02,7.050000000000000000e+02,7.200000000000000000e+02,7.350000000000000000e+02,7.500000000000000000e+02,7.650000000000000000e+02,7.800000000000000000e+02,7.950000000000000000e+02,8.100000000000000000e+02,8.250000000000000000e+02,8.400000000000000000e+02,8.550000000000000000e+02,8.700000000000000000e+02,8.850000000000000000e+02,9.000000000000000000e+02,9.150000000000000000e+02,9.300000000000000000e+02,9.450000000000000000e+02,9.600000000000000000e+02,9.750000000000000000e+02,9.900000000000000000e+02,1.005000000000000000e+03,1.020000000000000000e+03,1.035000000000000000e+03,1.050000000000000000e+03,1.065000000000000000e+03,1.080000000000000000e+03,1.095000000000000000e+03,1.110000000000000000e+03,1.125000000000000000e+03,1.140000000000000000e+03,1.155000000000000000e+03,1.170000000000000000e+03,1.185000000000000000e+03,1.200000000000000000e+03,1.215000000000000000e+03,1.230000000000000000e+03,1.245000000000000000e+03,1.260000000000000000e+03,1.275000000000000000e+03,1.290000000000000000e+03,1.305000000000000000e+03,1.320000000000000000e+03,1.335000000000000000e+03,1.350000000000000000e+03,1.365000000000000000e+03,1.380000000000000000e+03,1.395000000000000000e+03,1.410000000000000000e+03,1.425000000000000000e+03,1.440000000000000000e+03,1.455000000000000000e+03,1.470000000000000000e+03,1.485000000000000000e+03,1.500000000000000000e+03,1.515000000000000000e+03,1.530000000000000000e+03,1.545000000000000000e+03,1.560000000000000000e+03,1.575000000000000000e+03,1.590000000000000000e+03,1.605000000000000000e+03,1.620000000000000000e+03,1.635000000000000000e+03,1.650000000000000000e+03,1.665000000000000000e+03,1.680000000000000000e+03,1.695000000000000000e+03,1.710000000000000000e+03,1.725000000000000000e+03,1.740000000000000000e+03,1.755000000000000000e+03,1.770000000000000000e+03,1.785000000000000000e+03,1.800000000000000000e+03,1.815000000000000000e+03,1.830000000000000000e+03,1.845000000000000000e+03,1.860000000000000000e+03,1.875000000000000000e+03,1.890000000000000000e+03,1.905000000000000000e+03,1.920000000000000000e+03,1.935000000000000000e+03,1.950000000000000000e+03,1.965000000000000000e+03,1.980000000000000000e+03,1.995000000000000000e+03,2.010000000000000000e+03,2.025000000000000000e+03,2.040000000000000000e+03,2.055000000000000000e+03,2.070000000000000000e+03,2.085000000000000000e+03,2.100000000000000000e+03,2.115000000000000000e+03,2.130000000000000000e+03,2.145000000000000000e+03,2.160000000000000000e+03,2.175000000000000000e+03,2.190000000000000000e+03,2.205000000000000000e+03,2.220000000000000000e+03,2.235000000000000000e+03,2.250000000000000000e+03,2.265000000000000000e+03,2.280000000000000000e+03,2.295000000000000000e+03,2.310000000000000000e+03,2.325000000000000000e+03,2.340000000000000000e+03,2.355000000000000000e+03,2.370000000000000000e+03,2.385000000000000000e+03,2.400000000000000000e+03,2.415000000000000000e+03,2.430000000000000000e+03,2.445000000000000000e+03,2.460000000000000000e+03,2.475000000000000000e+03,2.490000000000000000e+03,2.505000000000000000e+03,2.520000000000000000e+03,2.535000000000000000e+03,2.550000000000000000e+03,2.565000000000000000e+03,2.580000000000000000e+03,2.595000000000000000e+03,2.610000000000000000e+03,2.625000000000000000e+03,2.640000000000000000e+03,2.655000000000000000e+03,2.670000000000000000e+03,2.685000000000000000e+03,2.700000000000000000e+03,2.715000000000000000e+03,2.730000000000000000e+03,2.745000000000000000e+03,2.760000000000000000e+03,2.775000000000000000e+03,2.790000000000000000e+03,2.805000000000000000e+03,2.820000000000000000e+03,2.835000000000000000e+03,2.850000000000000000e+03,2.865000000000000000e+03,2.880000000000000000e+03,2.895000000000000000e+03,2.910000000000000000e+03,2.925000000000000000e+03,2.940000000000000000e+03,2.955000000000000000e+03,2.970000000000000000e+03,2.985000000000000000e+03,3.000000000000000000e+03,3.015000000000000000e+03,3.030000000000000000e+03,3.045000000000000000e+03,3.060000000000000000e+03,3.075000000000000000e+03,3.090000000000000000e+03,3.105000000000000000e+03,3.120000000000000000e+03,3.135000000000000000e+03,3.150000000000000000e+03,3.165000000000000000e+03,3.180000000000000000e+03,3.195000000000000000e+03,3.210000000000000000e+03,3.225000000000000000e+03,3.240000000000000000e+03,3.255000000000000000e+03,3.270000000000000000e+03,3.285000000000000000e+03,3.300000000000000000e+03,3.315000000000000000e+03,3.330000000000000000e+03,3.345000000000000000e+03,3.360000000000000000e+03,3.375000000000000000e+03,3.390000000000000000e+03,3.405000000000000000e+03,3.420000000000000000e+03,3.435000000000000000e+03,3.450000000000000000e+03,3.465000000000000000e+03,3.480000000000000000e+03,3.495000000000000000e+03,3.510000000000000000e+03,3.525000000000000000e+03,3.540000000000000000e+03,3.555000000000000000e+03,3.570000000000000000e+03,3.585000000000000000e+03,3.600000000000000000e+03,3.615000000000000000e+03,3.630000000000000000e+03,3.645000000000000000e+03,3.660000000000000000e+03,3.675000000000000000e+03,3.690000000000000000e+03,3.705000000000000000e+03,3.720000000000000000e+03,3.735000000000000000e+03,3.750000000000000000e+03,3.765000000000000000e+03,3.780000000000000000e+03,3.795000000000000000e+03,3.810000000000000000e+03,3.825000000000000000e+03,3.840000000000000000e+03,3.855000000000000000e+03,3.870000000000000000e+03,3.885000000000000000e+03,3.900000000000000000e+03,3.915000000000000000e+03,3.930000000000000000e+03,3.945000000000000000e+03,3.960000000000000000e+03,3.975000000000000000e+03,3.990000000000000000e+03,4.005000000000000000e+03,4.020000000000000000e+03,4.035000000000000000e+03,4.050000000000000000e+03,4.065000000000000000e+03,4.080000000000000000e+03,4.095000000000000000e+03,4.110000000000000000e+03,4.125000000000000000e+03,4.140000000000000000e+03,4.155000000000000000e+03,4.170000000000000000e+03,4.185000000000000000e+03,4.200000000000000000e+03,4.215000000000000000e+03,4.230000000000000000e+03,4.245000000000000000e+03,4.260000000000000000e+03,4.275000000000000000e+03,4.290000000000000000e+03,4.305000000000000000e+03,4.320000000000000000e+03,4.335000000000000000e+03,4.350000000000000000e+03,4.365000000000000000e+03,4.380000000000000000e+03,4.395000000000000000e+03,4.410000000000000000e+03,4.425000000000000000e+03,4.440000000000000000e+03,4.455000000000000000e+03,4.470000000000000000e+03,4.485000000000000000e+03
0.000000000000000000e+00,1.600000000000000000e+01,3.200000000000000000e+01,4.800000000000000000e+01,6.400000000000000000e+01,8.000000000000000000e+01,9.600000000000000000e+01,1.120000000000000000e+02,1.280000000000000000e+02,1.440000000000000000e+02,1.600000000000000000e+02,1.760000000000000000e+02,1.920000000000000000e+02,2.080000000000000000e+02,2.240000000000000000e+02,2.400000000000000000e+02,2.560000000000000000e+02,2.720000000000000000e+02,2.880000000000000000e+02,3.040000000000000000e+02,3.200000000000000000e+02,3.360000000000000000e+02,3.520000000000000000e+02,3.680000000000000000e+02,3.840000000000000000e+02,4.000000000000000000e+02,4.160000000000000000e+02,4.320000000000000000e+02,4.480000000000000000e+02,4.640000000000000000e+02,4.800000000000000000e+02,4.960000000000000000e+02,5.120000000000000000e+02,5.280000000000000000e+02,5.440000000000000000e+02,5.600000000000000000e+02,5.760000000000000000e+02,5.920000000000000000e+02,6.080000000000000000e+02,6.240000000000000000e+02,6.400000000000000000e+02,6.560000000000000000e+02,6.720000000000000000e+02,6.880000000000000000e+02,7.040000000000000000e+02,7.200000000000000000e+02,7.360000000000000000e+02,7.520000000000000000e+02,7.680000000000000000e+02,7.840000000000000000e+02,8.000000000000000000e+02,8.160000000000000000e+02,8.320000000000000000e+02,8.480000000000000000e+02,8.640000000000000000e+02,8.800000000000000000e+02,8.960000000000000000e+02,9.120000000000000000e+02,9.280000000000000000e+02,9.440000000000000000e+02,9.600000000000000000e+02,9.760000000000000000e+02,9.920000000000000000e+02,1.008000000000000000e+03,1.024000000000000000e+03,1.040000000000000000e+03,1.056000000000000000e+03,1.072000000000000000e+03,1.088000000000000000e+03,1.104000000000000000e+03,1.120000000000000000e+03,1.136000000000000000e+03,1.152000000000000000e+03,1.168000000000000000e+03,1.184000000000000000e+03,1.200000000000000000e+03,1.216000000000000000e+03,1.232000000000000000e+03,1.248000000000000000e+03,1.264000000000000000e+03,1.280000000000000000e+03,1.296000000000000000e+03,1.312000000000000000e+03,1.328000000000000000e+03,1.344000000000000000e+03,1.360000000000000000e+03,1.376000000000000000e+03,1.392000000000000000e+03,1.408000000000000000e+03,1.424000000000000000e+03,1.440000000000000000e+03,1.456000000000000000e+03,1.472000000000000000e+03,1.488000000000000000e+03,1.504000000000000000e+03,1.520000000000000000e+03,1.536000000000000000e+03,1.552000000000000000e+03,1.568000000000000000e+03,1.584000000000000000e+03,1.600000000000000000e+03,1.616000000000000000e+03,1.632000000000000000e+03,1.648000000000000000e+03,1.664000000000000000e+03,1.680000000000000000e+03,1.696000000000000000e+03,1.712000000000000000e+03,1.728000000000000000e+03,1.744000000000000000e+03,1.760000000000000000e+03,1.776000000000000000e+03,1.792000000000000000e+03,1.808000000000000000e+03,1.824000000000000000e+03,1.840000000000000000e+03,1.856000000000000000e+03,1.872000000000000000e+03,1.888000000000000000e+03,1.904000000000000000e+03,1.920000000000000000e+03,1.936000000000000000e+03,1.952000000000000000e+03,1.968000000000000000e+03,1.984000000000000000e+03,2.000000000000000000e+03,2.016000000000000000e+03,2.032000000000000000e+03,2.048000000000000000e+03,2.064000000000000000e+03,2.080000000000000000e+03,2.096000000000000000e+03,2.112000000000000000e+03,2.128000000000000000e+03,2.144000000000000000e+03,2.160000000000000000e+03,2.176000000000000000e+03,2.192000000000000000e+03,2.208000000000000000e+03,2.224000000000000000e+03,2.240000000000000000e+03,2.256000000000000000e+03,2.272000000000000000e+03,2.288000000000000000e+03,2.304000000000000000e+03,2.320000000000000000e+03,2.336000000000000000e+03,2.352000000000000000e+03,2.368000000000000000e+03,2.384000000000000000e+03,2.400000000000000000e+03,2.416000000000000000e+03,2.432000000000000000e+03,2.448000000000000000e+03,2.464000000000000000e+03,2.480000000000000000e+03,2.496000000000000000e+03,2.512000000000000000e+03,2.528000000000000000e+03,2.544000000000000000e+03,2.560000000000000000e+03,2.576000000000000000e+03,2.592000000000000000e+03,2.608000000000000000e+03,2.624000000000000000e+03,2.640000000000000000e+03,2.656000000000000000e+03,2.672000000000000000e+03,2.688000000000000000e+03,2.704000000000000000e+03,2.720000000000000000e+03,2.736000000000000000e+03,2.752000000000000000e+03,2.768000000000000000e+03,2.784000000000000000e+03,2.800000000000000000e+03,2.816000000000000000e+03,2.832000000000000000e+03,2.848000000000000000e+03,2.864000000000000000e+03,2.880000000000000000e+03,2.896000000000000000e+03,2.912000000000000000e+03,2.928000000000000000e+03,2.944000000000000000e+03,2.960000000000000000e+03,2.976000000000000000e+03,2.992000000000000000e+03,3.008000000000000000e+03,3.024000000000000000e+03,3.040000000000000000e+03,3.056000000000000000e+03,3.072000000000000000e+03,3.088000000000000000e+03,3.104000000000000000e+03,3.120000000000000000e+03,3.136000000000000000e+03,3.152000000000000000e+03,3.168000000000000000e+03,3.184000000000000000e+03,3.200000000000000000e+03,3.216000000000000000e+03,3.232000000000000000e+03,3.248000000000000000e+03,3.264000000000000000e+03,3.280000000000000000e+03,3.296000000000000000e+03,3.312000000000000000e+03,3.328000000000000000e+03,3.344000000000000000e+03,3.360000000000000000e+03,3.376000000000000000e+03,3.392000000000000000e+03,3.408000000000000000e+03,3.424000000000000000e+03,3.440000000000000000e+03,3.456000000000000000e+03,3.472000000000000000e+03,3.488000000000000000e+03,3.504000000000000000e+03,3.520000000000000000e+03,3.536000000000000000e+03,3.552000000000000000e+03,3.568000000000000000e+03,3.584000000000000000e+03,3.600000000000000000e+03,3.616000000000000000e+03,3.632000000000000000e+03,3.648000000000000000e+03,3.664000000000000000e+03,3.680000000000000000e+03,3.696000000000000000e+03,3.712000000000000000e+03,3.728000000000000000e+03,3.744000000000000000e+03,3.760000000000000000e+03,3.776000000000000000e+03,3.792000000000000000e+03,3.808000000000000000e+03,3.824000000000000000e+03,3.840000000000000000e+03,3.856000000000000000e+03,3.872000000000000000e+03,3.888000000000000000e+03,3.904000000000000000e+03,3.920000000000000000e+03,3.936000000000000000e+03,3.952000000000000000e+03,3.968000000000000000e+03,3.984000000000000000e+03,4.000000000000000000e+03,4.016000000000000000e+03,4.032000000000000000e+03,4.048000000000000000e+03,4.064000000000000000e+03,4.080000000000000000e+03,4.096000000000000000e+03,4.112000000000000000e+03,4.128000000000000000e+03,4.144000000000000000e+03,4.160000000000000000e+03,4.176000000000000000e+03,4.192000000000000000e+03,4.208000000000000000e+03,4.224000000000000000e+03,4.240000000000000000e+03,4.256000000000000000e+03,4.272000000000000000e+03,4.288000000000000000e+03,4.304000000000000000e+03,4.320000000000000000e+03,4.336000000000000000e+03,4.352000000000000000e+03,4.368000000000000000e+03,4.384000000000000000e+03,4.400000000000000000e+03,4.416000000000000000e+03,4.432000000000000000e+03,4.448000000000000000e+03,4.464000000000000000e+03,4.480000000000000000e+03,4.496000000000000000e+03,4.512000000000000000e+03,4.528000000000000000e+03,4.544000000000000000e+03,4.560000000000000000e+03,4.576000000000000000e+03,4.592000000000000000e+03,4.608000000000000000e+03,4.624000000000000000e+03,4.640000000000000000e+03,4.656000000000000000e+03,4.672000000000000000e+03,4.688000000000000000e+03,4.704000000000000000e+03,4.720000000000000000e+03,4.736000000000000000e+03,4.752000000000000000e+03,4.768000000000000000e+03,4.784000000000000000e+03
0.000000000000000000e+00,1.700000000000000000e+01,3.400000000000000000e+01,5.100000000000000000e+01,6.800000000000000000e+01,8.500000000000000000e+01,1.020000000000000000e+02,1.190000000000000000e+02,1.360000000000000000e+02,1.530000000000000000e+02,1.700000000000000000e+02,1.870000000000000000e+02,2.040000000000000000e+02,2.210000000000000000e+02,2.380000000000000000e+02,2.550000000000000000e+02,2.720000000000000000e+02,2.890000000000000000e+02,3.060000000000000000e+02,3.230000000000000000e+02,3.400000000000000000e+02,3.570000000000000000e+02,3.740000000000000000e+02,3.910000000000000000e+02,4.080000000000000000e+02,4.250000000000000000e+02,4.420000000000000000e+02,4.590000000000000000e+02,4.760000000000000000e+02,4.930000000000000000e+02,5.100000000000000000e+02,5.270000000000000000e+02,5.440000000000000000e+02,5.610000000000000000e+02,5.780000000000000000e+02,5.950000000000000000e+02,6.120000000000000000e+02,6.290000000000000000e+02,6.460000000000000000e+02,6.630000000000000000e+02,6.800000000000000000e+02,6.970000000000000000e+02,7.140000000000000000e+02,7.310000000000000000e+02,7.480000000000000000e+02,7.650000000000000000e+02,7.820000000000000000e+02,7.990000000000000000e+02,8.160000000000000000e+02,8.330000000000000000e+02,8.500000000000000000e+02,8.670000000000000000e+02,8.840000000000000000e+02,9.010000000000000000e+02,9.180000000000000000e+02,9.350000000000000000e+02,9.520000000000000000e+02,9.690000000000000000e+02,9.860000000000000000e+02,1.003000000000000000e+03,1.020000000000000000e+03,1.037000000000000000e+03,1.054000000000000000e+03,1.071000000000000000e+03,1.088000000000000000e+03,1.105000000000000000e+03,1.122000000000000000e+03,1.139000000000000000e+03,1.156000000000000000e+03,1.173000000000000000e+03,1.190000000000000000e+03,1.207000000000000000e+03,1.224000000000000000e+03,1.241000000000000000e+03,1.258000000000000000e+03,1.275000000000000000e+03,1.292000000000000000e+03,1.309000000000000000e+03,1.326000000000000000e+03,1.343000000000000000e+03,1.360000000000000000e+03,1.377000000000000000e+03,1.394000000000000000e+03,1.411000000000000000e+03,1.428000000000000000e+03,1.445000000000000000e+03,1.462000000000000000e+03,1.479000000000000000e+03,1.496000000000000000e+03,1.513000000000000000e+03,1.530000000000000000e+03,1.547000000000000000e+03,1.564000000000000000e+03,1.581000000000000000e+03,1.598000000000000000e+03,1.615000000000000000e+03,1.632000000000000000e+03,1.649000000000000000e+03,1.666000000000000000e+03,1.683000000000000000e+03,1.700000000000000000e+03,1.717000000000000000e+03,1.734000000000000000e+03,1.751000000000000000e+03,1.768000000000000000e+03,1.785000000000000000e+03,1.802000000000000000e+03,1.819000000000000000e+03,1.836000000000000000e+03,1.853000000000000000e+03,1.870000000000000000e+03,1.887000000000000000e+03,1.904000000000000000e+03,1.921000000000000000e+03,1.938000000000000000e+03,1.955000000000000000e+03,1.972000000000000000e+03,1.989000000000000000e+03,2.006000000000000000e+03,2.023000000000000000e+03,2.040000000000000000e+03,2.057000000000000000e+03,2.074000000000000000e+03,2.091000000000000000e+03,2.108000000000000000e+03,2.125000000000000000e+03,2.142000000000000000e+03,2.159000000000000000e+03,2.176000000000000000e+03,2.193000000000000000e+03,2.210000000000000000e+03,2.227000000000000000e+03,2.244000000000000000e+03,2.261000000000000000e+03,2.278000000000000000e+03,2.295000000000000000e+03,2.312000000000000000e+03,2.329000000000000000e+03,2.346000000000000000e+03,2.363000000000000000e+03,2.380000000000000000e+03,2.397000000000000000e+03,2.414000000000000000e+03,2.431000000000000000e+03,2.448000000000000000e+03,2.465000000000000000e+03,2.482000000000000000e+03,2.499000000000000000e+03,2.516000000000000000e+03,2.533000000000000000e+03,2.550000000000000000e+03,2.567000000000000000e+03,2.584000000000000000e+03,2.601000000000000000e+03,2.618000000000000000e+03,2.635000000000000000e+03,2.652000000000000000e+03,2.669000000000000000e+03,2.686000000000000000e+03,2.703000000000000000e+03,2.720000000000000000e+03,2.737000000000000000e+03,2.754000000000000000e+03,2.771000000000000000e+03,2.788000000000000000e+03,2.805000000000000000e+03,2.822000000000000000e+03,2.839000000000000000e+03,2.856000000000000000e+03,2.873000000000000000e+03,2.890000000000000000e+03,2.907000000000000000e+03,2.924000000000000000e+03,2.941000000000000000e+03,2.958000000000000000e+03,2.975000000000000000e+03,2.992000000000000000e+03,3.009000000000000000e+03,3.026000000000000000e+03,3.043000000000000000e+03,3.060000000000000000e+03,3.077000000000000000e+03,3.094000000000000000e+03,3.111000000000000000e+03,3.128000000000000000e+03,3.145000000000000000e+03,3.162000000000000000e+03,3.179000000000000000e+03,3.196000000000000000e+03,3.213000000000000000e+03,3.230000000000000000e+03,3.247000000000000000e+03,3.264000000000000000e+03,3.281000000000000000e+03,3.298000000000000000e+03,3.315000000000000000e+03,3.332000000000000000e+03,3.349000000000000000e+03,3.366000000000000000e+03,3.383000000000000000e+03,3.400000000000000000e+03,3.417000000000000000e+03,3.434000000000000000e+03,3.451000000000000000e+03,3.468000000000000000e+03,3.485000000000000000e+03,3.502000000000000000e+03,3.519000000000000000e+03,3.536000000000000000e+03,3.553000000000000000e+03,3.570000000000000000e+03,3.587000000000000000e+03,3.604000000000000000e+03,3.621000000000000000e+03,3.638000000000000000e+03,3.655000000000000000e+03,3.672000000000000000e+03,3.689000000000000000e+03,3.706000000000000000e+03,3.723000000000000000e+03,3.740000000000000000e+03,3.757000000000000000e+03,3.774000000000000000e+03,3.791000000000000000e+03,3.808000000000000000e+03,3.825000000000000000e+03,3.842000000000000000e+03,3.859000000000000000e+03,3.876000000000000000e+03,3.893000000000000000e+03,3.910000000000000000e+03,3.927000000000000000e+03,3.944000000000000000e+03,3.961000000000000000e+03,3.978000000000000000e+03,3.995000000000000000e+03,4.012000000000000000e+03,4.029000000000000000e+03,4.046000000000000000e+03,4.063000000000000000e+03,4.080000000000000000e+03,4.097000000000000000e+03,4.114000000000000000e+03,4.131000000000000000e+03,4.148000000000000000e+03,4.165000000000000000e+03,4.182000000000000000e+03,4.199000000000000000e+03,4.216000000000000000e+03,4.233000000000000000e+03,4.250000000000000000e+03,4.267000000000000000e+03,4.284000000000000000e+03,4.301000000000000000e+03,4.318000000000000000e+03,4.335000000000000000e+03,4.352000000000000000e+03,4.369000000000000000e+03,4.386000000000000000e+03,4.403000000000000000e+03,4.420000000000000000e+03,4.437000000000000000e+03,4.454000000000000000e+03,4.471000000000000000e+03,4.488000000000000000e+03,4.505000000000000000e+03,4.522000000000000000e+03,4.539000000000000000e+03,4.556000000000000000e+03,4.573000000000000000e+03,4.590000000000000000e+03,4.607000000000000000e+03,4.624000000000000000e+03,4.641000000000000000e+03,4.658000000000000000e+03,4.675000000000000000e+03,4.692000000000000000e+03,4.709000000000000000e+03,4.726000000000000000e+03,4.743000000000000000e+03,4.760000000000000000e+03,4.777000000000000000e+03,4.794000000000000000e+03,4.811000000000000000e+03,4.828000000000000000e+03,4.845000000000000000e+03,4.862000000000000000e+03,4.879000000000000000e+03,4.896000000000000000e+03,4.913000000000000000e+03,4.930000000000000000e+03,4.947000000000000000e+03,4.964000000000000000e+03,4.981000000000000000e+03,4.998000000000000000e+03,5.015000000000000000e+03,5.032000000000000000e+03,5.049000000000000000e+03,5.066000000000000000e+03,5.083000000000000000e+03
0.000000000000000000e+00,1.800000000000000000e+01,3.600000000000000000e+01,5.400000000000000000e+01,7.200000000000000000e+01,9.000000000000000000e+01,1.080000000000000000e+02,1.260000000000000000e+02,1.440000000000000000e+02,1.620000000000000000e+02,1.800000000000000000e+02,1.980000000000000000e+02,2.160000000000000000e+02,2.340000000000000000e+02,2.520000000000000000e+02,2.700000000000000000e+02,2.880000000000000000e+02,3.060000000000000000e+02,3.240000000000000000e+02,3.420000000000000000e+02,3.600000000000000000e+02,3.780000000000000000e+02,3.960000000000000000e+02,4.140000000000000000e+02,4.320000000000000000e+02,4.500000000000000000e+02,4.680000000000000000e+02,4.860000000000000000e+02,5.040000000000000000e+02,5.220000000000000000e+02,5.400000000000000000e+02,5.580000000000000000e+02,5.760000000000000000e+02,5.940000000000000000e+02,6.120000000000000000e+02,6.300000000000000000e+02,6.480000000000000000e+02,6.660000000000000000e+02,6.840000000000000000e+02,7.020000000000000000e+02,7.200000000000000000e+02,7.380000000000000000e+02,7.560000000000000000e+02,7.740000000000000000e+02,7.920000000000000000e+02,8.100000000000000000e+02,8.280000000000000000e+02,8.460000000000000000e+02,8.640000000000000000e+02,8.820000000000000000e+02,9.000000000000000000e+02,9.180000000000000000e+02,9.360000000000000000e+02,9.540000000000000000e+02,9.720000000000000000e+02,9.900000000000000000e+02,1.008000000000000000e+03,1.026000000000000000e+03,1.044000000000000000e+03,1.062000000000000000e+03,1.080000000000000000e+03,1.098000000000000000e+03,1.116000000000000000e+03,1.134000000000000000e+03,1.152000000000000000e+03,1.170000000000000000e+03,1.188000000000000000e+03,1.206000000000000000e+03,1.224000000000000000e+03,1.242000000000000000e+03,1.260000000000000000e+03,1.278000000000000000e+03,1.296000000000000000e+03,1.314000000000000000e+03,1.332000000000000000e+03,1.350000000000000000e+03,1.368000000000000000e+03,1.386000000000000000e+03,1.404000000000000000e+03,1.422000000000000000e+03,1.440000000000000000e+03,1.458000000000000000e+03,1.476000000000000000e+03,1.494000000000000000e+03,1.512000000000000000e+03,1.530000000000000000e+03,1.548000000000000000e+03,1.566000000000000000e+03,1.584000000000000000e+03,1.602000000000000000e+03,1.620000000000000000e+03,1.638000000000000000e+03,1.656000000000000000e+03,1.674000000000000000e+03,1.692000000000000000e+03,1.710000000000000000e+03,1.728000000000000000e+03,1.746000000000000000e+03,1.764000000000000000e+03,1.782000000000000000e+03,1.800000000000000000e+03,1.818000000000000000e+03,1.836000000000000000e+03,1.854000000000000000e+03,1.872000000000000000e+03,1.890000000000000000e+03,1.908000000000000000e+03,1.926000000000000000e+03,1.944000000000000000e+03,1.962000000000000000e+03,1.980000000000000000e+03,1.998000000000000000e+03,2.016000000000000000e+03,2.034000000000000000e+03,2.052000000000000000e+03,2.070000000000000000e+03,2.088000000000000000e+03,2.106000000000000000e+03,2.124000000000000000e+03,2.142000000000000000e+03,2.160000000000000000e+03,2.178000000000000000e+03,2.196000000000000000e+03,2.214000000000000000e+03,2.232000000000000000e+03,2.250000000000000000e+03,2.268000000000000000e+03,2.286000000000000000e+03,2.304000000000000000e+03,2.322000000000000000e+03,2.340000000000000000e+03,2.358000000000000000e+03,2.376000000000000000e+03,2.394000000000000000e+03,2.412000000000000000e+03,2.430000000000000000e+03,2.448000000000000000e+03,2.466000000000000000e+03,2.484000000000000000e+03,2.502000000000000000e+03,2.520000000000000000e+03,2.538000000000000000e+03,2.556000000000000000e+03,2.574000000000000000e+03,2.592000000000000000e+03,2.610000000000000000e+03,2.628000000000000000e+03,2.646000000000000000e+03,2.664000000000000000e+03,2.682000000000000000e+03,2.700000000000000000e+03,2.718000000000000000e+03,2.736000000000000000e+03,2.754000000000000000e+03,2.772000000000000000e+03,2.790000000000000000e+03,2.808000000000000000e+03,2.826000000000000000e+03,2.844000000000000000e+03,2.862000000000000000e+03,2.880000000000000000e+03,2.898000000000000000e+03,2.916000000000000000e+03,2.934000000000000000e+03,2.952000000000000000e+03,2.970000000000000000e+03,2.988000000000000000e+03,3.006000000000000000e+03,3.024000000000000000e+03,3.042000000000000000e+03,3.060000000000000000e+03,3.078000000000000000e+03,3.096000000000000000e+03,3.114000000000000000e+03,3.132000000000000000e+03,3.150000000000000000e+03,3.168000000000000000e+03,3.186000000000000000e+03,3.204000000000000000e+03,3.222000000000000000e+03,3.240000000000000000e+03,3.258000000000000000e+03,3.276000000000000000e+03,3.294000000000000000e+03,3.312000000000000000e+03,3.330000000000000000e+03,3.348000000000000000e+03,3.366000000000000000e+03,3.384000000000000000e+03,3.402000000000000000e+03,3.420000000000000000e+03,3.438000000000000000e+03,3.456000000000000000e+03,3.474000000000000000e+03,3.492000000000000000e+03,3.510000000000000000e+03,3.528000000000000000e+03,3.546000000000000000e+03,3.564000000000000000e+03,3.582000000000000000e+03,3.600000000000000000e+03,3.618000000000000000e+03,3.636000000000000000e+03,3.654000000000000000e+03,3.672000000000000000e+03,3.690000000000000000e+03,3.708000000000000000e+03,3.726000000000000000e+03,3.744000000000000000e+03,3.762000000000000000e+03,3.780000000000000000e+03,3.798000000000000000e+03,3.816000000000000000e+03,3.834000000000000000e+03,3.852000000000000000e+03,3.870000000000000000e+03,3.888000000000000000e+03,3.906000000000000000e+03,3.924000000000000000e+03,3.942000000000000000e+03,3.960000000000000000e+03,3.978000000000000000e+03,3.996000000000000000e+03,4.014000000000000000e+03,4.032000000000000000e+03,4.050000000000000000e+03,4.068000000000000000e+03,4.086000000000000000e+03,4.104000000000000000e+03,4.122000000000000000e+03,4.140000000000000000e+03,4.158000000000000000e+03,4.176000000000000000e+03,4.194000000000000000e+03,4.212000000000000000e+03,4.230000000000000000e+03,4.248000000000000000e+03,4.266000000000000000e+03,4.284000000000000000e+03,4.302000000000000000e+03,4.320000000000000000e+03,4.338000000000000000e+03,4.356000000000000000e+03,4.374000000000000000e+03,4.392000000000000000e+03,4.410000000000000000e+03,4.428000000000000000e+03,4.446000000000000000e+03,4.464000000000000000e+03,4.482000000000000000e+03,4.500000000000000000e+03,4.518000000000000000e+03,4.536000000000000000e+03,4.554000000000000000e+03,4.572000000000000000e+03,4.590000000000000000e+03,4.608000000000000000e+03,4.626000000000000000e+03,4.644000000000000000e+03,4.662000000000000000e+03,4.680000000000000000e+03,4.698000000000000000e+03,4.716000000000000000e+03,4.734000000000000000e+03,4.752000000000000000e+03,4.770000000000000000e+03,4.788000000000000000e+03,4.806000000000000000e+03,4.824000000000000000e+03,4.842000000000000000e+03,4.860000000000000000e+03,4.878000000000000000e+03,4.896000000000000000e+03,4.914000000000000000e+03,4.932000000000000000e+03,4.950000000000000000e+03,4.968000000000000000e+03,4.986000000000000000e+03,5.004000000000000000e+03,5.022000000000000000e+03,5.040000000000000000e+03,5.058000000000000000e+03,5.076000000000000000e+03,5.094000000000000000e+03,5.112000000000000000e+03,5.130000000000000000e+03,5.148000000000000000e+03,5.166000000000000000e+03,5.184000000000000000e+03,5.202000000000000000e+03,5.220000000000000000e+03,5.238000000000000000e+03,5.256000000000000000e+03,5.274000000000000000e+03,5.292000000000000000e+03,5.310000000000000000e+03,5.328000000000000000e+03,5.346000000000000000e+03,5.364000000000000000e+03,5.382000000000000000e+03
0.000000000000000000e+00,1.900000000000000000e+01,3.800000000000000000e+01,5.700000000000000000e+01,7.600000000000000000e+01,9.500000000000000000e+01,1.140000000000000000e+02,1.330000000000000000e+02,1.520000000000000000e+02,1.710000000000000000e+02,1.900000000000000000e+02,2.090000000000000000e+02,2.280000000000000000e+02,2.470000000000000000e+02,2.660000000000000000e+02,2.850000000000000000e+02,3.040000000000000000e+02,3.230000000000000000e+02,3.420000000000000000e+02,3.610000000000000000e+02,3.800000000000000000e+02,3.990000000000000000e+02,4.180000000000000000e+02,4.370000000000000000e+02,4.560000000000000000e+02,4.750000000000000000e+02,4.940000000000000000e+02,5.130000000000000000e+02,5.320000000000000000e+02,5.510000000000000000e+02,5.700000000000000000e+02,5.890000000000000000e+02,6.080000000000000000e+02,6.270000000000000000e+02,6.460000000000000000e+02,6.650000000000000000e+02,6.840000000000000000e+02,7.030000000000000000e+02,7.220000000000000000e+02,7.410000000000000000e+02,7.600000000000000000e+02,7.790000000000000000e+02,7.980000000000000000e+02,8.170000000000000000e+02,8.360000000000000000e+02,8.550000000000000000e+02,8.740000000000000000e+02,8.930000000000000000e+02,9.120000000000000000e+02,9.310000000000000000e+02,9.500000000000000000e+02,9.690000000000000000e+02,9.880000000000000000e+02,1.007000000000000000e+03,1.026000000000000000e+03,1.045000000000000000e+03,1.064000000000000000e+03,1.083000000000000000e+03,1.102000000000000000e+03,1.121000000000000000e+03,1.140000000000000000e+03,1.159000000000000000e+03,1.178000000000000000e+03,1.197000000000000000e+03,1.216000000000000000e+03,1.235000000000000000e+03,1.254000000000000000e+03,1.273000000000000000e+03,1.292000000000000000e+03,1.311000000000000000e+03,1.330000000000000000e+03,1.349000000000000000e+03,1.368000000000000000e+03,1.387000000000000000e+03,1.406000000000000000e+03,1.425000000000000000e+03,1.444000000000000000e+03,1.463000000000000000e+03,1.482000000000000000e+03,1.501000000000000000e+03,1.520000000000000000e+03,1.539000000000000000e+03,1.558000000000000000e+03,1.577000000000000000e+03,1.596000000000000000e+03,1.615000000000000000e+03,1.634000000000000000e+03,1.653000000000000000e+03,1.672000000000000000e+03,1.691000000000000000e+03,1.710000000000000000e+03,1.729000000000000000e+03,1.748000000000000000e+03,1.767000000000000000e+03,1.786000000000000000e+03,1.805000000000000000e+03,1.824000000000000000e+03,1.843000000000000000e+03,1.862000000000000000e+03,1.881000000000000000e+03,1.900000000000000000e+03,1.919000000000000000e+03,1.938000000000000000e+03,1.957000000000000000e+03,1.976000000000000000e+03,1.995000000000000000e+03,2.014000000000000000e+03,2.033000000000000000e+03,2.052000000000000000e+03,2.071000000000000000e+03,2.090000000000000000e+03,2.109000000000000000e+03,2.128000000000000000e+03,2.147000000000000000e+03,2.166000000000000000e+03,2.185000000000000000e+03,2.204000000000000000e+03,2.223000000000000000e+03,2.242000000000000000e+03,2.261000000000000000e+03,2.280000000000000000e+03,2.299000000000000000e+03,2.318000000000000000e+03,2.337000000000000000e+03,2.356000000000000000e+03,2.375000000000000000e+03,2.394000000000000000e+03,2.413000000000000000e+03,2.432000000000000000e+03,2.451000000000000000e+03,2.470000000000000000e+03,2.489000000000000000e+03,2.508000000000000000e+03,2.527000000000000000e+03,2.546000000000000000e+03,2.565000000000000000e+03,2.584000000000000000e+03,2.603000000000000000e+03,2.622000000000000000e+03,2.641000000000000000e+03,2.660000000000000000e+03,2.679000000000000000e+03,2.698000000000000000e+03,2.717000000000000000e+03,2.736000000000000000e+03,2.755000000000000000e+03,2.774000000000000000e+03,2.793000000000000000e+03,2.812000000000000000e+03,2.831000000000000000e+03,2.850000000000000000e+03,2.869000000000000000e+03,2.888000000000000000e+03,2.907000000000000000e+03,2.926000000000000000e+03,2.945000000000000000e+03,2.964000000000000000e+03,2.983000000000000000e+03,3.002000000000000000e+03,3.021000000000000000e+03,3.040000000000000000e+03,3.059000000000000000e+03,3.078000000000000000e+03,3.097000000000000000e+03,3.116000000000000000e+03,3.135000000000000000e+03,3.154000000000000000e+03,3.173000000000000000e+03,3.192000000000000000e+03,3.211000000000000000e+03,3.230000000000000000e+03,3.249000000000000000e+03,3.268000000000000000e+03,3.287000000000000000e+03,3.306000000000000000e+03,3.325000000000000000e+03,3.344000000000000000e+03,3.363000000000000000e+03,3.382000000000000000e+03,3.401000000000000000e+03,3.420000000000000000e+03,3.439000000000000000e+03,3.458000000000000000e+03,3.477000000000000000e+03,3.496000000000000000e+03,3.515000000000000000e+03,3.534000000000000000e+03,3.553000000000000000e+03,3.572000000000000000e+03,3.591000000000000000e+03,3.610000000000000000e+03,3.629000000000000000e+03,3.648000000000000000e+03,3.667000000000000000e+03,3.686000000000000000e+03,3.705000000000000000e+03,3.724000000000000000e+03,3.743000000000000000e+03,3.762000000000000000e+03,3.781000000000000000e+03,3.800000000000000000e+03,3.819000000000000000e+03,3.838000000000000000e+03,3.857000000000000000e+03,3.876000000000000000e+03,3.895000000000000000e+03,3.914000000000000000e+03,3.933000000000000000e+03,3.952000000000000000e+03,3.971000000000000000e+03,3.990000000000000000e+03,4.009000000000000000e+03,4.028000000000000000e+03,4.047000000000000000e+03,4.066000000000000000e+03,4.085000000000000000e+03,4.104000000000000000e+03,4.123000000000000000e+03,4.142000000000000000e+03,4.161000000000000000e+03,4.180000000000000000e+03,4.199000000000000000e+03,4.218000000000000000e+03,4.237000000000000000e+03,4.256000000000000000e+03,4.275000000000000000e+03,4.294000000000000000e+03,4.313000000000000000e+03,4.332000000000000000e+03,4.351000000000000000e+03,4.370000000000000000e+03,4.389000000000000000e+03,4.408000000000000000e+03,4.427000000000000000e+03,4.446000000000000000e+03,4.465000000000000000e+03,4.484000000000000000e+03,4.503000000000000000e+03,4.522000000000000000e+03,4.541000000000000000e+03,4.560000000000000000e+03,4.579000000000000000e+03,4.598000000000000000e+03,4.617000000000000000e+03,4.636000000000000000e+03,4.655000000000000000e+03,4.674000000000000000e+03,4.693000000000000000e+03,4.712000000000000000e+03,4.731000000000000000e+03,4.750000000000000000e+03,4.769000000000000000e+03,4.788000000000000000e+03,4.807000000000000000e+03,4.826000000000000000e+03,4.845000000000000000e+03,4.864000000000000000e+03,4.883000000000000000e+03,4.902000000000000000e+03,4.921000000000000000e+03,4.940000000000000000e+03,4.959000000000000000e+03,4.978000000000000000e+03,4.997000000000000000e+03,5.016000000000000000e+03,5.035000000000000000e+03,5.054000000000000000e+03,5.073000000000000000e+03,5.092000000000000000e+03,5.111000000000000000e+03,5.130000000000000000e+03,5.149000000000000000e+03,5.168000000000000000e+03,5.187000000000000000e+03,5.206000000000000000e+03,5.225000000000000000e+03,5.244000000000000000e+03,5.263000000000000000e+03,5.282000000000000000e+03,5.301000000000000000e+03,5.320000000000000000e+03,5.339000000000000000e+03,5.358000000000000000e+03,5.377000000000000000e+03,5.396000000000000000e+03,5.415000000000000000e+03,5.434000000000000000e+03,5.453000000000000000e+03,5.472000000000000000e+03,5.491000000000000000e+03,5.510000000000000000e+03,5.529000000000000000e+03,5.548000000000000000e+03,5.567000000000000000e+03,5.586000000000000000e+03,5.605000000000000000e+03,5.624000000000000000e+03,5.643000000000000000e+03,5.662000000000000000e+03,5.681000000000000000e+03
0.000000000000000000e+00,2.000000000000000000e+01,4.000000000000000000e+01,6.000000000000000000e+01,8.000000000000000000e+01,1.000000000000000000e+02,1.200000000000000000e+02,1.400000000000000000e+02,1.600000000000000000e+02,1.800000000000000000e+02,2.000000000000000000e+02,2.200000000000000000e+02,2.400000000000000000e+02,2.600000000000000000e+02,2.800000000000000000e+02,3.000000000000000000e+02,3.200000000000000000e+02,3.400000000000000000e+02,3.600000000000000000e+02,3.800000000000000000e+02,4.000000000000000000e+02,4.200000000000000000e+02,4.400000000000000000e+02,4.600000000000000000e+02,4.800000000000000000e+02,5.000000000000000000e+02,5.200000000000000000e+02,5.400000000000000000e+02,5.600000000000000000e+02,5.800000000000000000e+02,6.000000000000000000e+02,6.200000000000000000e+02,6.400000000000000000e+02,6.600000000000000000e+02,6.800000000000000000e+02,7.000000000000000000e+02,7.200000000000000000e+02,7.400000000000000000e+02,7.600000000000000000e+02,7.800000000000000000e+02,8.000000000000000000e+02,8.200000000000000000e+02,8.400000000000000000e+02,8.600000000000000000e+02,8.800000000000000000e+02,9.000000000000000000e+02,9.200000000000000000e+02,9.400000000000000000e+02,9.600000000000000000e+02,9.800000000000000000e+02,1.000000000000000000e+03,1.020000000000000000e+03,1.040000000000000000e+03,1.060000000000000000e+03,1.080000000000000000e+03,1.100000000000000000e+03,1.120000000000000000e+03,1.140000000000000000e+03,1.160000000000000000e+03,1.180000000000000000e+03,1.200000000000000000e+03,1.220000000000000000e+03,1.240000000000000000e+03,1.260000000000000000e+03,1.280000000000000000e+03,1.300000000000000000e+03,1.320000000000000000e+03,1.340000000000000000e+03,1.360000000000000000e+03,1.380000000000000000e+03,1.400000000000000000e+03,1.420000000000000000e+03,1.440000000000000000e+03,1.460000000000000000e+03,1.480000000000000000e+03,1.500000000000000000e+03,1.520000000000000000e+03,1.540000000000000000e+03,1.560000000000000000e+03,1.580000000000000000e+03,1.600000000000000000e+03,1.620000000000000000e+03,1.640000000000000000e+03,1.660000000000000000e+03,1.680000000000000000e+03,1.700000000000000000e+03,1.720000000000000000e+03,1.740000000000000000e+03,1.760000000000000000e+03,1.780000000000000000e+03,1.800000000000000000e+03,1.820000000000000000e+03,1.840000000000000000e+03,1.860000000000000000e+03,1.880000000000000000e+03,1.900000000000000000e+03,1.920000000000000000e+03,1.940000000000000000e+03,1.960000000000000000e+03,1.980000000000000000e+03,2.000000000000000000e+03,2.020000000000000000e+03,2.040000000000000000e+03,2.060000000000000000e+03,2.080000000000000000e+03,2.100000000000000000e+03,2.120000000000000000e+03,2.140000000000000000e+03,2.160000000000000000e+03,2.180000000000000000e+03,2.200000000000000000e+03,2.220000000000000000e+03,2.240000000000000000e+03,2.260000000000000000e+03,2.280000000000000000e+03,2.300000000000000000e+03,2.320000000000000000e+03,2.340000000000000000e+03,2.360000000000000000e+03,2.380000000000000000e+03,2.400000000000000000e+03,2.420000000000000000e+03,2.440000000000000000e+03,2.460000000000000000e+03,2.480000000000000000e+03,2.500000000000000000e+03,2.520000000000000000e+03,2.540000000000000000e+03,2.560000000000000000e+03,2.580000000000000000e+03,2.600000000000000000e+03,2.620000000000000000e+03,2.640000000000000000e+03,2.660000000000000000e+03,2.680000000000000000e+03,2.700000000000000000e+03,2.720000000000000000e+03,2.740000000000000000e+03,2.760000000000000000e+03,2.780000000000000000e+03,2.800000000000000000e+03,2.820000000000000000e+03,2.840000000000000000e+03,2.860000000000000000e+03,2.880000000000000000e+03,2.900000000000000000e+03,2.920000000000000000e+03,2.940000000000000000e+03,2.960000000000000000e+03,2.980000000000000000e+03,3.000000000000000000e+03,3.020000000000000000e+03,3.040000000000000000e+03,3.060000000000000000e+03,3.080000000000000000e+03,3.100000000000000000e+03,3.120000000000000000e+03,3.140000000000000000e+03,3.160000000000000000e+03,3.180000000000000000e+03,3.200000000000000000e+03,3.220000000000000000e+03,3.240000000000000000e+03,3.260000000000000000e+03,3.280000000000000000e+03,3.300000000000000000e+03,3.320000000000000000e+03,3.340000000000000000e+03,3.360000000000000000e+03,3.380000000000000000e+03,3.400000000000000000e+03,3.420000000000000000e+03,3.440000000000000000e+03,3.460000000000000000e+03,3.480000000000000000e+03,3.500000000000000000e+03,3.520000000000000000e+03,3.540000000000000000e+03,3.560000000000000000e+03,3.580000000000000000e+03,3.600000000000000000e+03,3.620000000000000000e+03,3.640000000000000000e+03,3.660000000000000000e+03,3.680000000000000000e+03,3.700000000000000000e+03,3.720000000000000000e+03,3.740000000000000000e+03,3.760000000000000000e+03,3.780000000000000000e+03,3.800000000000000000e+03,3.820000000000000000e+03,3.840000000000000000e+03,3.860000000000000000e+03,3.880000000000000000e+03,3.900000000000000000e+03,3.920000000000000000e+03,3.940000000000000000e+03,3.960000000000000000e+03,3.980000000000000000e+03,4.000000000000000000e+03,4.020000000000000000e+03,4.040000000000000000e+03,4.060000000000000000e+03,4.080000000000000000e+03,4.100000000000000000e+03,4.120000000000000000e+03,4.140000000000000000e+03,4.160000000000000000e+03,4.180000000000000000e+03,4.200000000000000000e+03,4.220000000000000000e+03,4.240000000000000000e+03,4.260000000000000000e+03,4.280000000000000000e+03,4.300000000000000000e+03,4.320000000000000000e+03,4.340000000000000000e+03,4.360000000000000000e+03,4.380000000000000000e+03,4.400000000000000000e+03,4.420000000000000000e+03,4.440000000000000000e+03,4.460000000000000000e+03,4.480000000000000000e+03,4.500000000000000000e+03,4.520000000000000000e+03,4.540000000000000000e+03,4.560000000000000000e+03,4.580000000000000000e+03,4.600000000000000000e+03,4.620000000000000000e+03,4.640000000000000000e+03,4.660000000000000000e+03,4.680000000000000000e+03,4.700000000000000000e+03,4.720000000000000000e+03,4.740000000000000000e+03,4.760000000000000000e+03,4.780000000000000000e+03,4.800000000000000000e+03,4.820000000000000000e+03,4.840000000000000000e+03,4.860000000000000000e+03,4.880000000000000000e+03,4.900000000000000000e+03,4.920000000000000000e+03,4.940000000000000000e+03,4.960000000000000000e+03,4.980000000000000000e+03,5.000000000000000000e+03,5.020000000000000000e+03,5.040000000000000000e+03,5.060000000000000000e+03,5.080000000000000000e+03,5.100000000000000000e+03,5.120000000000000000e+03,5.140000000000000000e+03,5.160000000000000000e+03,5.180000000000000000e+03,5.200000000000000000e+03,5.220000000000000000e+03,5.240000000000000000e+03,5.260000000000000000e+03,5.280000000000000000e+03,5.300000000000000000e+03,5.320000000000000000e+03,5.340000000000000000e+03,5.360000000000000000e+03,5.380000000000000000e+03,5.400000000000000000e+03,5.420000000000000000e+03,5.440000000000000000e+03,5.460000000000000000e+03,5.480000000000000000e+03,5.500000000000000000e+03,5.520000000000000000e+03,5.540000000000000000e+03,5.560000000000000000e+03,5.580000000000000000e+03,5.600000000000000000e+03,5.620000000000000000e+03,5.640000000000000000e+03,5.660000000000000000e+03,5.680000000000000000e+03,5.700000000000000000e+03,5.720000000000000000e+03,5.740000000000000000e+03,5.760000000000000000e+03,5.780000000000000000e+03,5.800000000000000000e+03,5.820000000000000000e+03,5.840000000000000000e+03,5.860000000000000000e+03,5.880000000000000000e+03,5.900000000000000000e+03,5.920000000000000000e+03,5.940000000000000000e+03,5.960000000000000000e+03,5.980000000000000000e+03
0.000000000000000000e+00,2.100000000000000000e+01,4.200000000000000000e+01,6.300000000000000000e+01,8.400000000000000000e+01,1.050000000000000000e+02,1.260000000000000000e+02,1.470000000000000000e+02,1.680000000000000000e+02,1.890000000000000000e+02,2.100000000000000000e+02,2.310000000000000000e+02,2.520000000000000000e+02,2.730000000000000000e+02,2.940000000000000000e+02,3.150000000000000000e+02,3.360000000000000000e+02,3.570000000000000000e+02,3.780000000000000000e+02,3.990000000000000000e+02,4.200000000000000000e+02,4.410000000000000000e+02,4.620000000000000000e+02,4.830000000000000000e+02,5.040000000000000000e+02,5.250000000000000000e+02,5.460000000000000000e+02,5.670000000000000000e+02,5.880000000000000000e+02,6.090000000000000000e+02,6.300000000000000000e+02,6.510000000000000000e+02,6.720000000000000000e+02,6.930000000000000000e+02,7.140000000000000000e+02,7.350000000000000000e+02,7.560000000000000000e+02,7.770000000000000000e+02,7.980000000000000000e+02,8.190000000000000000e+02,8.400000000000000000e+02,8.610000000000000000e+02,8.820000000000000000e+02,9.030000000000000000e+02,9.240000000000000000e+02,9.450000000000000000e+02,9.660000000000000000e+02,9.870000000000000000e+02,1.008000000000000000e+03,1.029000000000000000e+03,1.050000000000000000e+03,1.071000000000000000e+03,1.092000000000000000e+03,1.113000000000000000e+03,1.134000000000000000e+03,1.155000000000000000e+03,1.176000000000000000e+03,1.197000000000000000e+03,1.218000000000000000e+03,1.239000000000000000e+03,1.260000000000000000e+03,1.281000000000000000e+03,1.302000000000000000e+03,1.323000000000000000e+03,1.344000000000000000e+03,1.365000000000000000e+03,1.386000000000000000e+03,1.407000000000000000e+03,1.428000000000000000e+03,1.449000000000000000e+03,1.470000000000000000e+03,1.491000000000000000e+03,1.512000000000000000e+03,1.533000000000000000e+03,1.554000000000000000e+03,1.575000000000000000e+03,1.596000000000000000e+03,1.617000000000000000e+03,1.638000000000000000e+03,1.659000000000000000e+03,1.680000000000000000e+03,1.701000000000000000e+03,1.722000000000000000e+03,1.743000000000000000e+03,1.764000000000000000e+03,1.785000000000000000e+03,1.806000000000000000e+03,1.827000000000000000e+03,1.848000000000000000e+03,1.869000000000000000e+03,1.890000000000000000e+03,1.911000000000000000e+03,1.932000000000000000e+03,1.953000000000000000e+03,1.974000000000000000e+03,1.995000000000000000e+03,2.016000000000000000e+03,2.037000000000000000e+03,2.058000000000000000e+03,2.079000000000000000e+03,2.100000000000000000e+03,2.121000000000000000e+03,2.142000000000000000e+03,2.163000000000000000e+03,2.184000000000000000e+03,2.205000000000000000e+03,2.226000000000000000e+03,2.247000000000000000e+03,2.268000000000000000e+03,2.289000000000000000e+03,2.310000000000000000e+03,2.331000000000000000e+03,2.352000000000000000e+03,2.373000000000000000e+03,2.394000000000000000e+03,2.415000000000000000e+03,2.436000000000000000e+03,2.457000000000000000e+03,2.478000000000000000e+03,2.499000000000000000e+03,2.520000000000000000e+03,2.541000000000000000e+03,2.562000000000000000e+03,2.583000000000000000e+03,2.604000000000000000e+03,2.625000000000000000e+03,2.646000000000000000e+03,2.667000000000000000e+03,2.688000000000000000e+03,2.709000000000000000e+03,2.730000000000000000e+03,2.751000000000000000e+03,2.772000000000000000e+03,2.793000000000000000e+03,2.814000000000000000e+03,2.835000000000000000e+03,2.856000000000000000e+03,2.877000000000000000e+03,2.898000000000000000e+03,2.919000000000000000e+03,2.940000000000000000e+03,2.961000000000000000e+03,2.982000000000000000e+03,3.003000000000000000e+03,3.024000000000000000e+03,3.045000000000000000e+03,3.066000000000000000e+03,3.087000000000000000e+03,3.108000000000000000e+03,3.129000000000000000e+03,3.150000000000000000e+03,3.171000000000000000e+03,3.192000000000000000e+03,3.213000000000000000e+03,3.234000000000000000e+03,3.255000000000000000e+03,3.276000000000000000e+03,3.297000000000000000e+03,3.318000000000000000e+03,3.339000000000000000e+03,3.360000000000000000e+03,3.381000000000000000e+03,3.402000000000000000e+03,3.423000000000000000e+03,3.444000000000000000e+03,3.465000000000000000e+03,3.486000000000000000e+03,3.507000000000000000e+03,3.528000000000000000e+03,3.549000000000000000e+03,3.570000000000000000e+03,3.591000000000000000e+03,3.612000000000000000e+03,3.633000000000000000e+03,3.654000000000000000e+03,3.675000000000000000e+03,3.696000000000000000e+03,3.717000000000000000e+03,3.738000000000000000e+03,3.759000000000000000e+03,3.780000000000000000e+03,3.801000000000000000e+03,3.822000000000000000e+03,3.843000000000000000e+03,3.864000000000000000e+03,3.885000000000000000e+03,3.906000000000000000e+03,3.927000000000000000e+03,3.948000000000000000e+03,3.969000000000000000e+03,3.990000000000000000e+03,4.011000000000000000e+03,4.032000000000000000e+03,4.053000000000000000e+03,4.074000000000000000e+03,4.095000000000000000e+03,4.116000000000000000e+03,4.137000000000000000e+03,4.158000000000000000e+03,4.179000000000000000e+03,4.200000000000000000e+03,4.221000000000000000e+03,4.242000000000000000e+03,4.263000000000000000e+03,4.284000000000000000e+03,4.305000000000000000e+03,4.326000000000000000e+03,4.347000000000000000e+03,4.368000000000000000e+03,4.389000000000000000e+03,4.410000000000000000e+03,4.431000000000000000e+03,4.452000000000000000e+03,4.473000000000000000e+03,4.494000000000000000e+03,4.515000000000000000e+03,4.536000000000000000e+03,4.557000000000000000e+03,4.578000000000000000e+03,4.599000000000000000e+03,4.620000000000000000e+03,4.641000000000000000e+03,4.662000000000000000e+03,4.683000000000000000e+03,4.704000000000000000e+03,4.725000000000000000e+03,4.746000000000000000e+03,4.767000000000000000e+03,4.788000000000000000e+03,4.809000000000000000e+03,4.830000000000000000e+03,4.851000000000000000e+03,4.872000000000000000e+03,4.893000000000000000e+03,4.914000000000000000e+03,4.935000000000000000e+03,4.956000000000000000e+03,4.977000000000000000e+03,4.998000000000000000e+03,5.019000000000000000e+03,5.040000000000000000e+03,5.061000000000000000e+03,5.082000000000000000e+03,5.103000000000000000e+03,5.124000000000000000e+03,5.145000000000000000e+03,5.166000000000000000e+03,5.187000000000000000e+03,5.208000000000000000e+03,5.229000000000000000e+03,5.250000000000000000e+03,5.271000000000000000e+03,5.292000000000000000e+03,5.313000000000000000e+03,5.334000000000000000e+03,5.355000000000000000e+03,5.376000000000000000e+03,5.397000000000000000e+03,5.418000000000000000e+03,5.439000000000000000e+03,5.460000000000000000e+03,5.481000000000000000e+03,5.502000000000000000e+03,5.523000000000000000e+03,5.544000000000000000e+03,5.565000000000000000e+03,5.586000000000000000e+03,5.607000000000000000e+03,5.628000000000000000e+03,5.649000000000000000e+03,5.670000000000000000e+03,5.691000000000000000e+03,5.712000000000000000e+03,5.733000000000000000e+03,5.754000000000000000e+03,5.775000000000000000e+03,5.796000000000000000e+03,5.817000000000000000e+03,5.838000000000000000e+03,5.859000000000000000e+03,5.880000000000000000e+03,5.901000000000000000e+03,5.922000000000000000e+03,5.943000000000000000e+03,5.964000000000000000e+03,5.985000000000000000e+03,6.006000000000000000e+03,6.027000000000000000e+03,6.048000000000000000e+03,6.069000000000000000e+03,6.090000000000000000e+03,6.111000000000000000e+03,6.132000000000000000e+03,6.153000000000000000e+03,6.174000000000000000e+03,6.195000000000000000e+03,6.216000000000000000e+03,6.237000000000000000e+03,6.258000000000000000e+03,6.279000000000000000e+03
0.000000000000000000e+00,2.200000000000000000e+01,4.400000000000000000e+01,6.600000000000000000e+01,8.800000000000000000e+01,1.100000000000000000e+02,1.320000000000000000e+02,1.540000000000000000e+02,1.760000000000000000e+02,1.980000000000000000e+02,2.200000000000000000e+02,2.420000000000000000e+02,2.640000000000000000e+02,2.860000000000000000e+02,3.080000000000000000e+02,3.300000000000000000e+02,3.520000000000000000e+02,3.740000000000000000e+02,3.960000000000000000e+02,4.180000000000000000e+02,4.400000000000000000e+02,4.620000000000000000e+02,4.840000000000000000e+02,5.060000000000000000e+02,5.280000000000000000e+02,5.500000000000000000e+02,5.720000000000000000e+02,5.940000000000000000e+02,6.160000000000000000e+02,6.380000000000000000e+02,6.600000000000000000e+02,6.820000000000000000e+02,7.040000000000000000e+02,7.260000000000000000e+02,7.480000000000000000e+02,7.700000000000000000e+02,7.920000000000000000e+02,8.140000000000000000e+02,8.360000000000000000e+02,8.580000000000000000e+02,8.800000000000000000e+02,9.020000000000000000e+02,9.240000000000000000e+02,9.460000000000000000e+02,9.680000000000000000e+02,9.900000000000000000e+02,1.012000000000000000e+03,1.034000000000000000e+03,1.056000000000000000e+03,1.078000000000000000e+03,1.100000000000000000e+03,1.122000000000000000e+03,1.144000000000000000e+03,1.166000000000000000e+03,1.188000000000000000e+03,1.210000000000000000e+03,1.232000000000000000e+03,1.254000000000000000e+03,1.276000000000000000e+03,1.298000000000000000e+03,1.320000000000000000e+03,1.342000000000000000e+03,1.364000000000000000e+03,1.386000000000000000e+03,1.408000000000000000e+03,1.430000000000000000e+03,1.452000000000000000e+03,1.474000000000000000e+03,1.496000000000000000e+03,1.518000000000000000e+03,1.540000000000000000e+03,1.562000000000000000e+03,1.584000000000000000e+03,1.606000000000000000e+03,1.628000000000000000e+03,1.650000000000000000e+03,1.672000000000000000e+03,1.694000000000000000e+03,1.716000000000000000e+03,1.738000000000000000e+03,1.760000000000000000e+03,1.782000000000000000e+03,1.804000000000000000e+03,1.826000000000000000e+03,1.848000000000000000e+03,1.870000000000000000e+03,1.892000000000000000e+03,1.914000000000000000e+03,1.936000000000000000e+03,1.958000000000000000e+03,1.980000000000000000e+03,2.002000000000000000e+03,2.024000000000000000e+03,2.046000000000000000e+03,2.068000000000000000e+03,2.090000000000000000e+03,2.112000000000000000e+03,2.134000000000000000e+03,2.156000000000000000e+03,2.178000000000000000e+03,2.200000000000000000e+03,2.222000000000000000e+03,2.244000000000000000e+03,2.266000000000000000e+03,2.288000000000000000e+03,2.310000000000000000e+03,2.332000000000000000e+03,2.354000000000000000e+03,2.376000000000000000e+03,2.398000000000000000e+03,2.420000000000000000e+03,2.442000000000000000e+03,2.464000000000000000e+03,2.486000000000000000e+03,2.508000000000000000e+03,2.530000000000000000e+03,2.552000000000000000e+03,2.574000000000000000e+03,2.596000000000000000e+03,2.618000000000000000e+03,2.640000000000000000e+03,2.662000000000000000e+03,2.684000000000000000e+03,2.706000000000000000e+03,2.728000000000000000e+03,2.750000000000000000e+03,2.772000000000000000e+03,2.794000000000000000e+03,2.816000000000000000e+03,2.838000000000000000e+03,2.860000000000000000e+03,2.882000000000000000e+03,2.904000000000000000e+03,2.926000000000000000e+03,2.948000000000000000e+03,2.970000000000000000e+03,2.992000000000000000e+03,3.014000000000000000e+03,3.036000000000000000e+03,3.058000000000000000e+03,3.080000000000000000e+03,3.102000000000000000e+03,3.124000000000000000e+03,3.146000000000000000e+03,3.168000000000000000e+03,3.190000000000000000e+03,3.212000000000000000e+03,3.234000000000000000e+03,3.256000000000000000e+03,3.278000000000000000e+03,3.300000000000000000e+03,3.322000000000000000e+03,3.344000000000000000e+03,3.366000000000000000e+03,3.388000000000000000e+03,3.410000000000000000e+03,3.432000000000000000e+03,3.454000000000000000e+03,3.476000000000000000e+03,3.498000000000000000e+03,3.520000000000000000e+03,3.542000000000000000e+03,3.564000000000000000e+03,3.586000000000000000e+03,3.608000000000000000e+03,3.630000000000000000e+03,3.652000000000000000e+03,3.674000000000000000e+03,3.696000000000000000e+03,3.718000000000000000e+03,3.740000000000000000e+03,3.762000000000000000e+03,3.784000000000000000e+03,3.806000000000000000e+03,3.828000000000000000e+03,3.850000000000000000e+03,3.872000000000000000e+03,3.894000000000000000e+03,3.916000000000000000e+03,3.938000000000000000e+03,3.960000000000000000e+03,3.982000000000000000e+03,4.004000000000000000e+03,4.026000000000000000e+03,4.048000000000000000e+03,4.070000000000000000e+03,4.092000000000000000e+03,4.114000000000000000e+03,4.136000000000000000e+03,4.158000000000000000e+03,4.180000000000000000e+03,4.202000000000000000e+03,4.224000000000000000e+03,4.246000000000000000e+03,4.268000000000000000e+03,4.290000000000000000e+03,4.312000000000000000e+03,4.334000000000000000e+03,4.356000000000000000e+03,4.378000000000000000e+03,4.400000000000000000e+03,4.422000000000000000e+03,4.444000000000000000e+03,4.466000000000000000e+03,4.488000000000000000e+03,4.510000000000000000e+03,4.532000000000000000e+03,4.554000000000000000e+03,4.576000000000000000e+03,4.598000000000000000e+03,4.620000000000000000e+03,4.642000000000000000e+03,4.664000000000000000e+03,4.686000000000000000e+03,4.708000000000000000e+03,4.730000000000000000e+03,4.752000000000000000e+03,4.774000000000000000e+03,4.796000000000000000e+03,4.818000000000000000e+03,4.840000000000000000e+03,4.862000000000000000e+03,4.884000000000000000e+03,4.906000000000000000e+03,4.928000000000000000e+03,4.950000000000000000e+03,4.972000000000000000e+03,4.994000000000000000e+03,5.016000000000000000e+03,5.038000000000000000e+03,5.060000000000000000e+03,5.082000000000000000e+03,5.104000000000000000e+03,5.126000000000000000e+03,5.148000000000000000e+03,5.170000000000000000e+03,5.192000000000000000e+03,5.214000000000000000e+03,5.236000000000000000e+03,5.258000000000000000e+03,5.280000000000000000e+03,5.302000000000000000e+03,5.324000000000000000e+03,5.346000000000000000e+03,5.368000000000000000e+03,5.390000000000000000e+03,5.412000000000000000e+03,5.434000000000000000e+03,5.456000000000000000e+03,5.478000000000000000e+03,5.500000000000000000e+03,5.522000000000000000e+03,5.544000000000000000e+03,5.566000000000000000e+03,5.588000000000000000e+03,5.610000000000000000e+03,5.632000000000000000e+03,5.654000000000000000e+03,5.676000000000000000e+03,5.698000000000000000e+03,5.720000000000000000e+03,5.742000000000000000e+03,5.764000000000000000e+03,5.786000000000000000e+03,5.808000000000000000e+03,5.830000000000000000e+03,5.852000000000000000e+03,5.874000000000000000e+03,5.896000000000000000e+03,5.918000000000000000e+03,5.940000000000000000e+03,5.962000000000000000e+03,5.984000000000000000e+03,6.006000000000000000e+03,6.028000000000000000e+03,6.050000000000000000e+03,6.072000000000000000e+03,6.094000000000000000e+03,6.116000000000000000e+03,6.138000000000000000e+03,6.160000000000000000e+03,6.182000000000000000e+03,6.204000000000000000e+03,6.226000000000000000e+03,6.248000000000000000e+03,6.270000000000000000e+03,6.292000000000000000e+03,6.314000000000000000e+03,6.336000000000000000e+03,6.358000000000000000e+03,6.380000000000000000e+03,6.402000000000000000e+03,6.424000000000000000e+03,6.446000000000000000e+03,6.468000000000000000e+03,6.490000000000000000e+03,6.512000000000000000e+03,6.534000000000000000e+03,6.556000000000000000e+03,6.578000000000000000e+03
0.000000000000000000e+00,2.300000000000000000e+01,4.600000000000000000e+01,6.900000000000000000e+01,9.200000000000000000e+01,1.150000000000000000e+02,1.380000000000000000e+02,1.610000000000000000e+02,1.840000000000000000e+02,2.070000000000000000e+02,2.300000000000000000e+02,2.530000000000000000e+02,2.760000000000000000e+02,2.990000000000000000e+02,3.220000000000000000e+02,3.450000000000000000e+02,3.680000000000000000e+02,3.910000000000000000e+02,4.140000000000000000e+02,4.370000000000000000e+02,4.600000000000000000e+02,4.830000000000000000e+02,5.060000000000000000e+02,5.290000000000000000e+02,5.520000000000000000e+02,5.750000000000000000e+02,5.980000000000000000e+02,6.210000000000000000e+02,6.440000000000000000e+02,6.670000000000000000e+02,6.900000000000000000e+02,7.130000000000000000e+02,7.360000000000000000e+02,7.590000000000000000e+02,7.820000000000000000e+02,8.050000000000000000e+02,8.280000000000000000e+02,8.510000000000000000e+02,8.740000000000000000e+02,8.970000000000000000e+02,9.200000000000000000e+02,9.430000000000000000e+02,9.660000000000000000e+02,9.890000000000000000e+02,1.012000000000000000e+03,1.035000000000000000e+03,1.058000000000000000e+03,1.081000000000000000e+03,1.104000000000000000e+03,1.127000000000000000e+03,1.150000000000000000e+03,1.173000000000000000e+03,1.196000000000000000e+03,1.219000000000000000e+03,1.242000000000000000e+03,1.265000000000000000e+03,1.288000000000000000e+03,1.311000000000000000e+03,1.334000000000000000e+03,1.357000000000000000e+03,1.380000000000000000e+03,1.403000000000000000e+03,1.426000000000000000e+03,1.449000000000000000e+03,1.472000000000000000e+03,1.495000000000000000e+03,1.518000000000000000e+03,1.541000000000000000e+03,1.564000000000000000e+03,1.587000000000000000e+03,1.610000000000000000e+03,1.633000000000000000e+03,1.656000000000000000e+03,1.679000000000000000e+03,1.702000000000000000e+03,1.725000000000000000e+03,1.748000000000000000e+03,1.771000000000000000e+03,1.794000000000000000e+03,1.817000000000000000e+03,1.840000000000000000e+03,1.863000000000000000e+03,1.886000000000000000e+03,1.909000000000000000e+03,1.932000000000000000e+03,1.955000000000000000e+03,1.978000000000000000e+03,2.001000000000000000e+03,2.024000000000000000e+03,2.047000000000000000e+03,2.070000000000000000e+03,2.093000000000000000e+03,2.116000000000000000e+03,2.139000000000000000e+03,2.162000000000000000e+03,2.185000000000000000e+03,2.208000000000000000e+03,2.231000000000000000e+03,2.254000000000000000e+03,2.277000000000000000e+03,2.300000000000000000e+03,2.323000000000000000e+03,2.346000000000000000e+03,2.369000000000000000e+03,2.392000000000000000e+03,2.415000000000000000e+03,2.438000000000000000e+03,2.461000000000000000e+03,2.484000000000000000e+03,2.507000000000000000e+03,2.530000000000000000e+03,2.553000000000000000e+03,2.576000000000000000e+03,2.599000000000000000e+03,2.622000000000000000e+03,2.645000000000000000e+03,2.668000000000000000e+03,2.691000000000000000e+03,2.714000000000000000e+03,2.737000000000000000e+03,2.760000000000000000e+03,2.783000000000000000e+03,2.806000000000000000e+03,2.829000000000000000e+03,2.852000000000000000e+03,2.875000000000000000e+03,2.898000000000000000e+03,2.921000000000000000e+03,2.944000000000000000e+03,2.967000000000000000e+03,2.990000000000000000e+03,3.013000000000000000e+03,3.036000000000000000e+03,3.059000000000000000e+03,3.082000000000000000e+03,3.105000000000000000e+03,3.128000000000000000e+03,3.151000000000000000e+03,3.174000000000000000e+03,3.197000000000000000e+03,3.220000000000000000e+03,3.243000000000000000e+03,3.266000000000000000e+03,3.289000000000000000e+03,3.312000000000000000e+03,3.335000000000000000e+03,3.358000000000000000e+03,3.381000000000000000e+03,3.404000000000000000e+03,3.427000000000000000e+03,3.450000000000000000e+03,3.473000000000000000e+03,3.496000000000000000e+03,3.519000000000000000e+03,3.542000000000000000e+03,3.565000000000000000e+03,3.588000000000000000e+03,3.611000000000000000e+03,3.634000000000000000e+03,3.657000000000000000e+03,3.680000000000000000e+03,3.703000000000000000e+03,3.726000000000000000e+03,3.749000000000000000e+03,3.772000000000000000e+03,3.795000000000000000e+03,3.818000000000000000e+03,3.841000000000000000e+03,3.864000000000000000e+03,3.887000000000000000e+03,3.910000000000000000e+03,3.933000000000000000e+03,3.956000000000000000e+03,3.979000000000000000e+03,4.002000000000000000e+03,4.025000000000000000e+03,4.048000000000000000e+03,4.071000000000000000e+03,4.094000000000000000e+03,4.117000000000000000e+03,4.140000000000000000e+03,4.163000000000000000e+03,4.186000000000000000e+03,4.209000000000000000e+03,4.232000000000000000e+03,4.255000000000000000e+03,4.278000000000000000e+03,4.301000000000000000e+03,4.324000000000000000e+03,4.347000000000000000e+03,4.370000000000000000e+03,4.393000000000000000e+03,4.416000000000000000e+03,4.439000000000000000e+03,4.462000000000000000e+03,4.485000000000000000e+03,4.508000000000000000e+03,4.531000000000000000e+03,4.554000000000000000e+03,4.577000000000000000e+03,4.600000000000000000e+03,4.623000000000000000e+03,4.646000000000000000e+03,4.669000000000000000e+03,4.692000000000000000e+03,4.715000000000000000e+03,4.738000000000000000e+03,4.761000000000000000e+03,4.784000000000000000e+03,4.807000000000000000e+03,4.830000000000000000e+03,4.853000000000000000e+03,4.876000000000000000e+03,4.899000000000000000e+03,4.922000000000000000e+03,4.945000000000000000e+03,4.968000000000000000e+03,4.991000000000000000e+03,5.014000000000000000e+03,5.037000000000000000e+03,5.060000000000000000e+03,5.083000000000000000e+03,5.106000000000000000e+03,5.129000000000000000e+03,5.152000000000000000e+03,5.175000000000000000e+03,5.198000000000000000e+03,5.221000000000000000e+03,5.244000000000000000e+03,5.267000000000000000e+03,5.290000000000000000e+03,5.313000000000000000e+03,5.336000000000000000e+03,5.359000000000000000e+03,5.382000000000000000e+03,5.405000000000000000e+03,5.428000000000000000e+03,5.451000000000000000e+03,5.474000000000000000e+03,5.497000000000000000e+03,5.520000000000000000e+03,5.543000000000000000e+03,5.566000000000000000e+03,5.589000000000000000e+03,5.612000000000000000e+03,5.635000000000000000e+03,5.658000000000000000e+03,5.681000000000000000e+03,5.704000000000000000e+03,5.727000000000000000e+03,5.750000000000000000e+03,5.773000000000000000e+03,5.796000000000000000e+03,5.819000000000000000e+03,5.842000000000000000e+03,5.865000000000000000e+03,5.888000000000000000e+03,5.911000000000000000e+03,5.934000000000000000e+03,5.957000000000000000e+03,5.980000000000000000e+03,6.003000000000000000e+03,6.026000000000000000e+03,6.049000000000000000e+03,6.072000000000000000e+03,6.095000000000000000e+03,6.118000000000000000e+03,6.141000000000000000e+03,6.164000000000000000e+03,6.187000000000000000e+03,6.210000000000000000e+03,6.233000000000000000e+03,6.256000000000000000e+03,6.279000000000000000e+03,6.302000000000000000e+03,6.325000000000000000e+03,6.348000000000000000e+03,6.371000000000000000e+03,6.394000000000000000e+03,6.417000000000000000e+03,6.440000000000000000e+03,6.463000000000000000e+03,6.486000000000000000e+03,6.509000000000000000e+03,6.532000000000000000e+03,6.555000000000000000e+03,6.578000000000000000e+03,6.601000000000000000e+03,6.624000000000000000e+03,6.647000000000000000e+03,6.670000000000000000e+03,6.693000000000000000e+03,6.716000000000000000e+03,6.739000000000000000e+03,6.762000000000000000e+03,6.785000000000000000e+03,6.808000000000000000e+03,6.831000000000000000e+03,6.854000000000000000e+03,6.877000000000000000e+03
0.000000000000000000e+00,2.400000000000000000e+01,4.800000000000000000e+01,7.200000000000000000e+01,9.600000000000000000e+01,1.200000000000000000e+02,1.440000000000000000e+02,1.680000000000000000e+02,1.920000000000000000e+02,2.160000000000000000e+02,2.400000000000000000e+02,2.640000000000000000e+02,2.880000000000000000e+02,3.120000000000000000e+02,3.360000000000000000e+02,3.600000000000000000e+02,3.840000000000000000e+02,4.080000000000000000e+02,4.320000000000000000e+02,4.560000000000000000e+02,4.800000000000000000e+02,5.040000000000000000e+02,5.280000000000000000e+02,5.520000000000000000e+02,5.760000000000000000e+02,6.000000000000000000e+02,6.240000000000000000e+02,6.480000000000000000e+02,6.720000000000000000e+02,6.960000000000000000e+02,7.200000000000000000e+02,7.440000000000000000e+02,7.680000000000000000e+02,7.920000000000000000e+02,8.160000000000000000e+02,8.400000000000000000e+02,8.640000000000000000e+02,8.880000000000000000e+02,9.120000000000000000e+02,9.360000000000000000e+02,9.600000000000000000e+02,9.840000000000000000e+02,1.008000000000000000e+03,1.032000000000000000e+03,1.056000000000000000e+03,1.080000000000000000e+03,1.104000000000000000e+03,1.128000000000000000e+03,1.152000000000000000e+03,1.176000000000000000e+03,1.200000000000000000e+03,1.224000000000000000e+03,1.248000000000000000e+03,1.272000000000000000e+03,1.296000000000000000e+03,1.320000000000000000e+03,1.344000000000000000e+03,1.368000000000000000e+03,1.392000000000000000e+03,1.416000000000000000e+03,1.440000000000000000e+03,1.464000000000000000e+03,1.488000000000000000e+03,1.512000000000000000e+03,1.536000000000000000e+03,1.560000000000000000e+03,1.584000000000000000e+03,1.608000000000000000e+03,1.632000000000000000e+03,1.656000000000000000e+03,1.680000000000000000e+03,1.704000000000000000e+03,1.728000000000000000e+03,1.752000000000000000e+03,1.776000000000000000e+03,1.800000000000000000e+03,1.824000000000000000e+03,1.848000000000000000e+03,1.872000000000000000e+03,1.896000000000000000e+03,1.920000000000000000e+03,1.944000000000000000e+03,1.968000000000000000e+03,1.992000000000000000e+03,2.016000000000000000e+03,2.040000000000000000e+03,2.064000000000000000e+03,2.088000000000000000e+03,2.112000000000000000e+03,2.136000000000000000e+03,2.160000000000000000e+03,2.184000000000000000e+03,2.208000000000000000e+03,2.232000000000000000e+03,2.256000000000000000e+03,2.280000000000000000e+03,2.304000000000000000e+03,2.328000000000000000e+03,2.352000000000000000e+03,2.376000000000000000e+03,2.400000000000000000e+03,2.424000000000000000e+03,2.448000000000000000e+03,2.472000000000000000e+03,2.496000000000000000e+03,2.520000000000000000e+03,2.544000000000000000e+03,2.568000000000000000e+03,2.592000000000000000e+03,2.616000000000000000e+03,2.640000000000000000e+03,2.664000000000000000e+03,2.688000000000000000e+03,2.712000000000000000e+03,2.736000000000000000e+03,2.760000000000000000e+03,2.784000000000000000e+03,2.808000000000000000e+03,2.832000000000000000e+03,2.856000000000000000e+03,2.880000000000000000e+03,2.904000000000000000e+03,2.928000000000000000e+03,2.952000000000000000e+03,2.976000000000000000e+03,3.000000000000000000e+03,3.024000000000000000e+03,3.048000000000000000e+03,3.072000000000000000e+03,3.096000000000000000e+03,3.120000000000000000e+03,3.144000000000000000e+03,3.168000000000000000e+03,3.192000000000000000e+03,3.216000000000000000e+03,3.240000000000000000e+03,3.264000000000000000e+03,3.288000000000000000e+03,3.312000000000000000e+03,3.336000000000000000e+03,3.360000000000000000e+03,3.384000000000000000e+03,3.408000000000000000e+03,3.432000000000000000e+03,3.456000000000000000e+03,3.480000000000000000e+03,3.504000000000000000e+03,3.528000000000000000e+03,3.552000000000000000e+03,3.576000000000000000e+03,3.600000000000000000e+03,3.624000000000000000e+03,3.648000000000000000e+03,3.672000000000000000e+03,3.696000000000000000e+03,3.720000000000000000e+03,3.744000000000000000e+03,3.768000000000000000e+03,3.792000000000000000e+03,3.816000000000000000e+03,3.840000000000000000e+03,3.864000000000000000e+03,3.888000000000000000e+03,3.912000000000000000e+03,3.936000000000000000e+03,3.960000000000000000e+03,3.984000000000000000e+03,4.008000000000000000e+03,4.032000000000000000e+03,4.056000000000000000e+03,4.080000000000000000e+03,4.104000000000000000e+03,4.128000000000000000e+03,4.152000000000000000e+03,4.176000000000000000e+03,4.200000000000000000e+03,4.224000000000000000e+03,4.248000000000000000e+03,4.272000000000000000e+03,4.296000000000000000e+03,4.320000000000000000e+03,4.344000000000000000e+03,4.368000000000000000e+03,4.392000000000000000e+03,4.416000000000000000e+03,4.440000000000000000e+03,4.464000000000000000e+03,4.488000000000000000e+03,4.512000000000000000e+03,4.536000000000000000e+03,4.560000000000000000e+03,4.584000000000000000e+03,4.608000000000000000e+03,4.632000000000000000e+03,4.656000000000000000e+03,4.680000000000000000e+03,4.704000000000000000e+03,4.728000000000000000e+03,4.752000000000000000e+03,4.776000000000000000e+03,4.800000000000000000e+03,4.824000000000000000e+03,4.848000000000000000e+03,4.872000000000000000e+03,4.896000000000000000e+03,4.920000000000000000e+03,4.944000000000000000e+03,4.968000000000000000e+03,4.992000000000000000e+03,5.016000000000000000e+03,5.040000000000000000e+03,5.064000000000000000e+03,5.088000000000000000e+03,5.112000000000000000e+03,5.136000000000000000e+03,5.160000000000000000e+03,5.184000000000000000e+03,5.208000000000000000e+03,5.232000000000000000e+03,5.256000000000000000e+03,5.280000000000000000e+03,5.304000000000000000e+03,5.328000000000000000e+03,5.352000000000000000e+03,5.376000000000000000e+03,5.400000000000000000e+03,5.424000000000000000e+03,5.448000000000000000e+03,5.472000000000000000e+03,5.496000000000000000e+03,5.520000000000000000e+03,5.544000000000000000e+03,5.568000000000000000e+03,5.592000000000000000e+03,5.616000000000000000e+03,5.640000000000000000e+03,5.664000000000000000e+03,5.688000000000000000e+03,5.712000000000000000e+03,5.736000000000000000e+03,5.760000000000000000e+03,5.784000000000000000e+03,5.808000000000000000e+03,5.832000000000000000e+03,5.856000000000000000e+03,5.880000000000000000e+03,5.904000000000000000e+03,5.928000000000000000e+03,5.952000000000000000e+03,5.976000000000000000e+03,6.000000000000000000e+03,6.024000000000000000e+03,6.048000000000000000e+03,6.072000000000000000e+03,6.096000000000000000e+03,6.120000000000000000e+03,6.144000000000000000e+03,6.168000000000000000e+03,6.192000000000000000e+03,6.216000000000000000e+03,6.240000000000000000e+03,6.264000000000000000e+03,6.288000000000000000e+03,6.312000000000000000e+03,6.336000000000000000e+03,6.360000000000000000e+03,6.384000000000000000e+03,6.408000000000000000e+03,6.432000000000000000e+03,6.456000000000000000e+03,6.480000000000000000e+03,6.504000000000000000e+03,6.528000000000000000e+03,6.552000000000000000e+03,6.576000000000000000e+03,6.600000000000000000e+03,6.624000000000000000e+03,6.648000000000000000e+03,6.672000000000000000e+03,6.696000000000000000e+03,6.720000000000000000e+03,6.744000000000000000e+03,6.768000000000000000e+03,6.792000000000000000e+03,6.816000000000000000e+03,6.840000000000000000e+03,6.864000000000000000e+03,6.888000000000000000e+03,6.912000000000000000e+03,6.936000000000000000e+03,6.960000000000000000e+03,6.984000000000000000e+03,7.008000000000000000e+03,7.032000000000000000e+03,7.056000000000000000e+03,7.080000000000000000e+03,7.104000000000000000e+03,7.128000000000000000e+03,7.152000000000000000e+03,7.176000000000000000e+03
0.000000000000000000e+00,2.500000000000000000e+01,5.000000000000000000e+01,7.500000000000000000e+01,1.000000000000000000e+02,1.250000000000000000e+02,1.500000000000000000e+02,1.750000000000000000e+02,2.000000000000000000e+02,2.250000000000000000e+02,2.500000000000000000e+02,2.750000000000000000e+02,3.000000000000000000e+02,3.250000000000000000e+02,3.500000000000000000e+02,3.750000000000000000e+02,4.000000000000000000e+02,4.250000000000000000e+02,4.500000000000000000e+02,4.750000000000000000e+02,5.000000000000000000e+02,5.250000000000000000e+02,5.500000000000000000e+02,5.750000000000000000e+02,6.000000000000000000e+02,6.250000000000000000e+02,6.500000000000000000e+02,6.750000000000000000e+02,7.000000000000000000e+02,7.250000000000000000e+02,7.500000000000000000e+02,7.750000000000000000e+02,8.000000000000000000e+02,8.250000000000000000e+02,8.500000000000000000e+02,8.750000000000000000e+02,9.000000000000000000e+02,9.250000000000000000e+02,9.500000000000000000e+02,9.750000000000000000e+02,1.000000000000000000e+03,1.025000000000000000e+03,1.050000000000000000e+03,1.075000000000000000e+03,1.100000000000000000e+03,1.125000000000000000e+03,1.150000000000000000e+03,1.175000000000000000e+03,1.200000000000000000e+03,1.225000000000000000e+03,1.250000000000000000e+03,1.275000000000000000e+03,1.300000000000000000e+03,1.325000000000000000e+03,1.350000000000000000e+03,1.375000000000000000e+03,1.400000000000000000e+03,1.425000000000000000e+03,1.450000000000000000e+03,1.475000000000000000e+03,1.500000000000000000e+03,1.525000000000000000e+03,1.550000000000000000e+03,1.575000000000000000e+03,1.600000000000000000e+03,1.625000000000000000e+03,1.650000000000000000e+03,1.675000000000000000e+03,1.700000000000000000e+03,1.725000000000000000e+03,1.750000000000000000e+03,1.775000000000000000e+03,1.800000000000000000e+03,1.825000000000000000e+03,1.850000000000000000e+03,1.875000000000000000e+03,1.900000000000000000e+03,1.925000000000000000e+03,1.950000000000000000e+03,1.975000000000000000e+03,2.000000000000000000e+03,2.025000000000000000e+03,2.050000000000000000e+03,2.075000000000000000e+03,2.100000000000000000e+03,2.125000000000000000e+03,2.150000000000000000e+03,2.175000000000000000e+03,2.200000000000000000e+03,2.225000000000000000e+03,2.250000000000000000e+03,2.275000000000000000e+03,2.300000000000000000e+03,2.325000000000000000e+03,2.350000000000000000e+03,2.375000000000000000e+03,2.400000000000000000e+03,2.425000000000000000e+03,2.450000000000000000e+03,2.475000000000000000e+03,2.500000000000000000e+03,2.525000000000000000e+03,2.550000000000000000e+03,2.575000000000000000e+03,2.600000000000000000e+03,2.625000000000000000e+03,2.650000000000000000e+03,2.675000000000000000e+03,2.700000000000000000e+03,2.725000000000000000e+03,2.750000000000000000e+03,2.775000000000000000e+03,2.800000000000000000e+03,2.825000000000000000e+03,2.850000000000000000e+03,2.875000000000000000e+03,2.900000000000000000e+03,2.925000000000000000e+03,2.950000000000000000e+03,2.975000000000000000e+03,3.000000000000000000e+03,3.025000000000000000e+03,3.050000000000000000e+03,3.075000000000000000e+03,3.100000000000000000e+03,3.125000000000000000e+03,3.150000000000000000e+03,3.175000000000000000e+03,3.200000000000000000e+03,3.225000000000000000e+03,3.250000000000000000e+03,3.275000000000000000e+03,3.300000000000000000e+03,3.325000000000000000e+03,3.350000000000000000e+03,3.375000000000000000e+03,3.400000000000000000e+03,3.425000000000000000e+03,3.450000000000000000e+03,3.475000000000000000e+03,3.500000000000000000e+03,3.525000000000000000e+03,3.550000000000000000e+03,3.575000000000000000e+03,3.600000000000000000e+03,3.625000000000000000e+03,3.650000000000000000e+03,3.675000000000000000e+03,3.700000000000000000e+03,3.725000000000000000e+03,3.750000000000000000e+03,3.775000000000000000e+03,3.800000000000000000e+03,3.825000000000000000e+03,3.850000000000000000e+03,3.875000000000000000e+03,3.900000000000000000e+03,3.925000000000000000e+03,3.950000000000000000e+03,3.975000000000000000e+03,4.000000000000000000e+03,4.025000000000000000e+03,4.050000000000000000e+03,4.075000000000000000e+03,4.100000000000000000e+03,4.125000000000000000e+03,4.150000000000000000e+03,4.175000000000000000e+03,4.200000000000000000e+03,4.225000000000000000e+03,4.250000000000000000e+03,4.275000000000000000e+03,4.300000000000000000e+03,4.325000000000000000e+03,4.350000000000000000e+03,4.375000000000000000e+03,4.400000000000000000e+03,4.425000000000000000e+03,4.450000000000000000e+03,4.475000000000000000e+03,4.500000000000000000e+03,4.525000000000000000e+03,4.550000000000000000e+03,4.575000000000000000e+03,4.600000000000000000e+03,4.625000000000000000e+03,4.650000000000000000e+03,4.675000000000000000e+03,4.700000000000000000e+03,4.725000000000000000e+03,4.750000000000000000e+03,4.775000000000000000e+03,4.800000000000000000e+03,4.825000000000000000e+03,4.850000000000000000e+03,4.875000000000000000e+03,4.900000000000000000e+03,4.925000000000000000e+03,4.950000000000000000e+03,4.975000000000000000e+03,5.000000000000000000e+03,5.025000000000000000e+03,5.050000000000000000e+03,5.075000000000000000e+03,5.100000000000000000e+03,5.125000000000000000e+03,5.150000000000000000e+03,5.175000000000000000e+03,5.200000000000000000e+03,5.225000000000000000e+03,5.250000000000000000e+03,5.275000000000000000e+03,5.300000000000000000e+03,5.325000000000000000e+03,5.350000000000000000e+03,5.375000000000000000e+03,5.400000000000000000e+03,5.425000000000000000e+03,5.450000000000000000e+03,5.475000000000000000e+03,5.500000000000000000e+03,5.525000000000000000e+03,5.550000000000000000e+03,5.575000000000000000e+03,5.600000000000000000e+03,5.625000000000000000e+03,5.650000000000000000e+03,5.675000000000000000e+03,5.700000000000000000e+03,5.725000000000000000e+03,5.750000000000000000e+03,5.775000000000000000e+03,5.800000000000000000e+03,5.825000000000000000e+03,5.850000000000000000e+03,5.875000000000000000e+03,5.900000000000000000e+03,5.925000000000000000e+03,5.950000000000000000e+03,5.975000000000000000e+03,6.000000000000000000e+03,6.025000000000000000e+03,6.050000000000000000e+03,6.075000000000000000e+03,6.100000000000000000e+03,6.125000000000000000e+03,6.150000000000000000e+03,6.175000000000000000e+03,6.200000000000000000e+03,6.225000000000000000e+03,6.250000000000000000e+03,6.275000000000000000e+03,6.300000000000000000e+03,6.325000000000000000e+03,6.350000000000000000e+03,6.375000000000000000e+03,6.400000000000000000e+03,6.425000000000000000e+03,6.450000000000000000e+03,6.475000000000000000e+03,6.500000000000000000e+03,6.525000000000000000e+03,6.550000000000000000e+03,6.575000000000000000e+03,6.600000000000000000e+03,6.625000000000000000e+03,6.650000000000000000e+03,6.675000000000000000e+03,6.700000000000000000e+03,6.725000000000000000e+03,6.750000000000000000e+03,6.775000000000000000e+03,6.800000000000000000e+03,6.825000000000000000e+03,6.850000000000000000e+03,6.875000000000000000e+03,6.900000000000000000e+03,6.925000000000000000e+03,6.950000000000000000e+03,6.975000000000000000e+03,7.000000000000000000e+03,7.025000000000000000e+03,7.050000000000000000e+03,7.075000000000000000e+03,7.100000000000000000e+03,7.125000000000000000e+03,7.150000000000000000e+03,7.175000000000000000e+03,7.200000000000000000e+03,7.225000000000000000e+03,7.250000000000000000e+03,7.275000000000000000e+03,7.300000000000000000e+03,7.325000000000000000e+03,7.350000000000000000e+03,7.375000000000000000e+03,7.400000000000000000e+03,7.425000000000000000e+03,7.450000000000000000e+03,7.475000000000000000e+03
0.000000000000000000e+00,2.600000000000000000e+01,5.200000000000000000e+01,7.800000000000000000e+01,1.040000000000000000e+02,1.300000000000000000e+02,1.560000000000000000e+02,1.820000000000000000e+02,2.080000000000000000e+02,2.340000000000000000e+02,2.600000000000000000e+02,2.860000000000000000e+02,3.120000000000000000e+02,3.380000000000000000e+02,3.640000000000000000e+02,3.900000000000000000e+02,4.160000000000000000e+02,4.420000000000000000e+02,4.680000000000000000e+02,4.940000000000000000e+02,5.200000000000000000e+02,5.460000000000000000e+02,5.720000000000000000e+02,5.980000000000000000e+02,6.240000000000000000e+02,6.500000000000000000e+02,6.760000000000000000e+02,7.020000000000000000e+02,7.280000000000000000e+02,7.540000000000000000e+02,7.800000000000000000e+02,8.060000000000000000e+02,8.320000000000000000e+02,8.580000000000000000e+02,8.840000000000000000e+02,9.100000000000000000e+02,9.360000000000000000e+02,9.620000000000000000e+02,9.880000000000000000e+02,1.014000000000000000e+03,1.040000000000000000e+03,1.066000000000000000e+03,1.092000000000000000e+03,1.118000000000000000e+03,1.144000000000000000e+03,1.170000000000000000e+03,1.196000000000000000e+03,1.222000000000000000e+03,1.248000000000000000e+03,1.274000000000000000e+03,1.300000000000000000e+03,1.326000000000000000e+03,1.352000000000000000e+03,1.378000000000000000e+03,1.404000000000000000e+03,1.430000000000000000e+03,1.456000000000000000e+03,1.482000000000000000e+03,1.508000000000000000e+03,1.534000000000000000e+03,1.560000000000000000e+03,1.586000000000000000e+03,1.612000000000000000e+03,1.638000000000000000e+03,1.664000000000000000e+03,1.690000000000000000e+03,1.716000000000000000e+03,1.742000000000000000e+03,1.768000000000000000e+03,1.794000000000000000e+03,1.820000000000000000e+03,1.846000000000000000e+03,1.872000000000000000e+03,1.898000000000000000e+03,1.924000000000000000e+03,1.950000000000000000e+03,1.976000000000000000e+03,2.002000000000000000e+03,2.028000000000000000e+03,2.054000000000000000e+03,2.080000000000000000e+03,2.106000000000000000e+03,2.132000000000000000e+03,2.158000000000000000e+03,2.184000000000000000e+03,2.210000000000000000e+03,2.236000000000000000e+03,2.262000000000000000e+03,2.288000000000000000e+03,2.314000000000000000e+03,2.340000000000000000e+03,2.366000000000000000e+03,2.392000000000000000e+03,2.418000000000000000e+03,2.444000000000000000e+03,2.470000000000000000e+03,2.496000000000000000e+03,2.522000000000000000e+03,2.548000000000000000e+03,2.574000000000000000e+03,2.600000000000000000e+03,2.626000000000000000e+03,2.652000000000000000e+03,2.678000000000000000e+03,2.704000000000000000e+03,2.730000000000000000e+03,2.756000000000000000e+03,2.782000000000000000e+03,2.808000000000000000e+03,2.834000000000000000e+03,2.860000000000000000e+03,2.886000000000000000e+03,2.912000000000000000e+03,2.938000000000000000e+03,2.964000000000000000e+03,2.990000000000000000e+03,3.016000000000000000e+03,3.042000000000000000e+03,3.068000000000000000e+03,3.094000000000000000e+03,3.120000000000000000e+03,3.146000000000000000e+03,3.172000000000000000e+03,3.198000000000000000e+03,3.224000000000000000e+03,3.250000000000000000e+03,3.276000000000000000e+03,3.302000000000000000e+03,3.328000000000000000e+03,3.354000000000000000e+03,3.380000000000000000e+03,3.406000000000000000e+03,3.432000000000000000e+03,3.458000000000000000e+03,3.484000000000000000e+03,3.510000000000000000e+03,3.536000000000000000e+03,3.562000000000000000e+03,3.588000000000000000e+03,3.614000000000000000e+03,3.640000000000000000e+03,3.666000000000000000e+03,3.692000000000000000e+03,3.718000000000000000e+03,3.744000000000000000e+03,3.770000000000000000e+03,3.796000000000000000e+03,3.822000000000000000e+03,3.848000000000000000e+03,3.874000000000000000e+03,3.900000000000000000e+03,3.926000000000000000e+03,3.952000000000000000e+03,3.978000000000000000e+03,4.004000000000000000e+03,4.030000000000000000e+03,4.056000000000000000e+03,4.082000000000000000e+03,4.108000000000000000e+03,4.134000000000000000e+03,4.160000000000000000e+03,4.186000000000000000e+03,4.212000000000000000e+03,4.238000000000000000e+03,4.264000000000000000e+03,4.290000000000000000e+03,4.316000000000000000e+03,4.342000000000000000e+03,4.368000000000000000e+03,4.394000000000000000e+03,4.420000000000000000e+03,4.446000000000000000e+03,4.472000000000000000e+03,4.498000000000000000e+03,4.524000000000000000e+03,4.550000000000000000e+03,4.576000000000000000e+03,4.602000000000000000e+03,4.628000000000000000e+03,4.654000000000000000e+03,4.680000000000000000e+03,4.706000000000000000e+03,4.732000000000000000e+03,4.758000000000000000e+03,4.784000000000000000e+03,4.810000000000000000e+03,4.836000000000000000e+03,4.862000000000000000e+03,4.888000000000000000e+03,4.914000000000000000e+03,4.940000000000000000e+03,4.966000000000000000e+03,4.992000000000000000e+03,5.018000000000000000e+03,5.044000000000000000e+03,5.070000000000000000e+03,5.096000000000000000e+03,5.122000000000000000e+03,5.148000000000000000e+03,5.174000000000000000e+03,5.200000000000000000e+03,5.226000000000000000e+03,5.252000000000000000e+03,5.278000000000000000e+03,5.304000000000000000e+03,5.330000000000000000e+03,5.356000000000000000e+03,5.382000000000000000e+03,5.408000000000000000e+03,5.434000000000000000e+03,5.460000000000000000e+03,5.486000000000000000e+03,5.512000000000000000e+03,5.538000000000000000e+03,5.564000000000000000e+03,5.590000000000000000e+03,5.616000000000000000e+03,5.642000000000000000e+03,5.668000000000000000e+03,5.694000000000000000e+03,5.720000000000000000e+03,5.746000000000000000e+03,5.772000000000000000e+03,5.798000000000000000e+03,5.824000000000000000e+03,5.850000000000000000e+03,5.876000000000000000e+03,5.902000000000000000e+03,5.928000000000000000e+03,5.954000000000000000e+03,5.980000000000000000e+03,6.006000000000000000e+03,6.032000000000000000e+03,6.058000000000000000e+03,6.084000000000000000e+03,6.110000000000000000e+03,6.136000000000000000e+03,6.162000000000000000e+03,6.188000000000000000e+03,6.214000000000000000e+03,6.240000000000000000e+03,6.266000000000000000e+03,6.292000000000000000e+03,6.318000000000000000e+03,6.344000000000000000e+03,6.370000000000000000e+03,6.396000000000000000e+03,6.422000000000000000e+03,6.448000000000000000e+03,6.474000000000000000e+03,6.500000000000000000e+03,6.526000000000000000e+03,6.552000000000000000e+03,6.578000000000000000e+03,6.604000000000000000e+03,6.630000000000000000e+03,6.656000000000000000e+03,6.682000000000000000e+03,6.708000000000000000e+03,6.734000000000000000e+03,6.760000000000000000e+03,6.786000000000000000e+03,6.812000000000000000e+03,6.838000000000000000e+03,6.864000000000000000e+03,6.890000000000000000e+03,6.916000000000000000e+03,6.942000000000000000e+03,6.968000000000000000e+03,6.994000000000000000e+03,7.020000000000000000e+03,7.046000000000000000e+03,7.072000000000000000e+03,7.098000000000000000e+03,7.124000000000000000e+03,7.150000000000000000e+03,7.176000000000000000e+03,7.202000000000000000e+03,7.228000000000000000e+03,7.254000000000000000e+03,7.280000000000000000e+03,7.306000000000000000e+03,7.332000000000000000e+03,7.358000000000000000e+03,7.384000000000000000e+03,7.410000000000000000e+03,7.436000000000000000e+03,7.462000000000000000e+03,7.488000000000000000e+03,7.514000000000000000e+03,7.540000000000000000e+03,7.566000000000000000e+03,7.592000000000000000e+03,7.618000000000000000e+03,7.644000000000000000e+03,7.670000000000000000e+03,7.696000000000000000e+03,7.722000000000000000e+03,7.748000000000000000e+03,7.774000000000000000e+03
0.000000000000000000e+00,2.700000000000000000e+01,5.400000000000000000e+01,8.100000000000000000e+01,1.080000000000000000e+02,1.350000000000000000e+02,1.620000000000000000e+02,1.890000000000000000e+02,2.160000000000000000e+02,2.430000000000000000e+02,2.700000000000000000e+02,2.970000000000000000e+02,3.240000000000000000e+02,3.510000000000000000e+02,3.780000000000000000e+02,4.050000000000000000e+02,4.320000000000000000e+02,4.590000000000000000e+02,4.860000000000000000e+02,5.130000000000000000e+02,5.400000000000000000e+02,5.670000000000000000e+02,5.940000000000000000e+02,6.210000000000000000e+02,6.480000000000000000e+02,6.750000000000000000e+02,7.020000000000000000e+02,7.290000000000000000e+02,7.560000000000000000e+02,7.830000000000000000e+02,8.100000000000000000e+02,8.370000000000000000e+02,8.640000000000000000e+02,8.910000000000000000e+02,9.180000000000000000e+02,9.450000000000000000e+02,9.720000000000000000e+02,9.990000000000000000e+02,1.026000000000000000e+03,1.053000000000000000e+03,1.080000000000000000e+03,1.107000000000000000e+03,1.134000000000000000e+03,1.161000000000000000e+03,1.188000000000000000e+03,1.215000000000000000e+03,1.242000000000000000e+03,1.269000000000000000e+03,1.296000000000000000e+03,1.323000000000000000e+03,1.350000000000000000e+03,1.377000000000000000e+03,1.404000000000000000e+03,1.431000000000000000e+03,1.458000000000000000e+03,1.485000000000000000e+03,1.512000000000000000e+03,1.539000000000000000e+03,1.566000000000000000e+03,1.593000000000000000e+03,1.620000000000000000e+03,1.647000000000000000e+03,1.674000000000000000e+03,1.701000000000000000e+03,1.728000000000000000e+03,1.755000000000000000e+03,1.782000000000000000e+03,1.809000000000000000e+03,1.836000000000000000e+03,1.863000000000000000e+03,1.890000000000000000e+03,1.917000000000000000e+03,1.944000000000000000e+03,1.971000000000000000e+03,1.998000000000000000e+03,2.025000000000000000e+03,2.052000000000000000e+03,2.079000000000000000e+03,2.106000000000000000e+03,2.133000000000000000e+03,2.160000000000000000e+03,2.187000000000000000e+03,2.214000000000000000e+03,2.241000000000000000e+03,2.268000000000000000e+03,2.295000000000000000e+03,2.322000000000000000e+03,2.349000000000000000e+03,2.376000000000000000e+03,2.403000000000000000e+03,2.430000000000000000e+03,2.457000000000000000e+03,2.484000000000000000e+03,2.511000000000000000e+03,2.538000000000000000e+03,2.565000000000000000e+03,2.592000000000000000e+03,2.619000000000000000e+03,2.646000000000000000e+03,2.673000000000000000e+03,2.700000000000000000e+03,2.727000000000000000e+03,2.754000000000000000e+03,2.781000000000000000e+03,2.808000000000000000e+03,2.835000000000000000e+03,2.862000000000000000e+03,2.889000000000000000e+03,2.916000000000000000e+03,2.943000000000000000e+03,2.970000000000000000e+03,2.997000000000000000e+03,3.024000000000000000e+03,3.051000000000000000e+03,3.078000000000000000e+03,3.105000000000000000e+03,3.132000000000000000e+03,3.159000000000000000e+03,3.186000000000000000e+03,3.213000000000000000e+03,3.240000000000000000e+03,3.267000000000000000e+03,3.294000000000000000e+03,3.321000000000000000e+03,3.348000000000000000e+03,3.375000000000000000e+03,3.402000000000000000e+03,3.429000000000000000e+03,3.456000000000000000e+03,3.483000000000000000e+03,3.510000000000000000e+03,3.537000000000000000e+03,3.564000000000000000e+03,3.591000000000000000e+03,3.618000000000000000e+03,3.645000000000000000e+03,3.672000000000000000e+03,3.699000000000000000e+03,3.726000000000000000e+03,3.753000000000000000e+03,3.780000000000000000e+03,3.807000000000000000e+03,3.834000000000000000e+03,3.861000000000000000e+03,3.888000000000000000e+03,3.915000000000000000e+03,3.942000000000000000e+03,3.969000000000000000e+03,3.996000000000000000e+03,4.023000000000000000e+03,4.050000000000000000e+03,4.077000000000000000e+03,4.104000000000000000e+03,4.131000000000000000e+03,4.158000000000000000e+03,4.185000000000000000e+03,4.212000000000000000e+03,4.239000000000000000e+03,4.266000000000000000e+03,4.293000000000000000e+03,4.320000000000000000e+03,4.347000000000000000e+03,4.374000000000000000e+03,4.401000000000000000e+03,4.428000000000000000e+03,4.455000000000000000e+03,4.482000000000000000e+03,4.509000000000000000e+03,4.536000000000000000e+03,4.563000000000000000e+03,4.590000000000000000e+03,4.617000000000000000e+03,4.644000000000000000e+03,4.671000000000000000e+03,4.698000000000000000e+03,4.725000000000000000e+03,4.752000000000000000e+03,4.779000000000000000e+03,4.806000000000000000e+03,4.833000000000000000e+03,4.860000000000000000e+03,4.887000000000000000e+03,4.914000000000000000e+03,4.941000000000000000e+03,4.968000000000000000e+03,4.995000000000000000e+03,5.022000000000000000e+03,5.049000000000000000e+03,5.076000000000000000e+03,5.103000000000000000e+03,5.130000000000000000e+03,5.157000000000000000e+03,5.184000000000000000e+03,5.211000000000000000e+03,5.238000000000000000e+03,5.265000000000000000e+03,5.292000000000000000e+03,5.319000000000000000e+03,5.346000000000000000e+03,5.373000000000000000e+03,5.400000000000000000e+03,5.427000000000000000e+03,5.454000000000000000e+03,5.481000000000000000e+03,5.508000000000000000e+03,5.535000000000000000e+03,5.562000000000000000e+03,5.589000000000000000e+03,5.616000000000000000e+03,5.643000000000000000e+03,5.670000000000000000e+03,5.697000000000000000e+03,5.724000000000000000e+03,5.751000000000000000e+03,5.778000000000000000e+03,5.805000000000000000e+03,5.832000000000000000e+03,5.859000000000000000e+03,5.886000000000000000e+03,5.913000000000000000e+03,5.940000000000000000e+03,5.967000000000000000e+03,5.994000000000000000e+03,6.021000000000000000e+03,6.048000000000000000e+03,6.075000000000000000e+03,6.102000000000000000e+03,6.129000000000000000e+03,6.156000000000000000e+03,6.183000000000000000e+03,6.210000000000000000e+03,6.237000000000000000e+03,6.264000000000000000e+03,6.291000000000000000e+03,6.318000000000000000e+03,6.345000000000000000e+03,6.372000000000000000e+03,6.399000000000000000e+03,6.426000000000000000e+03,6.453000000000000000e+03,6.480000000000000000e+03,6.507000000000000000e+03,6.534000000000000000e+03,6.561000000000000000e+03,6.588000000000000000e+03,6.615000000000000000e+03,6.642000000000000000e+03,6.669000000000000000e+03,6.696000000000000000e+03,6.723000000000000000e+03,6.750000000000000000e+03,6.777000000000000000e+03,6.804000000000000000e+03,6.831000000000000000e+03,6.858000000000000000e+03,6.885000000000000000e+03,6.912000000000000000e+03,6.939000000000000000e+03,6.966000000000000000e+03,6.993000000000000000e+03,7.020000000000000000e+03,7.047000000000000000e+03,7.074000000000000000e+03,7.101000000000000000e+03,7.128000000000000000e+03,7.155000000000000000e+03,7.182000000000000000e+03,7.209000000000000000e+03,7.236000000000000000e+03,7.263000000000000000e+03,7.290000000000000000e+03,7.317000000000000000e+03,7.344000000000000000e+03,7.371000000000000000e+03,7.398000000000000000e+03,7.425000000000000000e+03,7.452000000000000000e+03,7.479000000000000000e+03,7.506000000000000000e+03,7.533000000000000000e+03,7.560000000000000000e+03,7.587000000000000000e+03,7.614000000000000000e+03,7.641000000000000000e+03,7.668000000000000000e+03,7.695000000000000000e+03,7.722000000000000000e+03,7.749000000000000000e+03,7.776000000000000000e+03,7.803000000000000000e+03,7.830000000000000000e+03,7.857000000000000000e+03,7.884000000000000000e+03,7.911000000000000000e+03,7.938000000000000000e+03,7.965000000000000000e+03,7.992000000000000000e+03,8.019000000000000000e+03,8.046000000000000000e+03,8.073000000000000000e+03
0.000000000000000000e+00,2.800000000000000000e+01,5.600000000000000000e+01,8.400000000000000000e+01,1.120000000000000000e+02,1.400000000000000000e+02,1.680000000000000000e+02,1.960000000000000000e+02,2.240000000000000000e+02,2.520000000000000000e+02,2.800000000000000000e+02,3.080000000000000000e+02,3.360000000000000000e+02,3.640000000000000000e+02,3.920000000000000000e+02,4.200000000000000000e+02,4.480000000000000000e+02,4.760000000000000000e+02,5.040000000000000000e+02,5.320000000000000000e+02,5.600000000000000000e+02,5.880000000000000000e+02,6.160000000000000000e+02,6.440000000000000000e+02,6.720000000000000000e+02,7.000000000000000000e+02,7.280000000000000000e+02,7.560000000000000000e+02,7.840000000000000000e+02,8.120000000000000000e+02,8.400000000000000000e+02,8.680000000000000000e+02,8.960000000000000000e+02,9.240000000000000000e+02,9.520000000000000000e+02,9.800000000000000000e+02,1.008000000000000000e+03,1.036000000000000000e+03,1.064000000000000000e+03,1.092000000000000000e+03,1.120000000000000000e+03,1.148000000000000000e+03,1.176000000000000000e+03,1.204000000000000000e+03,1.232000000000000000e+03,1.260000000000000000e+03,1.288000000000000000e+03,1.316000000000000000e+03,1.344000000000000000e+03,1.372000000000000000e+03,1.400000000000000000e+03,1.428000000000000000e+03,1.456000000000000000e+03,1.484000000000000000e+03,1.512000000000000000e+03,1.540000000000000000e+03,1.568000000000000000e+03,1.596000000000000000e+03,1.624000000000000000e+03,1.652000000000000000e+03,1.680000000000000000e+03,1.708000000000000000e+03,1.736000000000000000e+03,1.764000000000000000e+03,1.792000000000000000e+03,1.820000000000000000e+03,1.848000000000000000e+03,1.876000000000000000e+03,1.904000000000000000e+03,1.932000000000000000e+03,1.960000000000000000e+03,1.988000000000000000e+03,2.016000000000000000e+03,2.044000000000000000e+03,2.072000000000000000e+03,2.100000000000000000e+03,2.128000000000000000e+03,2.156000000000000000e+03,2.184000000000000000e+03,2.212000000000000000e+03,2.240000000000000000e+03,2.268000000000000000e+03,2.296000000000000000e+03,2.324000000000000000e+03,2.352000000000000000e+03,2.380000000000000000e+03,2.408000000000000000e+03,2.436000000000000000e+03,2.464000000000000000e+03,2.492000000000000000e+03,2.520000000000000000e+03,2.548000000000000000e+03,2.576000000000000000e+03,2.604000000000000000e+03,2.632000000000000000e+03,2.660000000000000000e+03,2.688000000000000000e+03,2.716000000000000000e+03,2.744000000000000000e+03,2.772000000000000000e+03,2.800000000000000000e+03,2.828000000000000000e+03,2.856000000000000000e+03,2.884000000000000000e+03,2.912000000000000000e+03,2.940000000000000000e+03,2.968000000000000000e+03,2.996000000000000000e+03,3.024000000000000000e+03,3.052000000000000000e+03,3.080000000000000000e+03,3.108000000000000000e+03,3.136000000000000000e+03,3.164000000000000000e+03,3.192000000000000000e+03,3.220000000000000000e+03,3.248000000000000000e+03,3.276000000000000000e+03,3.304000000000000000e+03,3.332000000000000000e+03,3.360000000000000000e+03,3.388000000000000000e+03,3.416000000000000000e+03,3.444000000000000000e+03,3.472000000000000000e+03,3.500000000000000000e+03,3.528000000000000000e+03,3.556000000000000000e+03,3.584000000000000000e+03,3.612000000000000000e+03,3.640000000000000000e+03,3.668000000000000000e+03,3.696000000000000000e+03,3.724000000000000000e+03,3.752000000000000000e+03,3.780000000000000000e+03,3.808000000000000000e+03,3.836000000000000000e+03,3.864000000000000000e+03,3.892000000000000000e+03,3.920000000000000000e+03,3.948000000000000000e+03,3.976000000000000000e+03,4.004000000000000000e+03,4.032000000000000000e+03,4.060000000000000000e+03,4.088000000000000000e+03,4.116000000000000000e+03,4.144000000000000000e+03,4.172000000000000000e+03,4.200000000000000000e+03,4.228000000000000000e+03,4.256000000000000000e+03,4.284000000000000000e+03,4.312000000000000000e+03,4.340000000000000000e+03,4.368000000000000000e+03,4.396000000000000000e+03,4.424000000000000000e+03,4.452000000000000000e+03,4.480000000000000000e+03,4.508000000000000000e+03,4.536000000000000000e+03,4.564000000000000000e+03,4.592000000000000000e+03,4.620000000000000000e+03,4.648000000000000000e+03,4.676000000000000000e+03,4.704000000000000000e+03,4.732000000000000000e+03,4.760000000000000000e+03,4.788000000000000000e+03,4.816000000000000000e+03,4.844000000000000000e+03,4.872000000000000000e+03,4.900000000000000000e+03,4.928000000000000000e+03,4.956000000000000000e+03,4.984000000000000000e+03,5.012000000000000000e+03,5.040000000000000000e+03,5.068000000000000000e+03,5.096000000000000000e+03,5.124000000000000000e+03,5.152000000000000000e+03,5.180000000000000000e+03,5.208000000000000000e+03,5.236000000000000000e+03,5.264000000000000000e+03,5.292000000000000000e+03,5.320000000000000000e+03,5.348000000000000000e+03,5.376000000000000000e+03,5.404000000000000000e+03,5.432000000000000000e+03,5.460000000000000000e+03,5.488000000000000000e+03,5.516000000000000000e+03,5.544000000000000000e+03,5.572000000000000000e+03,5.600000000000000000e+03,5.628000000000000000e+03,5.656000000000000000e+03,5.684000000000000000e+03,5.712000000000000000e+03,5.740000000000000000e+03,5.768000000000000000e+03,5.796000000000000000e+03,5.824000000000000000e+03,5.852000000000000000e+03,5.880000000000000000e+03,5.908000000000000000e+03,5.936000000000000000e+03,5.964000000000000000e+03,5.992000000000000000e+03,6.020000000000000000e+03,6.048000000000000000e+03,6.076000000000000000e+03,6.104000000000000000e+03,6.132000000000000000e+03,6.160000000000000000e+03,6.188000000000000000e+03,6.216000000000000000e+03,6.244000000000000000e+03,6.272000000000000000e+03,6.300000000000000000e+03,6.328000000000000000e+03,6.356000000000000000e+03,6.384000000000000000e+03,6.412000000000000000e+03,6.440000000000000000e+03,6.468000000000000000e+03,6.496000000000000000e+03,6.524000000000000000e+03,6.552000000000000000e+03,6.580000000000000000e+03,6.608000000000000000e+03,6.636000000000000000e+03,6.664000000000000000e+03,6.692000000000000000e+03,6.720000000000000000e+03,6.748000000000000000e+03,6.776000000000000000e+03,6.804000000000000000e+03,6.832000000000000000e+03,6.860000000000000000e+03,6.888000000000000000e+03,6.916000000000000000e+03,6.944000000000000000e+03,6.972000000000000000e+03,7.000000000000000000e+03,7.028000000000000000e+03,7.056000000000000000e+03,7.084000000000000000e+03,7.112000000000000000e+03,7.140000000000000000e+03,7.168000000000000000e+03,7.196000000000000000e+03,7.224000000000000000e+03,7.252000000000000000e+03,7.280000000000000000e+03,7.308000000000000000e+03,7.336000000000000000e+03,7.364000000000000000e+03,7.392000000000000000e+03,7.420000000000000000e+03,7.448000000000000000e+03,7.476000000000000000e+03,7.504000000000000000e+03,7.532000000000000000e+03,7.560000000000000000e+03,7.588000000000000000e+03,7.616000000000000000e+03,7.644000000000000000e+03,7.672000000000000000e+03,7.700000000000000000e+03,7.728000000000000000e+03,7.756000000000000000e+03,7.784000000000000000e+03,7.812000000000000000e+03,7.840000000000000000e+03,7.868000000000000000e+03,7.896000000000000000e+03,7.924000000000000000e+03,7.952000000000000000e+03,7.980000000000000000e+03,8.008000000000000000e+03,8.036000000000000000e+03,8.064000000000000000e+03,8.092000000000000000e+03,8.120000000000000000e+03,8.148000000000000000e+03,8.176000000000000000e+03,8.204000000000000000e+03,8.232000000000000000e+03,8.260000000000000000e+03,8.288000000000000000e+03,8.316000000000000000e+03,8.344000000000000000e+03,8.372000000000000000e+03
0.000000000000000000e+00,2.900000000000000000e+01,5.800000000000000000e+01,8.700000000000000000e+01,1.160000000000000000e+02,1.450000000000000000e+02,1.740000000000000000e+02,2.030000000000000000e+02,2.320000000000000000e+02,2.610000000000000000e+02,2.900000000000000000e+02,3.190000000000000000e+02,3.480000000000000000e+02,3.770000000000000000e+02,4.060000000000000000e+02,4.350000000000000000e+02,4.640000000000000000e+02,4.930000000000000000e+02,5.220000000000000000e+02,5.510000000000000000e+02,5.800000000000000000e+02,6.090000000000000000e+02,6.380000000000000000e+02,6.670000000000000000e+02,6.960000000000000000e+02,7.250000000000000000e+02,7.540000000000000000e+02,7.830000000000000000e+02,8.120000000000000000e+02,8.410000000000000000e+02,8.700000000000000000e+02,8.990000000000000000e+02,9.280000000000000000e+02,9.570000000000000000e+02,9.860000000000000000e+02,1.015000000000000000e+03,1.044000000000000000e+03,1.073000000000000000e+03,1.102000000000000000e+03,1.131000000000000000e+03,1.160000000000000000e+03,1.189000000000000000e+03,1.218000000000000000e+03,1.247000000000000000e+03,1.276000000000000000e+03,1.305000000000000000e+03,1.334000000000000000e+03,1.363000000000000000e+03,1.392000000000000000e+03,1.421000000000000000e+03,1.450000000000000000e+03,1.479000000000000000e+03,1.508000000000000000e+03,1.537000000000000000e+03,1.566000000000000000e+03,1.595000000000000000e+03,1.624000000000000000e+03,1.653000000000000000e+03,1.682000000000000000e+03,1.711000000000000000e+03,1.740000000000000000e+03,1.769000000000000000e+03,1.798000000000000000e+03,1.827000000000000000e+03,1.856000000000000000e+03,1.885000000000000000e+03,1.914000000000000000e+03,1.943000000000000000e+03,1.972000000000000000e+03,2.001000000000000000e+03,2.030000000000000000e+03,2.059000000000000000e+03,2.088000000000000000e+03,2.117000000000000000e+03,2.146000000000000000e+03,2.175000000000000000e+03,2.204000000000000000e+03,2.233000000000000000e+03,2.262000000000000000e+03,2.291000000000000000e+03,2.320000000000000000e+03,2.349000000000000000e+03,2.378000000000000000e+03,2.407000000000000000e+03,2.436000000000000000e+03,2.465000000000000000e+03,2.494000000000000000e+03,2.523000000000000000e+03,2.552000000000000000e+03,2.581000000000000000e+03,2.610000000000000000e+03,2.639000000000000000e+03,2.668000000000000000e+03,2.697000000000000000e+03,2.726000000000000000e+03,2.755000000000000000e+03,2.784000000000000000e+03,2.813000000000000000e+03,2.842000000000000000e+03,2.871000000000000000e+03,2.900000000000000000e+03,2.929000000000000000e+03,2.958000000000000000e+03,2.987000000000000000e+03,3.016000000000000000e+03,3.045000000000000000e+03,3.074000000000000000e+03,3.103000000000000000e+03,3.132000000000000000e+03,3.161000000000000000e+03,3.190000000000000000e+03,3.219000000000000000e+03,3.248000000000000000e+03,3.277000000000000000e+03,3.306000000000000000e+03,3.335000000000000000e+03,3.364000000000000000e+03,3.393000000000000000e+03,3.422000000000000000e+03,3.451000000000000000e+03,3.480000000000000000e+03,3.509000000000000000e+03,3.538000000000000000e+03,3.567000000000000000e+03,3.596000000000000000e+03,3.625000000000000000e+03,3.654000000000000000e+03,3.683000000000000000e+03,3.712000000000000000e+03,3.741000000000000000e+03,3.770000000000000000e+03,3.799000000000000000e+03,3.828000000000000000e+03,3.857000000000000000e+03,3.886000000000000000e+03,3.915000000000000000e+03,3.944000000000000000e+03,3.973000000000000000e+03,4.002000000000000000e+03,4.031000000000000000e+03,4.060000000000000000e+03,4.089000000000000000e+03,4.118000000000000000e+03,4.147000000000000000e+03,4.176000000000000000e+03,4.205000000000000000e+03,4.234000000000000000e+03,4.263000000000000000e+03,4.292000000000000000e+03,4.321000000000000000e+03,4.350000000000000000e+03,4.379000000000000000e+03,4.408000000000000000e+03,4.437000000000000000e+03,4.466000000000000000e+03,4.495000000000000000e+03,4.524000000000000000e+03,4.553000000000000000e+03,4.582000000000000000e+03,4.611000000000000000e+03,4.640000000000000000e+03,4.669000000000000000e+03,4.698000000000000000e+03,4.727000000000000000e+03,4.756000000000000000e+03,4.785000000000000000e+03,4.814000000000000000e+03,4.843000000000000000e+03,4.872000000000000000e+03,4.901000000000000000e+03,4.930000000000000000e+03,4.959000000000000000e+03,4.988000000000000000e+03,5.017000000000000000e+03,5.046000000000000000e+03,5.075000000000000000e+03,5.104000000000000000e+03,5.133000000000000000e+03,5.162000000000000000e+03,5.191000000000000000e+03,5.220000000000000000e+03,5.249000000000000000e+03,5.278000000000000000e+03,5.307000000000000000e+03,5.336000000000000000e+03,5.365000000000000000e+03,5.394000000000000000e+03,5.423000000000000000e+03,5.452000000000000000e+03,5.481000000000000000e+03,5.510000000000000000e+03,5.539000000000000000e+03,5.568000000000000000e+03,5.597000000000000000e+03,5.626000000000000000e+03,5.655000000000000000e+03,5.684000000000000000e+03,5.713000000000000000e+03,5.742000000000000000e+03,5.771000000000000000e+03,5.800000000000000000e+03,5.829000000000000000e+03,5.858000000000000000e+03,5.887000000000000000e+03,5.916000000000000000e+03,5.945000000000000000e+03,5.974000000000000000e+03,6.003000000000000000e+03,6.032000000000000000e+03,6.061000000000000000e+03,6.090000000000000000e+03,6.119000000000000000e+03,6.148000000000000000e+03,6.177000000000000000e+03,6.206000000000000000e+03,6.235000000000000000e+03,6.264000000000000000e+03,6.293000000000000000e+03,6.322000000000000000e+03,6.351000000000000000e+03,6.380000000000000000e+03,6.409000000000000000e+03,6.438000000000000000e+03,6.467000000000000000e+03,6.496000000000000000e+03,6.525000000000000000e+03,6.554000000000000000e+03,6.583000000000000000e+03,6.612000000000000000e+03,6.641000000000000000e+03,6.670000000000000000e+03,6.699000000000000000e+03,6.728000000000000000e+03,6.757000000000000000e+03,6.786000000000000000e+03,6.815000000000000000e+03,6.844000000000000000e+03,6.873000000000000000e+03,6.902000000000000000e+03,6.931000000000000000e+03,6.960000000000000000e+03,6.989000000000000000e+03,7.018000000000000000e+03,7.047000000000000000e+03,7.076000000000000000e+03,7.105000000000000000e+03,7.134000000000000000e+03,7.163000000000000000e+03,7.192000000000000000e+03,7.221000000000000000e+03,7.250000000000000000e+03,7.279000000000000000e+03,7.308000000000000000e+03,7.337000000000000000e+03,7.366000000000000000e+03,7.395000000000000000e+03,7.424000000000000000e+03,7.453000000000000000e+03,7.482000000000000000e+03,7.511000000000000000e+03,7.540000000000000000e+03,7.569000000000000000e+03,7.598000000000000000e+03,7.627000000000000000e+03,7.656000000000000000e+03,7.685000000000000000e+03,7.714000000000000000e+03,7.743000000000000000e+03,7.772000000000000000e+03,7.801000000000000000e+03,7.830000000000000000e+03,7.859000000000000000e+03,7.888000000000000000e+03,7.917000000000000000e+03,7.946000000000000000e+03,7.975000000000000000e+03,8.004000000000000000e+03,8.033000000000000000e+03,8.062000000000000000e+03,8.091000000000000000e+03,8.120000000000000000e+03,8.149000000000000000e+03,8.178000000000000000e+03,8.207000000000000000e+03,8.236000000000000000e+03,8.265000000000000000e+03,8.294000000000000000e+03,8.323000000000000000e+03,8.352000000000000000e+03,8.381000000000000000e+03,8.410000000000000000e+03,8.439000000000000000e+03,8.468000000000000000e+03,8.497000000000000000e+03,8.526000000000000000e+03,8.555000000000000000e+03,8.584000000000000000e+03,8.613000000000000000e+03,8.642000000000000000e+03,8.671000000000000000e+03
0.000000000000000000e+00,3.000000000000000000e+01,6.000000000000000000e+01,9.000000000000000000e+01,1.200000000000000000e+02,1.500000000000000000e+02,1.800000000000000000e+02,2.100000000000000000e+02,2.400000000000000000e+02,2.700000000000000000e+02,3.000000000000000000e+02,3.300000000000000000e+02,3.600000000000000000e+02,3.900000000000000000e+02,4.200000000000000000e+02,4.500000000000000000e+02,4.800000000000000000e+02,5.100000000000000000e+02,5.400000000000000000e+02,5.700000000000000000e+02,6.000000000000000000e+02,6.300000000000000000e+02,6.600000000000000000e+02,6.900000000000000000e+02,7.200000000000000000e+02,7.500000000000000000e+02,7.800000000000000000e+02,8.100000000000000000e+02,8.400000000000000000e+02,8.700000000000000000e+02,9.000000000000000000e+02,9.300000000000000000e+02,9.600000000000000000e+02,9.900000000000000000e+02,1.020000000000000000e+03,1.050000000000000000e+03,1.080000000000000000e+03,1.110000000000000000e+03,1.140000000000000000e+03,1.170000000000000000e+03,1.200000000000000000e+03,1.230000000000000000e+03,1.260000000000000000e+03,1.290000000000000000e+03,1.320000000000000000e+03,1.350000000000000000e+03,1.380000000000000000e+03,1.410000000000000000e+03,1.440000000000000000e+03,1.470000000000000000e+03,1.500000000000000000e+03,1.530000000000000000e+03,1.560000000000000000e+03,1.590000000000000000e+03,1.620000000000000000e+03,1.650000000000000000e+03,1.680000000000000000e+03,1.710000000000000000e+03,1.740000000000000000e+03,1.770000000000000000e+03,1.800000000000000000e+03,1.830000000000000000e+03,1.860000000000000000e+03,1.890000000000000000e+03,1.920000000000000000e+03,1.950000000000000000e+03,1.980000000000000000e+03,2.010000000000000000e+03,2.040000000000000000e+03,2.070000000000000000e+03,2.100000000000000000e+03,2.130000000000000000e+03,2.160000000000000000e+03,2.190000000000000000e+03,2.220000000000000000e+03,2.250000000000000000e+03,2.280000000000000000e+03,2.310000000000000000e+03,2.340000000000000000e+03,2.370000000000000000e+03,2.400000000000000000e+03,2.430000000000000000e+03,2.460000000000000000e+03,2.490000000000000000e+03,2.520000000000000000e+03,2.550000000000000000e+03,2.580000000000000000e+03,2.610000000000000000e+03,2.640000000000000000e+03,2.670000000000000000e+03,2.700000000000000000e+03,2.730000000000000000e+03,2.760000000000000000e+03,2.790000000000000000e+03,2.820000000000000000e+03,2.850000000000000000e+03,2.880000000000000000e+03,2.910000000000000000e+03,2.940000000000000000e+03,2.970000000000000000e+03,3.000000000000000000e+03,3.030000000000000000e+03,3.060000000000000000e+03,3.090000000000000000e+03,3.120000000000000000e+03,3.150000000000000000e+03,3.180000000000000000e+03,3.210000000000000000e+03,3.240000000000000000e+03,3.270000000000000000e+03,3.300000000000000000e+03,3.330000000000000000e+03,3.360000000000000000e+03,3.390000000000000000e+03,3.420000000000000000e+03,3.450000000000000000e+03,3.480000000000000000e+03,3.510000000000000000e+03,3.540000000000000000e+03,3.570000000000000000e+03,3.600000000000000000e+03,3.630000000000000000e+03,3.660000000000000000e+03,3.690000000000000000e+03,3.720000000000000000e+03,3.750000000000000000e+03,3.780000000000000000e+03,3.810000000000000000e+03,3.840000000000000000e+03,3.870000000000000000e+03,3.900000000000000000e+03,3.930000000000000000e+03,3.960000000000000000e+03,3.990000000000000000e+03,4.020000000000000000e+03,4.050000000000000000e+03,4.080000000000000000e+03,4.110000000000000000e+03,4.140000000000000000e+03,4.170000000000000000e+03,4.200000000000000000e+03,4.230000000000000000e+03,4.260000000000000000e+03,4.290000000000000000e+03,4.320000000000000000e+03,4.350000000000000000e+03,4.380000000000000000e+03,4.410000000000000000e+03,4.440000000000000000e+03,4.470000000000000000e+03,4.500000000000000000e+03,4.530000000000000000e+03,4.560000000000000000e+03,4.590000000000000000e+03,4.620000000000000000e+03,4.650000000000000000e+03,4.680000000000000000e+03,4.710000000000000000e+03,4.740000000000000000e+03,4.770000000000000000e+03,4.800000000000000000e+03,4.830000000000000000e+03,4.860000000000000000e+03,4.890000000000000000e+03,4.920000000000000000e+03,4.950000000000000000e+03,4.980000000000000000e+03,5.010000000000000000e+03,5.040000000000000000e+03,5.070000000000000000e+03,5.100000000000000000e+03,5.130000000000000000e+03,5.160000000000000000e+03,5.190000000000000000e+03,5.220000000000000000e+03,5.250000000000000000e+03,5.280000000000000000e+03,5.310000000000000000e+03,5.340000000000000000e+03,5.370000000000000000e+03,5.400000000000000000e+03,5.430000000000000000e+03,5.460000000000000000e+03,5.490000000000000000e+03,5.520000000000000000e+03,5.550000000000000000e+03,5.580000000000000000e+03,5.610000000000000000e+03,5.640000000000000000e+03,5.670000000000000000e+03,5.700000000000000000e+03,5.730000000000000000e+03,5.760000000000000000e+03,5.790000000000000000e+03,5.820000000000000000e+03,5.850000000000000000e+03,5.880000000000000000e+03,5.910000000000000000e+03,5.940000000000000000e+03,5.970000000000000000e+03,6.000000000000000000e+03,6.030000000000000000e+03,6.060000000000000000e+03,6.090000000000000000e+03,6.120000000000000000e+03,6.150000000000000000e+03,6.180000000000000000e+03,6.210000000000000000e+03,6.240000000000000000e+03,6.270000000000000000e+03,6.300000000000000000e+03,6.330000000000000000e+03,6.360000000000000000e+03,6.390000000000000000e+03,6.420000000000000000e+03,6.450000000000000000e+03,6.480000000000000000e+03,6.510000000000000000e+03,6.540000000000000000e+03,6.570000000000000000e+03,6.600000000000000000e+03,6.630000000000000000e+03,6.660000000000000000e+03,6.690000000000000000e+03,6.720000000000000000e+03,6.750000000000000000e+03,6.780000000000000000e+03,6.810000000000000000e+03,6.840000000000000000e+03,6.870000000000000000e+03,6.900000000000000000e+03,6.930000000000000000e+03,6.960000000000000000e+03,6.990000000000000000e+03,7.020000000000000000e+03,7.050000000000000000e+03,7.080000000000000000e+03,7.110000000000000000e+03,7.140000000000000000e+03,7.170000000000000000e+03,7.200000000000000000e+03,7.230000000000000000e+03,7.260000000000000000e+03,7.290000000000000000e+03,7.320000000000000000e+03,7.350000000000000000e+03,7.380000000000000000e+03,7.410000000000000000e+03,7.440000000000000000e+03,7.470000000000000000e+03,7.500000000000000000e+03,7.530000000000000000e+03,7.560000000000000000e+03,7.590000000000000000e+03,7.620000000000000000e+03,7.650000000000000000e+03,7.680000000000000000e+03,7.710000000000000000e+03,7.740000000000000000e+03,7.770000000000000000e+03,7.800000000000000000e+03,7.830000000000000000e+03,7.860000000000000000e+03,7.890000000000000000e+03,7.920000000000000000e+03,7.950000000000000000e+03,7.980000000000000000e+03,8.010000000000000000e+03,8.040000000000000000e+03,8.070000000000000000e+03,8.100000000000000000e+03,8.130000000000000000e+03,8.160000000000000000e+03,8.190000000000000000e+03,8.220000000000000000e+03,8.250000000000000000e+03,8.280000000000000000e+03,8.310000000000000000e+03,8.340000000000000000e+03,8.370000000000000000e+03,8.400000000000000000e+03,8.430000000000000000e+03,8.460000000000000000e+03,8.490000000000000000e+03,8.520000000000000000e+03,8.550000000000000000e+03,8.580000000000000000e+03,8.610000000000000000e+03,8.640000000000000000e+03,8.670000000000000000e+03,8.700000000000000000e+03,8.730000000000000000e+03,8.760000000000000000e+03,8.790000000000000000e+03,8.820000000000000000e+03,8.850000000000000000e+03,8.880000000000000000e+03,8.910000000000000000e+03,8.940000000000000000e+03,8.970000000000000000e+03
0.000000000000000000e+00,3.100000000000000000e+01,6.200000000000000000e+01,9.300000000000000000e+01,1.240000000000000000e+02,1.550000000000000000e+02,1.860000000000000000e+02,2.170000000000000000e+02,2.480000000000000000e+02,2.790000000000000000e+02,3.100000000000000000e+02,3.410000000000000000e+02,3.720000000000000000e+02,4.030000000000000000e+02,4.340000000000000000e+02,4.650000000000000000e+02,4.960000000000000000e+02,5.270000000000000000e+02,5.580000000000000000e+02,5.890000000000000000e+02,6.200000000000000000e+02,6.510000000000000000e+02,6.820000000000000000e+02,7.130000000000000000e+02,7.440000000000000000e+02,7.750000000000000000e+02,8.060000000000000000e+02,8.370000000000000000e+02,8.680000000000000000e+02,8.990000000000000000e+02,9.300000000000000000e+02,9.610000000000000000e+02,9.920000000000000000e+02,1.023000000000000000e+03,1.054000000000000000e+03,1.085000000000000000e+03,1.116000000000000000e+03,1.147000000000000000e+03,1.178000000000000000e+03,1.209000000000000000e+03,1.240000000000000000e+03,1.271000000000000000e+03,1.302000000000000000e+03,1.333000000000000000e+03,1.364000000000000000e+03,1.395000000000000000e+03,1.426000000000000000e+03,1.457000000000000000e+03,1.488000000000000000e+03,1.519000000000000000e+03,1.550000000000000000e+03,1.581000000000000000e+03,1.612000000000000000e+03,1.643000000000000000e+03,1.674000000000000000e+03,1.705000000000000000e+03,1.736000000000000000e+03,1.767000000000000000e+03,1.798000000000000000e+03,1.829000000000000000e+03,1.860000000000000000e+03,1.891000000000000000e+03,1.922000000000000000e+03,1.953000000000000000e+03,1.984000000000000000e+03,2.015000000000000000e+03,2.046000000000000000e+03,2.077000000000000000e+03,2.108000000000000000e+03,2.139000000000000000e+03,2.170000000000000000e+03,2.201000000000000000e+03,2.232000000000000000e+03,2.263000000000000000e+03,2.294000000000000000e+03,2.325000000000000000e+03,2.356000000000000000e+03,2.387000000000000000e+03,2.418000000000000000e+03,2.449000000000000000e+03,2.480000000000000000e+03,2.511000000000000000e+03,2.542000000000000000e+03,2.573000000000000000e+03,2.604000000000000000e+03,2.635000000000000000e+03,2.666000000000000000e+03,2.697000000000000000e+03,2.728000000000000000e+03,2.759000000000000000e+03,2.790000000000000000e+03,2.821000000000000000e+03,2.852000000000000000e+03,2.883000000000000000e+03,2.914000000000000000e+03,2.945000000000000000e+03,2.976000000000000000e+03,3.007000000000000000e+03,3.038000000000000000e+03,3.069000000000000000e+03,3.100000000000000000e+03,3.131000000000000000e+03,3.162000000000000000e+03,3.193000000000000000e+03,3.224000000000000000e+03,3.255000000000000000e+03,3.286000000000000000e+03,3.317000000000000000e+03,3.348000000000000000e+03,3.379000000000000000e+03,3.410000000000000000e+03,3.441000000000000000e+03,3.472000000000000000e+03,3.503000000000000000e+03,3.534000000000000000e+03,3.565000000000000000e+03,3.596000000000000000e+03,3.627000000000000000e+03,3.658000000000000000e+03,3.689000000000000000e+03,3.720000000000000000e+03,3.751000000000000000e+03,3.782000000000000000e+03,3.813000000000000000e+03,3.844000000000000000e+03,3.875000000000000000e+03,3.906000000000000000e+03,3.937000000000000000e+03,3.968000000000000000e+03,3.999000000000000000e+03,4.030000000000000000e+03,4.061000000000000000e+03,4.092000000000000000e+03,4.123000000000000000e+03,4.154000000000000000e+03,4.185000000000000000e+03,4.216000000000000000e+03,4.247000000000000000e+03,4.278000000000000000e+03,4.309000000000000000e+03,4.340000000000000000e+03,4.371000000000000000e+03,4.402000000000000000e+03,4.433000000000000000e+03,4.464000000000000000e+03,4.495000000000000000e+03,4.526000000000000000e+03,4.557000000000000000e+03,4.588000000000000000e+03,4.619000000000000000e+03,4.650000000000000000e+03,4.681000000000000000e+03,4.712000000000000000e+03,4.743000000000000000e+03,4.774000000000000000e+03,4.805000000000000000e+03,4.836000000000000000e+03,4.867000000000000000e+03,4.898000000000000000e+03,4.929000000000000000e+03,4.960000000000000000e+03,4.991000000000000000e+03,5.022000000000000000e+03,5.053000000000000000e+03,5.084000000000000000e+03,5.115000000000000000e+03,5.146000000000000000e+03,5.177000000000000000e+03,5.208000000000000000e+03,5.239000000000000000e+03,5.270000000000000000e+03,5.301000000000000000e+03,5.332000000000000000e+03,5.363000000000000000e+03,5.394000000000000000e+03,5.425000000000000000e+03,5.456000000000000000e+03,5.487000000000000000e+03,5.518000000000000000e+03,5.549000000000000000e+03,5.580000000000000000e+03,5.611000000000000000e+03,5.642000000000000000e+03,5.673000000000000000e+03,5.704000000000000000e+03,5.735000000000000000e+03,5.766000000000000000e+03,5.797000000000000000e+03,5.828000000000000000e+03,5.859000000000000000e+03,5.890000000000000000e+03,5.921000000000000000e+03,5.952000000000000000e+03,5.983000000000000000e+03,6.014000000000000000e+03,6.045000000000000000e+03,6.076000000000000000e+03,6.107000000000000000e+03,6.138000000000000000e+03,6.169000000000000000e+03,6.200000000000000000e+03,6.231000000000000000e+03,6.262000000000000000e+03,6.293000000000000000e+03,6.324000000000000000e+03,6.355000000000000000e+03,6.386000000000000000e+03,6.417000000000000000e+03,6.448000000000000000e+03,6.479000000000000000e+03,6.510000000000000000e+03,6.541000000000000000e+03,6.572000000000000000e+03,6.603000000000000000e+03,6.634000000000000000e+03,6.665000000000000000e+03,6.696000000000000000e+03,6.727000000000000000e+03,6.758000000000000000e+03,6.789000000000000000e+03,6.820000000000000000e+03,6.851000000000000000e+03,6.882000000000000000e+03,6.913000000000000000e+03,6.944000000000000000e+03,6.975000000000000000e+03,7.006000000000000000e+03,7.037000000000000000e+03,7.068000000000000000e+03,7.099000000000000000e+03,7.130000000000000000e+03,7.161000000000000000e+03,7.192000000000000000e+03,7.223000000000000000e+03,7.254000000000000000e+03,7.285000000000000000e+03,7.316000000000000000e+03,7.347000000000000000e+03,7.378000000000000000e+03,7.409000000000000000e+03,7.440000000000000000e+03,7.471000000000000000e+03,7.502000000000000000e+03,7.533000000000000000e+03,7.564000000000000000e+03,7.595000000000000000e+03,7.626000000000000000e+03,7.657000000000000000e+03,7.688000000000000000e+03,7.719000000000000000e+03,7.750000000000000000e+03,7.781000000000000000e+03,7.812000000000000000e+03,7.843000000000000000e+03,7.874000000000000000e+03,7.905000000000000000e+03,7.936000000000000000e+03,7.967000000000000000e+03,7.998000000000000000e+03,8.029000000000000000e+03,8.060000000000000000e+03,8.091000000000000000e+03,8.122000000000000000e+03,8.153000000000000000e+03,8.184000000000000000e+03,8.215000000000000000e+03,8.246000000000000000e+03,8.277000000000000000e+03,8.308000000000000000e+03,8.339000000000000000e+03,8.370000000000000000e+03,8.401000000000000000e+03,8.432000000000000000e+03,8.463000000000000000e+03,8.494000000000000000e+03,8.525000000000000000e+03,8.556000000000000000e+03,8.587000000000000000e+03,8.618000000000000000e+03,8.649000000000000000e+03,8.680000000000000000e+03,8.711000000000000000e+03,8.742000000000000000e+03,8.773000000000000000e+03,8.804000000000000000e+03,8.835000000000000000e+03,8.866000000000000000e+03,8.897000000000000000e+03,8.928000000000000000e+03,8.959000000000000000e+03,8.990000000000000000e+03,9.021000000000000000e+03,9.052000000000000000e+03,9.083000000000000000e+03,9.114000000000000000e+03,9.145000000000000000e+03,9.176000000000000000e+03,9.207000000000000000e+03,9.238000000000000000e+03,9.269000000000000000e+03
0.000000000000000000e+00,3.200000000000000000e+01,6.400000000000000000e+01,9.600000000000000000e+01,1.280000000000000000e+02,1.600000000000000000e+02,1.920000000000000000e+02,2.240000000000000000e+02,2.560000000000000000e+02,2.880000000000000000e+02,3.200000000000000000e+02,3.520000000000000000e+02,3.840000000000000000e+02,4.160000000000000000e+02,4.480000000000000000e+02,4.800000000000000000e+02,5.120000000000000000e+02,5.440000000000000000e+02,5.760000000000000000e+02,6.080000000000000000e+02,6.400000000000000000e+02,6.720000000000000000e+02,7.040000000000000000e+02,7.360000000000000000e+02,7.680000000000000000e+02,8.000000000000000000e+02,8.320000000000000000e+02,8.640000000000000000e+02,8.960000000000000000e+02,9.280000000000000000e+02,9.600000000000000000e+02,9.920000000000000000e+02,1.024000000000000000e+03,1.056000000000000000e+03,1.088000000000000000e+03,1.120000000000000000e+03,1.152000000000000000e+03,1.184000000000000000e+03,1.216000000000000000e+03,1.248000000000000000e+03,1.280000000000000000e+03,1.312000000000000000e+03,1.344000000000000000e+03,1.376000000000000000e+03,1.408000000000000000e+03,1.440000000000000000e+03,1.472000000000000000e+03,1.504000000000000000e+03,1.536000000000000000e+03,1.568000000000000000e+03,1.600000000000000000e+03,1.632000000000000000e+03,1.664000000000000000e+03,1.696000000000000000e+03,1.728000000000000000e+03,1.760000000000000000e+03,1.792000000000000000e+03,1.824000000000000000e+03,1.856000000000000000e+03,1.888000000000000000e+03,1.920000000000000000e+03,1.952000000000000000e+03,1.984000000000000000e+03,2.016000000000000000e+03,2.048000000000000000e+03,2.080000000000000000e+03,2.112000000000000000e+03,2.144000000000000000e+03,2.176000000000000000e+03,2.208000000000000000e+03,2.240000000000000000e+03,2.272000000000000000e+03,2.304000000000000000e+03,2.336000000000000000e+03,2.368000000000000000e+03,2.400000000000000000e+03,2.432000000000000000e+03,2.464000000000000000e+03,2.496000000000000000e+03,2.528000000000000000e+03,2.560000000000000000e+03,2.592000000000000000e+03,2.624000000000000000e+03,2.656000000000000000e+03,2.688000000000000000e+03,2.720000000000000000e+03,2.752000000000000000e+03,2.784000000000000000e+03,2.816000000000000000e+03,2.848000000000000000e+03,2.880000000000000000e+03,2.912000000000000000e+03,2.944000000000000000e+03,2.976000000000000000e+03,3.008000000000000000e+03,3.040000000000000000e+03,3.072000000000000000e+03,3.104000000000000000e+03,3.136000000000000000e+03,3.168000000000000000e+03,3.200000000000000000e+03,3.232000000000000000e+03,3.264000000000000000e+03,3.296000000000000000e+03,3.328000000000000000e+03,3.360000000000000000e+03,3.392000000000000000e+03,3.424000000000000000e+03,3.456000000000000000e+03,3.488000000000000000e+03,3.520000000000000000e+03,3.552000000000000000e+03,3.584000000000000000e+03,3.616000000000000000e+03,3.648000000000000000e+03,3.680000000000000000e+03,3.712000000000000000e+03,3.744000000000000000e+03,3.776000000000000000e+03,3.808000000000000000e+03,3.840000000000000000e+03,3.872000000000000000e+03,3.904000000000000000e+03,3.936000000000000000e+03,3.968000000000000000e+03,4.000000000000000000e+03,4.032000000000000000e+03,4.064000000000000000e+03,4.096000000000000000e+03,4.128000000000000000e+03,4.160000000000000000e+03,4.192000000000000000e+03,4.224000000000000000e+03,4.256000000000000000e+03,4.288000000000000000e+03,4.320000000000000000e+03,4.352000000000000000e+03,4.384000000000000000e+03,4.416000000000000000e+03,4.448000000000000000e+03,4.480000000000000000e+03,4.512000000000000000e+03,4.544000000000000000e+03,4.576000000000000000e+03,4.608000000000000000e+03,4.640000000000000000e+03,4.672000000000000000e+03,4.704000000000000000e+03,4.736000000000000000e+03,4.768000000000000000e+03,4.800000000000000000e+03,4.832000000000000000e+03,4.864000000000000000e+03,4.896000000000000000e+03,4.928000000000000000e+03,4.960000000000000000e+03,4.992000000000000000e+03,5.024000000000000000e+03,5.056000000000000000e+03,5.088000000000000000e+03,5.120000000000000000e+03,5.152000000000000000e+03,5.184000000000000000e+03,5.216000000000000000e+03,5.248000000000000000e+03,5.280000000000000000e+03,5.312000000000000000e+03,5.344000000000000000e+03,5.376000000000000000e+03,5.408000000000000000e+03,5.440000000000000000e+03,5.472000000000000000e+03,5.504000000000000000e+03,5.536000000000000000e+03,5.568000000000000000e+03,5.600000000000000000e+03,5.632000000000000000e+03,5.664000000000000000e+03,5.696000000000000000e+03,5.728000000000000000e+03,5.760000000000000000e+03,5.792000000000000000e+03,5.824000000000000000e+03,5.856000000000000000e+03,5.888000000000000000e+03,5.920000000000000000e+03,5.952000000000000000e+03,5.984000000000000000e+03,6.016000000000000000e+03,6.048000000000000000e+03,6.080000000000000000e+03,6.112000000000000000e+03,6.144000000000000000e+03,6.176000000000000000e+03,6.208000000000000000e+03,6.240000000000000000e+03,6.272000000000000000e+03,6.304000000000000000e+03,6.336000000000000000e+03,6.368000000000000000e+03,6.400000000000000000e+03,6.432000000000000000e+03,6.464000000000000000e+03,6.496000000000000000e+03,6.528000000000000000e+03,6.560000000000000000e+03,6.592000000000000000e+03,6.624000000000000000e+03,6.656000000000000000e+03,6.688000000000000000e+03,6.720000000000000000e+03,6.752000000000000000e+03,6.784000000000000000e+03,6.816000000000000000e+03,6.848000000000000000e+03,6.880000000000000000e+03,6.912000000000000000e+03,6.944000000000000000e+03,6.976000000000000000e+03,7.008000000000000000e+03,7.040000000000000000e+03,7.072000000000000000e+03,7.104000000000000000e+03,7.136000000000000000e+03,7.168000000000000000e+03,7.200000000000000000e+03,7.232000000000000000e+03,7.264000000000000000e+03,7.296000000000000000e+03,7.328000000000000000e+03,7.360000000000000000e+03,7.392000000000000000e+03,7.424000000000000000e+03,7.456000000000000000e+03,7.488000000000000000e+03,7.520000000000000000e+03,7.552000000000000000e+03,7.584000000000000000e+03,7.616000000000000000e+03,7.648000000000000000e+03,7.680000000000000000e+03,7.712000000000000000e+03,7.744000000000000000e+03,7.776000000000000000e+03,7.808000000000000000e+03,7.840000000000000000e+03,7.872000000000000000e+03,7.904000000000000000e+03,7.936000000000000000e+03,7.968000000000000000e+03,8.000000000000000000e+03,8.032000000000000000e+03,8.064000000000000000e+03,8.096000000000000000e+03,8.128000000000000000e+03,8.160000000000000000e+03,8.192000000000000000e+03,8.224000000000000000e+03,8.256000000000000000e+03,8.288000000000000000e+03,8.320000000000000000e+03,8.352000000000000000e+03,8.384000000000000000e+03,8.416000000000000000e+03,8.448000000000000000e+03,8.480000000000000000e+03,8.512000000000000000e+03,8.544000000000000000e+03,8.576000000000000000e+03,8.608000000000000000e+03,8.640000000000000000e+03,8.672000000000000000e+03,8.704000000000000000e+03,8.736000000000000000e+03,8.768000000000000000e+03,8.800000000000000000e+03,8.832000000000000000e+03,8.864000000000000000e+03,8.896000000000000000e+03,8.928000000000000000e+03,8.960000000000000000e+03,8.992000000000000000e+03,9.024000000000000000e+03,9.056000000000000000e+03,9.088000000000000000e+03,9.120000000000000000e+03,9.152000000000000000e+03,9.184000000000000000e+03,9.216000000000000000e+03,9.248000000000000000e+03,9.280000000000000000e+03,9.312000000000000000e+03,9.344000000000000000e+03,9.376000000000000000e+03,9.408000000000000000e+03,9.440000000000000000e+03,9.472000000000000000e+03,9.504000000000000000e+03,9.536000000000000000e+03,9.568000000000000000e+03
0.000000000000000000e+00,3.300000000000000000e+01,6.600000000000000000e+01,9.900000000000000000e+01,1.320000000000000000e+02,1.650000000000000000e+02,1.980000000000000000e+02,2.310000000000000000e+02,2.640000000000000000e+02,2.970000000000000000e+02,3.300000000000000000e+02,3.630000000000000000e+02,3.960000000000000000e+02,4.290000000000000000e+02,4.620000000000000000e+02,4.950000000000000000e+02,5.280000000000000000e+02,5.610000000000000000e+02,5.940000000000000000e+02,6.270000000000000000e+02,6.600000000000000000e+02,6.930000000000000000e+02,7.260000000000000000e+02,7.590000000000000000e+02,7.920000000000000000e+02,8.250000000000000000e+02,8.580000000000000000e+02,8.910000000000000000e+02,9.240000000000000000e+02,9.570000000000000000e+02,9.900000000000000000e+02,1.023000000000000000e+03,1.056000000000000000e+03,1.089000000000000000e+03,1.122000000000000000e+03,1.155000000000000000e+03,1.188000000000000000e+03,1.221000000000000000e+03,1.254000000000000000e+03,1.287000000000000000e+03,1.320000000000000000e+03,1.353000000000000000e+03,1.386000000000000000e+03,1.419000000000000000e+03,1.452000000000000000e+03,1.485000000000000000e+03,1.518000000000000000e+03,1.551000000000000000e+03,1.584000000000000000e+03,1.617000000000000000e+03,1.650000000000000000e+03,1.683000000000000000e+03,1.716000000000000000e+03,1.749000000000000000e+03,1.782000000000000000e+03,1.815000000000000000e+03,1.848000000000000000e+03,1.881000000000000000e+03,1.914000000000000000e+03,1.947000000000000000e+03,1.980000000000000000e+03,2.013000000000000000e+03,2.046000000000000000e+03,2.079000000000000000e+03,2.112000000000000000e+03,2.145000000000000000e+03,2.178000000000000000e+03,2.211000000000000000e+03,2.244000000000000000e+03,2.277000000000000000e+03,2.310000000000000000e+03,2.343000000000000000e+03,2.376000000000000000e+03,2.409000000000000000e+03,2.442000000000000000e+03,2.475000000000000000e+03,2.508000000000000000e+03,2.541000000000000000e+03,2.574000000000000000e+03,2.607000000000000000e+03,2.640000000000000000e+03,2.673000000000000000e+03,2.706000000000000000e+03,2.739000000000000000e+03,2.772000000000000000e+03,2.805000000000000000e+03,2.838000000000000000e+03,2.871000000000000000e+03,2.904000000000000000e+03,2.937000000000000000e+03,2.970000000000000000e+03,3.003000000000000000e+03,3.036000000000000000e+03,3.069000000000000000e+03,3.102000000000000000e+03,3.135000000000000000e+03,3.168000000000000000e+03,3.201000000000000000e+03,3.234000000000000000e+03,3.267000000000000000e+03,3.300000000000000000e+03,3.333000000000000000e+03,3.366000000000000000e+03,3.399000000000000000e+03,3.432000000000000000e+03,3.465000000000000000e+03,3.498000000000000000e+03,3.531000000000000000e+03,3.564000000000000000e+03,3.597000000000000000e+03,3.630000000000000000e+03,3.663000000000000000e+03,3.696000000000000000e+03,3.729000000000000000e+03,3.762000000000000000e+03,3.795000000000000000e+03,3.828000000000000000e+03,3.861000000000000000e+03,3.894000000000000000e+03,3.927000000000000000e+03,3.960000000000000000e+03,3.993000000000000000e+03,4.026000000000000000e+03,4.059000000000000000e+03,4.092000000000000000e+03,4.125000000000000000e+03,4.158000000000000000e+03,4.191000000000000000e+03,4.224000000000000000e+03,4.257000000000000000e+03,4.290000000000000000e+03,4.323000000000000000e+03,4.356000000000000000e+03,4.389000000000000000e+03,4.422000000000000000e+03,4.455000000000000000e+03,4.488000000000000000e+03,4.521000000000000000e+03,4.554000000000000000e+03,4.587000000000000000e+03,4.620000000000000000e+03,4.653000000000000000e+03,4.686000000000000000e+03,4.719000000000000000e+03,4.752000000000000000e+03,4.785000000000000000e+03,4.818000000000000000e+03,4.851000000000000000e+03,4.884000000000000000e+03,4.917000000000000000e+03,4.950000000000000000e+03,4.983000000000000000e+03,5.016000000000000000e+03,5.049000000000000000e+03,5.082000000000000000e+03,5.115000000000000000e+03,5.148000000000000000e+03,5.181000000000000000e+03,5.214000000000000000e+03,5.247000000000000000e+03,5.280000000000000000e+03,5.313000000000000000e+03,5.346000000000000000e+03,5.379000000000000000e+03,5.412000000000000000e+03,5.445000000000000000e+03,5.478000000000000000e+03,5.511000000000000000e+03,5.544000000000000000e+03,5.577000000000000000e+03,5.610000000000000000e+03,5.643000000000000000e+03,5.676000000000000000e+03,5.709000000000000000e+03,5.742000000000000000e+03,5.775000000000000000e+03,5.808000000000000000e+03,5.841000000000000000e+03,5.874000000000000000e+03,5.907000000000000000e+03,5.940000000000000000e+03,5.973000000000000000e+03,6.006000000000000000e+03,6.039000000000000000e+03,6.072000000000000000e+03,6.105000000000000000e+03,6.138000000000000000e+03,6.171000000000000000e+03,6.204000000000000000e+03,6.237000000000000000e+03,6.270000000000000000e+03,6.303000000000000000e+03,6.336000000000000000e+03,6.369000000000000000e+03,6.402000000000000000e+03,6.435000000000000000e+03,6.468000000000000000e+03,6.501000000000000000e+03,6.534000000000000000e+03,6.567000000000000000e+03,6.600000000000000000e+03,6.633000000000000000e+03,6.666000000000000000e+03,6.699000000000000000e+03,6.732000000000000000e+03,6.765000000000000000e+03,6.798000000000000000e+03,6.831000000000000000e+03,6.864000000000000000e+03,6.897000000000000000e+03,6.930000000000000000e+03,6.963000000000000000e+03,6.996000000000000000e+03,7.029000000000000000e+03,7.062000000000000000e+03,7.095000000000000000e+03,7.128000000000000000e+03,7.161000000000000000e+03,7.194000000000000000e+03,7.227000000000000000e+03,7.260000000000000000e+03,7.293000000000000000e+03,7.326000000000000000e+03,7.359000000000000000e+03,7.392000000000000000e+03,7.425000000000000000e+03,7.458000000000000000e+03,7.491000000000000000e+03,7.524000000000000000e+03,7.557000000000000000e+03,7.590000000000000000e+03,7.623000000000000000e+03,7.656000000000000000e+03,7.689000000000000000e+03,7.722000000000000000e+03,7.755000000000000000e+03,7.788000000000000000e+03,7.821000000000000000e+03,7.854000000000000000e+03,7.887000000000000000e+03,7.920000000000000000e+03,7.953000000000000000e+03,7.986000000000000000e+03,8.019000000000000000e+03,8.052000000000000000e+03,8.085000000000000000e+03,8.118000000000000000e+03,8.151000000000000000e+03,8.184000000000000000e+03,8.217000000000000000e+03,8.250000000000000000e+03,8.283000000000000000e+03,8.316000000000000000e+03,8.349000000000000000e+03,8.382000000000000000e+03,8.415000000000000000e+03,8.448000000000000000e+03,8.481000000000000000e+03,8.514000000000000000e+03,8.547000000000000000e+03,8.580000000000000000e+03,8.613000000000000000e+03,8.646000000000000000e+03,8.679000000000000000e+03,8.712000000000000000e+03,8.745000000000000000e+03,8.778000000000000000e+03,8.811000000000000000e+03,8.844000000000000000e+03,8.877000000000000000e+03,8.910000000000000000e+03,8.943000000000000000e+03,8.976000000000000000e+03,9.009000000000000000e+03,9.042000000000000000e+03,9.075000000000000000e+03,9.108000000000000000e+03,9.141000000000000000e+03,9.174000000000000000e+03,9.207000000000000000e+03,9.240000000000000000e+03,9.273000000000000000e+03,9.306000000000000000e+03,9.339000000000000000e+03,9.372000000000000000e+03,9.405000000000000000e+03,9.438000000000000000e+03,9.471000000000000000e+03,9.504000000000000000e+03,9.537000000000000000e+03,9.570000000000000000e+03,9.603000000000000000e+03,9.636000000000000000e+03,9.669000000000000000e+03,9.702000000000000000e+03,9.735000000000000000e+03,9.768000000000000000e+03,9.801000000000000000e+03,9.834000000000000000e+03,9.867000000000000000e+03
0.000000000000000000e+00,3.400000000000000000e+01,6.800000000000000000e+01,1.020000000000000000e+02,1.360000000000000000e+02,1.700000000000000000e+02,2.040000000000000000e+02,2.380000000000000000e+02,2.720000000000000000e+02,3.060000000000000000e+02,3.400000000000000000e+02,3.740000000000000000e+02,4.080000000000000000e+02,4.420000000000000000e+02,4.760000000000000000e+02,5.100000000000000000e+02,5.440000000000000000e+02,5.780000000000000000e+02,6.120000000000000000e+02,6.460000000000000000e+02,6.800000000000000000e+02,7.140000000000000000e+02,7.480000000000000000e+02,7.820000000000000000e+02,8.160000000000000000e+02,8.500000000000000000e+02,8.840000000000000000e+02,9.180000000000000000e+02,9.520000000000000000e+02,9.860000000000000000e+02,1.020000000000000000e+03,1.054000000000000000e+03,1.088000000000000000e+03,1.122000000000000000e+03,1.156000000000000000e+03,1.190000000000000000e+03,1.224000000000000000e+03,1.258000000000000000e+03,1.292000000000000000e+03,1.326000000000000000e+03,1.360000000000000000e+03,1.394000000000000000e+03,1.428000000000000000e+03,1.462000000000000000e+03,1.496000000000000000e+03,1.530000000000000000e+03,1.564000000000000000e+03,1.598000000000000000e+03,1.632000000000000000e+03,1.666000000000000000e+03,1.700000000000000000e+03,1.734000000000000000e+03,1.768000000000000000e+03,1.802000000000000000e+03,1.836000000000000000e+03,1.870000000000000000e+03,1.904000000000000000e+03,1.938000000000000000e+03,1.972000000000000000e+03,2.006000000000000000e+03,2.040000000000000000e+03,2.074000000000000000e+03,2.108000000000000000e+03,2.142000000000000000e+03,2.176000000000000000e+03,2.210000000000000000e+03,2.244000000000000000e+03,2.278000000000000000e+03,2.312000000000000000e+03,2.346000000000000000e+03,2.380000000000000000e+03,2.414000000000000000e+03,2.448000000000000000e+03,2.482000000000000000e+03,2.516000000000000000e+03,2.550000000000000000e+03,2.584000000000000000e+03,2.618000000000000000e+03,2.652000000000000000e+03,2.686000000000000000e+03,2.720000000000000000e+03,2.754000000000000000e+03,2.788000000000000000e+03,2.822000000000000000e+03,2.856000000000000000e+03,2.890000000000000000e+03,2.924000000000000000e+03,2.958000000000000000e+03,2.992000000000000000e+03,3.026000000000000000e+03,3.060000000000000000e+03,3.094000000000000000e+03,3.128000000000000000e+03,3.162000000000000000e+03,3.196000000000000000e+03,3.230000000000000000e+03,3.264000000000000000e+03,3.298000000000000000e+03,3.332000000000000000e+03,3.366000000000000000e+03,3.400000000000000000e+03,3.434000000000000000e+03,3.468000000000000000e+03,3.502000000000000000e+03,3.536000000000000000e+03,3.570000000000000000e+03,3.604000000000000000e+03,3.638000000000000000e+03,3.672000000000000000e+03,3.706000000000000000e+03,3.740000000000000000e+03,3.774000000000000000e+03,3.808000000000000000e+03,3.842000000000000000e+03,3.876000000000000000e+03,3.910000000000000000e+03,3.944000000000000000e+03,3.978000000000000000e+03,4.012000000000000000e+03,4.046000000000000000e+03,4.080000000000000000e+03,4.114000000000000000e+03,4.148000000000000000e+03,4.182000000000000000e+03,4.216000000000000000e+03,4.250000000000000000e+03,4.284000000000000000e+03,4.318000000000000000e+03,4.352000000000000000e+03,4.386000000000000000e+03,4.420000000000000000e+03,4.454000000000000000e+03,4.488000000000000000e+03,4.522000000000000000e+03,4.556000000000000000e+03,4.590000000000000000e+03,4.624000000000000000e+03,4.658000000000000000e+03,4.692000000000000000e+03,4.726000000000000000e+03,4.760000000000000000e+03,4.794000000000000000e+03,4.828000000000000000e+03,4.862000000000000000e+03,4.896000000000000000e+03,4.930000000000000000e+03,4.964000000000000000e+03,4.998000000000000000e+03,5.032000000000000000e+03,5.066000000000000000e+03,5.100000000000000000e+03,5.134000000000000000e+03,5.168000000000000000e+03,5.202000000000000000e+03,5.236000000000000000e+03,5.270000000000000000e+03,5.304000000000000000e+03,5.338000000000000000e+03,5.372000000000000000e+03,5.406000000000000000e+03,5.440000000000000000e+03,5.474000000000000000e+03,5.508000000000000000e+03,5.542000000000000000e+03,5.576000000000000000e+03,5.610000000000000000e+03,5.644000000000000000e+03,5.678000000000000000e+03,5.712000000000000000e+03,5.746000000000000000e+03,5.780000000000000000e+03,5.814000000000000000e+03,5.848000000000000000e+03,5.882000000000000000e+03,5.916000000000000000e+03,5.950000000000000000e+03,5.984000000000000000e+03,6.018000000000000000e+03,6.052000000000000000e+03,6.086000000000000000e+03,6.120000000000000000e+03,6.154000000000000000e+03,6.188000000000000000e+03,6.222000000000000000e+03,6.256000000000000000e+03,6.290000000000000000e+03,6.324000000000000000e+03,6.358000000000000000e+03,6.392000000000000000e+03,6.426000000000000000e+03,6.460000000000000000e+03,6.494000000000000000e+03,6.528000000000000000e+03,6.562000000000000000e+03,6.596000000000000000e+03,6.630000000000000000e+03,6.664000000000000000e+03,6.698000000000000000e+03,6.732000000000000000e+03,6.766000000000000000e+03,6.800000000000000000e+03,6.834000000000000000e+03,6.868000000000000000e+03,6.902000000000000000e+03,6.936000000000000000e+03,6.970000000000000000e+03,7.004000000000000000e+03,7.038000000000000000e+03,7.072000000000000000e+03,7.106000000000000000e+03,7.140000000000000000e+03,7.174000000000000000e+03,7.208000000000000000e+03,7.242000000000000000e+03,7.276000000000000000e+03,7.310000000000000000e+03,7.344000000000000000e+03,7.378000000000000000e+03,7.412000000000000000e+03,7.446000000000000000e+03,7.480000000000000000e+03,7.514000000000000000e+03,7.548000000000000000e+03,7.582000000000000000e+03,7.616000000000000000e+03,7.650000000000000000e+03,7.684000000000000000e+03,7.718000000000000000e+03,7.752000000000000000e+03,7.786000000000000000e+03,7.820000000000000000e+03,7.854000000000000000e+03,7.888000000000000000e+03,7.922000000000000000e+03,7.956000000000000000e+03,7.990000000000000000e+03,8.024000000000000000e+03,8.058000000000000000e+03,8.092000000000000000e+03,8.126000000000000000e+03,8.160000000000000000e+03,8.194000000000000000e+03,8.228000000000000000e+03,8.262000000000000000e+03,8.296000000000000000e+03,8.330000000000000000e+03,8.364000000000000000e+03,8.398000000000000000e+03,8.432000000000000000e+03,8.466000000000000000e+03,8.500000000000000000e+03,8.534000000000000000e+03,8.568000000000000000e+03,8.602000000000000000e+03,8.636000000000000000e+03,8.670000000000000000e+03,8.704000000000000000e+03,8.738000000000000000e+03,8.772000000000000000e+03,8.806000000000000000e+03,8.840000000000000000e+03,8.874000000000000000e+03,8.908000000000000000e+03,8.942000000000000000e+03,8.976000000000000000e+03,9.010000000000000000e+03,9.044000000000000000e+03,9.078000000000000000e+03,9.112000000000000000e+03,9.146000000000000000e+03,9.180000000000000000e+03,9.214000000000000000e+03,9.248000000000000000e+03,9.282000000000000000e+03,9.316000000000000000e+03,9.350000000000000000e+03,9.384000000000000000e+03,9.418000000000000000e+03,9.452000000000000000e+03,9.486000000000000000e+03,9.520000000000000000e+03,9.554000000000000000e+03,9.588000000000000000e+03,9.622000000000000000e+03,9.656000000000000000e+03,9.690000000000000000e+03,9.724000000000000000e+03,9.758000000000000000e+03,9.792000000000000000e+03,9.826000000000000000e+03,9.860000000000000000e+03,9.894000000000000000e+03,9.928000000000000000e+03,9.962000000000000000e+03,9.996000000000000000e+03,1.003000000000000000e+04,1.006400000000000000e+04,1.009800000000000000e+04,1.013200000000000000e+04,1.016600000000000000e+04
0.000000000000000000e+00,3.500000000000000000e+01,7.000000000000000000e+01,1.050000000000000000e+02,1.400000000000000000e+02,1.750000000000000000e+02,2.100000000000000000e+02,2.450000000000000000e+02,2.800000000000000000e+02,3.150000000000000000e+02,3.500000000000000000e+02,3.850000000000000000e+02,4.200000000000000000e+02,4.550000000000000000e+02,4.900000000000000000e+02,5.250000000000000000e+02,5.600000000000000000e+02,5.950000000000000000e+02,6.300000000000000000e+02,6.650000000000000000e+02,7.000000000000000000e+02,7.350000000000000000e+02,7.700000000000000000e+02,8.050000000000000000e+02,8.400000000000000000e+02,8.750000000000000000e+02,9.100000000000000000e+02,9.450000000000000000e+02,9.800000000000000000e+02,1.015000000000000000e+03,1.050000000000000000e+03,1.085000000000000000e+03,1.120000000000000000e+03,1.155000000000000000e+03,1.190000000000000000e+03,1.225000000000000000e+03,1.260000000000000000e+03,1.295000000000000000e+03,1.330000000000000000e+03,1.365000000000000000e+03,1.400000000000000000e+03,1.435000000000000000e+03,1.470000000000000000e+03,1.505000000000000000e+03,1.540000000000000000e+03,1.575000000000000000e+03,1.610000000000000000e+03,1.645000000000000000e+03,1.680000000000000000e+03,1.715000000000000000e+03,1.750000000000000000e+03,1.785000000000000000e+03,1.820000000000000000e+03,1.855000000000000000e+03,1.890000000000000000e+03,1.925000000000000000e+03,1.960000000000000000e+03,1.995000000000000000e+03,2.030000000000000000e+03,2.065000000000000000e+03,2.100000000000000000e+03,2.135000000000000000e+03,2.170000000000000000e+03,2.205000000000000000e+03,2.240000000000000000e+03,2.275000000000000000e+03,2.310000000000000000e+03,2.345000000000000000e+03,2.380000000000000000e+03,2.415000000000000000e+03,2.450000000000000000e+03,2.485000000000000000e+03,2.520000000000000000e+03,2.555000000000000000e+03,2.590000000000000000e+03,2.625000000000000000e+03,2.660000000000000000e+03,2.695000000000000000e+03,2.730000000000000000e+03,2.765000000000000000e+03,2.800000000000000000e+03,2.835000000000000000e+03,2.870000000000000000e+03,2.905000000000000000e+03,2.940000000000000000e+03,2.975000000000000000e+03,3.010000000000000000e+03,3.045000000000000000e+03,3.080000000000000000e+03,3.115000000000000000e+03,3.150000000000000000e+03,3.185000000000000000e+03,3.220000000000000000e+03,3.255000000000000000e+03,3.290000000000000000e+03,3.325000000000000000e+03,3.360000000000000000e+03,3.395000000000000000e+03,3.430000000000000000e+03,3.465000000000000000e+03,3.500000000000000000e+03,3.535000000000000000e+03,3.570000000000000000e+03,3.605000000000000000e+03,3.640000000000000000e+03,3.675000000000000000e+03,3.710000000000000000e+03,3.745000000000000000e+03,3.780000000000000000e+03,3.815000000000000000e+03,3.850000000000000000e+03,3.885000000000000000e+03,3.920000000000000000e+03,3.955000000000000000e+03,3.990000000000000000e+03,4.025000000000000000e+03,4.060000000000000000e+03,4.095000000000000000e+03,4.130000000000000000e+03,4.165000000000000000e+03,4.200000000000000000e+03,4.235000000000000000e+03,4.270000000000000000e+03,4.305000000000000000e+03,4.340000000000000000e+03,4.375000000000000000e+03,4.410000000000000000e+03,4.445000000000000000e+03,4.480000000000000000e+03,4.515000000000000000e+03,4.550000000000000000e+03,4.585000000000000000e+03,4.620000000000000000e+03,4.655000000000000000e+03,4.690000000000000000e+03,4.725000000000000000e+03,4.760000000000000000e+03,4.795000000000000000e+03,4.830000000000000000e+03,4.865000000000000000e+03,4.900000000000000000e+03,4.935000000000000000e+03,4.970000000000000000e+03,5.005000000000000000e+03,5.040000000000000000e+03,5.075000000000000000e+03,5.110000000000000000e+03,5.145000000000000000e+03,5.180000000000000000e+03,5.215000000000000000e+03,5.250000000000000000e+03,5.285000000000000000e+03,5.320000000000000000e+03,5.355000000000000000e+03,5.390000000000000000e+03,5.425000000000000000e+03,5.460000000000000000e+03,5.495000000000000000e+03,5.530000000000000000e+03,5.565000000000000000e+03,5.600000000000000000e+03,5.635000000000000000e+03,5.670000000000000000e+03,5.705000000000000000e+03,5.740000000000000000e+03,5.775000000000000000e+03,5.810000000000000000e+03,5.845000000000000000e+03,5.880000000000000000e+03,5.915000000000000000e+03,5.950000000000000000e+03,5.985000000000000000e+03,6.020000000000000000e+03,6.055000000000000000e+03,6.090000000000000000e+03,6.125000000000000000e+03,6.160000000000000000e+03,6.195000000000000000e+03,6.230000000000000000e+03,6.265000000000000000e+03,6.300000000000000000e+03,6.335000000000000000e+03,6.370000000000000000e+03,6.405000000000000000e+03,6.440000000000000000e+03,6.475000000000000000e+03,6.510000000000000000e+03,6.545000000000000000e+03,6.580000000000000000e+03,6.615000000000000000e+03,6.650000000000000000e+03,6.685000000000000000e+03,6.720000000000000000e+03,6.755000000000000000e+03,6.790000000000000000e+03,6.825000000000000000e+03,6.860000000000000000e+03,6.895000000000000000e+03,6.930000000000000000e+03,6.965000000000000000e+03,7.000000000000000000e+03,7.035000000000000000e+03,7.070000000000000000e+03,7.105000000000000000e+03,7.140000000000000000e+03,7.175000000000000000e+03,7.210000000000000000e+03,7.245000000000000000e+03,7.280000000000000000e+03,7.315000000000000000e+03,7.350000000000000000e+03,7.385000000000000000e+03,7.420000000000000000e+03,7.455000000000000000e+03,7.490000000000000000e+03,7.525000000000000000e+03,7.560000000000000000e+03,7.595000000000000000e+03,7.630000000000000000e+03,7.665000000000000000e+03,7.700000000000000000e+03,7.735000000000000000e+03,7.770000000000000000e+03,7.805000000000000000e+03,7.840000000000000000e+03,7.875000000000000000e+03,7.910000000000000000e+03,7.945000000000000000e+03,7.980000000000000000e+03,8.015000000000000000e+03,8.050000000000000000e+03,8.085000000000000000e+03,8.120000000000000000e+03,8.155000000000000000e+03,8.190000000000000000e+03,8.225000000000000000e+03,8.260000000000000000e+03,8.295000000000000000e+03,8.330000000000000000e+03,8.365000000000000000e+03,8.400000000000000000e+03,8.435000000000000000e+03,8.470000000000000000e+03,8.505000000000000000e+03,8.540000000000000000e+03,8.575000000000000000e+03,8.610000000000000000e+03,8.645000000000000000e+03,8.680000000000000000e+03,8.715000000000000000e+03,8.750000000000000000e+03,8.785000000000000000e+03,8.820000000000000000e+03,8.855000000000000000e+03,8.890000000000000000e+03,8.925000000000000000e+03,8.960000000000000000e+03,8.995000000000000000e+03,9.030000000000000000e+03,9.065000000000000000e+03,9.100000000000000000e+03,9.135000000000000000e+03,9.170000000000000000e+03,9.205000000000000000e+03,9.240000000000000000e+03,9.275000000000000000e+03,9.310000000000000000e+03,9.345000000000000000e+03,9.380000000000000000e+03,9.415000000000000000e+03,9.450000000000000000e+03,9.485000000000000000e+03,9.520000000000000000e+03,9.555000000000000000e+03,9.590000000000000000e+03,9.625000000000000000e+03,9.660000000000000000e+03,9.695000000000000000e+03,9.730000000000000000e+03,9.765000000000000000e+03,9.800000000000000000e+03,9.835000000000000000e+03,9.870000000000000000e+03,9.905000000000000000e+03,9.940000000000000000e+03,9.975000000000000000e+03,1.001000000000000000e+04,1.004500000000000000e+04,1.008000000000000000e+04,1.011500000000000000e+04,1.015000000000000000e+04,1.018500000000000000e+04,1.022000000000000000e+04,1.025500000000000000e+04,1.029000000000000000e+04,1.032500000000000000e+04,1.036000000000000000e+04,1.039500000000000000e+04,1.043000000000000000e+04,1.046500000000000000e+04
0.000000000000000000e+00,3.600000000000000000e+01,7.200000000000000000e+01,1.080000000000000000e+02,1.440000000000000000e+02,1.800000000000000000e+02,2.160000000000000000e+02,2.520000000000000000e+02,2.880000000000000000e+02,3.240000000000000000e+02,3.600000000000000000e+02,3.960000000000000000e+02,4.320000000000000000e+02,4.680000000000000000e+02,5.040000000000000000e+02,5.400000000000000000e+02,5.760000000000000000e+02,6.120000000000000000e+02,6.480000000000000000e+02,6.840000000000000000e+02,7.200000000000000000e+02,7.560000000000000000e+02,7.920000000000000000e+02,8.280000000000000000e+02,8.640000000000000000e+02,9.000000000000000000e+02,9.360000000000000000e+02,9.720000000000000000e+02,1.008000000000000000e+03,1.044000000000000000e+03,1.080000000000000000e+03,1.116000000000000000e+03,1.152000000000000000e+03,1.188000000000000000e+03,1.224000000000000000e+03,1.260000000000000000e+03,1.296000000000000000e+03,1.332000000000000000e+03,1.368000000000000000e+03,1.404000000000000000e+03,1.440000000000000000e+03,1.476000000000000000e+03,1.512000000000000000e+03,1.548000000000000000e+03,1.584000000000000000e+03,1.620000000000000000e+03,1.656000000000000000e+03,1.692000000000000000e+03,1.728000000000000000e+03,1.764000000000000000e+03,1.800000000000000000e+03,1.836000000000000000e+03,1.872000000000000000e+03,1.908000000000000000e+03,1.944000000000000000e+03,1.980000000000000000e+03,2.016000000000000000e+03,2.052000000000000000e+03,2.088000000000000000e+03,2.124000000000000000e+03,2.160000000000000000e+03,2.196000000000000000e+03,2.232000000000000000e+03,2.268000000000000000e+03,2.304000000000000000e+03,2.340000000000000000e+03,2.376000000000000000e+03,2.412000000000000000e+03,2.448000000000000000e+03,2.484000000000000000e+03,2.520000000000000000e+03,2.556000000000000000e+03,2.592000000000000000e+03,2.628000000000000000e+03,2.664000000000000000e+03,2.700000000000000000e+03,2.736000000000000000e+03,2.772000000000000000e+03,2.808000000000000000e+03,2.844000000000000000e+03,2.880000000000000000e+03,2.916000000000000000e+03,2.952000000000000000e+03,2.988000000000000000e+03,3.024000000000000000e+03,3.060000000000000000e+03,3.096000000000000000e+03,3.132000000000000000e+03,3.168000000000000000e+03,3.204000000000000000e+03,3.240000000000000000e+03,3.276000000000000000e+03,3.312000000000000000e+03,3.348000000000000000e+03,3.384000000000000000e+03,3.420000000000000000e+03,3.456000000000000000e+03,3.492000000000000000e+03,3.528000000000000000e+03,3.564000000000000000e+03,3.600000000000000000e+03,3.636000000000000000e+03,3.672000000000000000e+03,3.708000000000000000e+03,3.744000000000000000e+03,3.780000000000000000e+03,3.816000000000000000e+03,3.852000000000000000e+03,3.888000000000000000e+03,3.924000000000000000e+03,3.960000000000000000e+03,3.996000000000000000e+03,4.032000000000000000e+03,4.068000000000000000e+03,4.104000000000000000e+03,4.140000000000000000e+03,4.176000000000000000e+03,4.212000000000000000e+03,4.248000000000000000e+03,4.284000000000000000e+03,4.320000000000000000e+03,4.356000000000000000e+03,4.392000000000000000e+03,4.428000000000000000e+03,4.464000000000000000e+03,4.500000000000000000e+03,4.536000000000000000e+03,4.572000000000000000e+03,4.608000000000000000e+03,4.644000000000000000e+03,4.680000000000000000e+03,4.716000000000000000e+03,4.752000000000000000e+03,4.788000000000000000e+03,4.824000000000000000e+03,4.860000000000000000e+03,4.896000000000000000e+03,4.932000000000000000e+03,4.968000000000000000e+03,5.004000000000000000e+03,5.040000000000000000e+03,5.076000000000000000e+03,5.112000000000000000e+03,5.148000000000000000e+03,5.184000000000000000e+03,5.220000000000000000e+03,5.256000000000000000e+03,5.292000000000000000e+03,5.328000000000000000e+03,5.364000000000000000e+03,5.400000000000000000e+03,5.436000000000000000e+03,5.472000000000000000e+03,5.508000000000000000e+03,5.544000000000000000e+03,5.580000000000000000e+03,5.616000000000000000e+03,5.652000000000000000e+03,5.688000000000000000e+03,5.724000000000000000e+03,5.760000000000000000e+03,5.796000000000000000e+03,5.832000000000000000e+03,5.868000000000000000e+03,5.904000000000000000e+03,5.940000000000000000e+03,5.976000000000000000e+03,6.012000000000000000e+03,6.048000000000000000e+03,6.084000000000000000e+03,6.120000000000000000e+03,6.156000000000000000e+03,6.192000000000000000e+03,6.228000000000000000e+03,6.264000000000000000e+03,6.300000000000000000e+03,6.336000000000000000e+03,6.372000000000000000e+03,6.408000000000000000e+03,6.444000000000000000e+03,6.480000000000000000e+03,6.516000000000000000e+03,6.552000000000000000e+03,6.588000000000000000e+03,6.624000000000000000e+03,6.660000000000000000e+03,6.696000000000000000e+03,6.732000000000000000e+03,6.768000000000000000e+03,6.804000000000000000e+03,6.840000000000000000e+03,6.876000000000000000e+03,6.912000000000000000e+03,6.948000000000000000e+03,6.984000000000000000e+03,7.020000000000000000e+03,7.056000000000000000e+03,7.092000000000000000e+03,7.128000000000000000e+03,7.164000000000000000e+03,7.200000000000000000e+03,7.236000000000000000e+03,7.272000000000000000e+03,7.308000000000000000e+03,7.344000000000000000e+03,7.380000000000000000e+03,7.416000000000000000e+03,7.452000000000000000e+03,7.488000000000000000e+03,7.524000000000000000e+03,7.560000000000000000e+03,7.596000000000000000e+03,7.632000000000000000e+03,7.668000000000000000e+03,7.704000000000000000e+03,7.740000000000000000e+03,7.776000000000000000e+03,7.812000000000000000e+03,7.848000000000000000e+03,7.884000000000000000e+03,7.920000000000000000e+03,7.956000000000000000e+03,7.992000000000000000e+03,8.028000000000000000e+03,8.064000000000000000e+03,8.100000000000000000e+03,8.136000000000000000e+03,8.172000000000000000e+03,8.208000000000000000e+03,8.244000000000000000e+03,8.280000000000000000e+03,8.316000000000000000e+03,8.352000000000000000e+03,8.388000000000000000e+03,8.424000000000000000e+03,8.460000000000000000e+03,8.496000000000000000e+03,8.532000000000000000e+03,8.568000000000000000e+03,8.604000000000000000e+03,8.640000000000000000e+03,8.676000000000000000e+03,8.712000000000000000e+03,8.748000000000000000e+03,8.784000000000000000e+03,8.820000000000000000e+03,8.856000000000000000e+03,8.892000000000000000e+03,8.928000000000000000e+03,8.964000000000000000e+03,9.000000000000000000e+03,9.036000000000000000e+03,9.072000000000000000e+03,9.108000000000000000e+03,9.144000000000000000e+03,9.180000000000000000e+03,9.216000000000000000e+03,9.252000000000000000e+03,9.288000000000000000e+03,9.324000000000000000e+03,9.360000000000000000e+03,9.396000000000000000e+03,9.432000000000000000e+03,9.468000000000000000e+03,9.504000000000000000e+03,9.540000000000000000e+03,9.576000000000000000e+03,9.612000000000000000e+03,9.648000000000000000e+03,9.684000000000000000e+03,9.720000000000000000e+03,9.756000000000000000e+03,9.792000000000000000e+03,9.828000000000000000e+03,9.864000000000000000e+03,9.900000000000000000e+03,9.936000000000000000e+03,9.972000000000000000e+03,1.000800000000000000e+04,1.004400000000000000e+04,1.008000000000000000e+04,1.011600000000000000e+04,1.015200000000000000e+04,1.018800000000000000e+04,1.022400000000000000e+04,1.026000000000000000e+04,1.029600000000000000e+04,1.033200000000000000e+04,1.036800000000000000e+04,1.040400000000000000e+04,1.044000000000000000e+04,1.047600000000000000e+04,1.051200000000000000e+04,1.054800000000000000e+04,1.058400000000000000e+04,1.062000000000000000e+04,1.065600000000000000e+04,1.069200000000000000e+04,1.072800000000000000e+04,1.076400000000000000e+04
0.000000000000000000e+00,3.700000000000000000e+01,7.400000000000000000e+01,1.110000000000000000e+02,1.480000000000000000e+02,1.850000000000000000e+02,2.220000000000000000e+02,2.590000000000000000e+02,2.960000000000000000e+02,3.330000000000000000e+02,3.700000000000000000e+02,4.070000000000000000e+02,4.440000000000000000e+02,4.810000000000000000e+02,5.180000000000000000e+02,5.550000000000000000e+02,5.920000000000000000e+02,6.290000000000000000e+02,6.660000000000000000e+02,7.030000000000000000e+02,7.400000000000000000e+02,7.770000000000000000e+02,8.140000000000000000e+02,8.510000000000000000e+02,8.880000000000000000e+02,9.250000000000000000e+02,9.620000000000000000e+02,9.990000000000000000e+02,1.036000000000000000e+03,1.073000000000000000e+03,1.110000000000000000e+03,1.147000000000000000e+03,1.184000000000000000e+03,1.221000000000000000e+03,1.258000000000000000e+03,1.295000000000000000e+03,1.332000000000000000e+03,1.369000000000000000e+03,1.406000000000000000e+03,1.443000000000000000e+03,1.480000000000000000e+03,1.517000000000000000e+03,1.554000000000000000e+03,1.591000000000000000e+03,1.628000000000000000e+03,1.665000000000000000e+03,1.702000000000000000e+03,1.739000000000000000e+03,1.776000000000000000e+03,1.813000000000000000e+03,1.850000000000000000e+03,1.887000000000000000e+03,1.924000000000000000e+03,1.961000000000000000e+03,1.998000000000000000e+03,2.035000000000000000e+03,2.072000000000000000e+03,2.109000000000000000e+03,2.146000000000000000e+03,2.183000000000000000e+03,2.220000000000000000e+03,2.257000000000000000e+03,2.294000000000000000e+03,2.331000000000000000e+03,2.368000000000000000e+03,2.405000000000000000e+03,2.442000000000000000e+03,2.479000000000000000e+03,2.516000000000000000e+03,2.553000000000000000e+03,2.590000000000000000e+03,2.627000000000000000e+03,2.664000000000000000e+03,2.701000000000000000e+03,2.738000000000000000e+03,2.775000000000000000e+03,2.812000000000000000e+03,2.849000000000000000e+03,2.886000000000000000e+03,2.923000000000000000e+03,2.960000000000000000e+03,2.997000000000000000e+03,3.034000000000000000e+03,3.071000000000000000e+03,3.108000000000000000e+03,3.145000000000000000e+03,3.182000000000000000e+03,3.219000000000000000e+03,3.256000000000000000e+03,3.293000000000000000e+03,3.330000000000000000e+03,3.367000000000000000e+03,3.404000000000000000e+03,3.441000000000000000e+03,3.478000000000000000e+03,3.515000000000000000e+03,3.552000000000000000e+03,3.589000000000000000e+03,3.626000000000000000e+03,3.663000000000000000e+03,3.700000000000000000e+03,3.737000000000000000e+03,3.774000000000000000e+03,3.811000000000000000e+03,3.848000000000000000e+03,3.885000000000000000e+03,3.922000000000000000e+03,3.959000000000000000e+03,3.996000000000000000e+03,4.033000000000000000e+03,4.070000000000000000e+03,4.107000000000000000e+03,4.144000000000000000e+03,4.181000000000000000e+03,4.218000000000000000e+03,4.255000000000000000e+03,4.292000000000000000e+03,4.329000000000000000e+03,4.366000000000000000e+03,4.403000000000000000e+03,4.440000000000000000e+03,4.477000000000000000e+03,4.514000000000000000e+03,4.551000000000000000e+03,4.588000000000000000e+03,4.625000000000000000e+03,4.662000000000000000e+03,4.699000000000000000e+03,4.736000000000000000e+03,4.773000000000000000e+03,4.810000000000000000e+03,4.847000000000000000e+03,4.884000000000000000e+03,4.921000000000000000e+03,4.958000000000000000e+03,4.995000000000000000e+03,5.032000000000000000e+03,5.069000000000000000e+03,5.106000000000000000e+03,5.143000000000000000e+03,5.180000000000000000e+03,5.217000000000000000e+03,5.254000000000000000e+03,5.291000000000000000e+03,5.328000000000000000e+03,5.365000000000000000e+03,5.402000000000000000e+03,5.439000000000000000e+03,5.476000000000000000e+03,5.513000000000000000e+03,5.550000000000000000e+03,5.587000000000000000e+03,5.624000000000000000e+03,5.661000000000000000e+03,5.698000000000000000e+03,5.735000000000000000e+03,5.772000000000000000e+03,5.809000000000000000e+03,5.846000000000000000e+03,5.883000000000000000e+03,5.920000000000000000e+03,5.957000000000000000e+03,5.994000000000000000e+03,6.031000000000000000e+03,6.068000000000000000e+03,6.105000000000000000e+03,6.142000000000000000e+03,6.179000000000000000e+03,6.216000000000000000e+03,6.253000000000000000e+03,6.290000000000000000e+03,6.327000000000000000e+03,6.364000000000000000e+03,6.401000000000000000e+03,6.438000000000000000e+03,6.475000000000000000e+03,6.512000000000000000e+03,6.549000000000000000e+03,6.586000000000000000e+03,6.623000000000000000e+03,6.660000000000000000e+03,6.697000000000000000e+03,6.734000000000000000e+03,6.771000000000000000e+03,6.808000000000000000e+03,6.845000000000000000e+03,6.882000000000000000e+03,6.919000000000000000e+03,6.956000000000000000e+03,6.993000000000000000e+03,7.030000000000000000e+03,7.067000000000000000e+03,7.104000000000000000e+03,7.141000000000000000e+03,7.178000000000000000e+03,7.215000000000000000e+03,7.252000000000000000e+03,7.289000000000000000e+03,7.326000000000000000e+03,7.363000000000000000e+03,7.400000000000000000e+03,7.437000000000000000e+03,7.474000000000000000e+03,7.511000000000000000e+03,7.548000000000000000e+03,7.585000000000000000e+03,7.622000000000000000e+03,7.659000000000000000e+03,7.696000000000000000e+03,7.733000000000000000e+03,7.770000000000000000e+03,7.807000000000000000e+03,7.844000000000000000e+03,7.881000000000000000e+03,7.918000000000000000e+03,7.955000000000000000e+03,7.992000000000000000e+03,8.029000000000000000e+03,8.066000000000000000e+03,8.103000000000000000e+03,8.140000000000000000e+03,8.177000000000000000e+03,8.214000000000000000e+03,8.251000000000000000e+03,8.288000000000000000e+03,8.325000000000000000e+03,8.362000000000000000e+03,8.399000000000000000e+03,8.436000000000000000e+03,8.473000000000000000e+03,8.510000000000000000e+03,8.547000000000000000e+03,8.584000000000000000e+03,8.621000000000000000e+03,8.658000000000000000e+03,8.695000000000000000e+03,8.732000000000000000e+03,8.769000000000000000e+03,8.806000000000000000e+03,8.843000000000000000e+03,8.880000000000000000e+03,8.917000000000000000e+03,8.954000000000000000e+03,8.991000000000000000e+03,9.028000000000000000e+03,9.065000000000000000e+03,9.102000000000000000e+03,9.139000000000000000e+03,9.176000000000000000e+03,9.213000000000000000e+03,9.250000000000000000e+03,9.287000000000000000e+03,9.324000000000000000e+03,9.361000000000000000e+03,9.398000000000000000e+03,9.435000000000000000e+03,9.472000000000000000e+03,9.509000000000000000e+03,9.546000000000000000e+03,9.583000000000000000e+03,9.620000000000000000e+03,9.657000000000000000e+03,9.694000000000000000e+03,9.731000000000000000e+03,9.768000000000000000e+03,9.805000000000000000e+03,9.842000000000000000e+03,9.879000000000000000e+03,9.916000000000000000e+03,9.953000000000000000e+03,9.990000000000000000e+03,1.002700000000000000e+04,1.006400000000000000e+04,1.010100000000000000e+04,1.013800000000000000e+04,1.017500000000000000e+04,1.021200000000000000e+04,1.024900000000000000e+04,1.028600000000000000e+04,1.032300000000000000e+04,1.036000000000000000e+04,1.039700000000000000e+04,1.043400000000000000e+04,1.047100000000000000e+04,1.050800000000000000e+04,1.054500000000000000e+04,1.058200000000000000e+04,1.061900000000000000e+04,1.065600000000000000e+04,1.069300000000000000e+04,1.073000000000000000e+04,1.076700000000000000e+04,1.080400000000000000e+04,1.084100000000000000e+04,1.087800000000000000e+04,1.091500000000000000e+04,1.095200000000000000e+04,1.098900000000000000e+04,1.102600000000000000e+04,1.106300000000000000e+04
0.000000000000000000e+00,3.800000000000000000e+01,7.600000000000000000e+01,1.140000000000000000e+02,1.520000000000000000e+02,1.900000000000000000e+02,2.280000000000000000e+02,2.660000000000000000e+02,3.040000000000000000e+02,3.420000000000000000e+02,3.800000000000000000e+02,4.180000000000000000e+02,4.560000000000000000e+02,4.940000000000000000e+02,5.320000000000000000e+02,5.700000000000000000e+02,6.080000000000000000e+02,6.460000000000000000e+02,6.840000000000000000e+02,7.220000000000000000e+02,7.600000000000000000e+02,7.980000000000000000e+02,8.360000000000000000e+02,8.740000000000000000e+02,9.120000000000000000e+02,9.500000000000000000e+02,9.880000000000000000e+02,1.026000000000000000e+03,1.064000000000000000e+03,1.102000000000000000e+03,1.140000000000000000e+03,1.178000000000000000e+03,1.216000000000000000e+03,1.254000000000000000e+03,1.292000000000000000e+03,1.330000000000000000e+03,1.368000000000000000e+03,1.406000000000000000e+03,1.444000000000000000e+03,1.482000000000000000e+03,1.520000000000000000e+03,1.558000000000000000e+03,1.596000000000000000e+03,1.634000000000000000e+03,1.672000000000000000e+03,1.710000000000000000e+03,1.748000000000000000e+03,1.786000000000000000e+03,1.824000000000000000e+03,1.862000000000000000e+03,1.900000000000000000e+03,1.938000000000000000e+03,1.976000000000000000e+03,2.014000000000000000e+03,2.052000000000000000e+03,2.090000000000000000e+03,2.128000000000000000e+03,2.166000000000000000e+03,2.204000000000000000e+03,2.242000000000000000e+03,2.280000000000000000e+03,2.318000000000000000e+03,2.356000000000000000e+03,2.394000000000000000e+03,2.432000000000000000e+03,2.470000000000000000e+03,2.508000000000000000e+03,2.546000000000000000e+03,2.584000000000000000e+03,2.622000000000000000e+03,2.660000000000000000e+03,2.698000000000000000e+03,2.736000000000000000e+03,2.774000000000000000e+03,2.812000000000000000e+03,2.850000000000000000e+03,2.888000000000000000e+03,2.926000000000000000e+03,2.964000000000000000e+03,3.002000000000000000e+03,3.040000000000000000e+03,3.078000000000000000e+03,3.116000000000000000e+03,3.154000000000000000e+03,3.192000000000000000e+03,3.230000000000000000e+03,3.268000000000000000e+03,3.306000000000000000e+03,3.344000000000000000e+03,3.382000000000000000e+03,3.420000000000000000e+03,3.458000000000000000e+03,3.496000000000000000e+03,3.534000000000000000e+03,3.572000000000000000e+03,3.610000000000000000e+03,3.648000000000000000e+03,3.686000000000000000e+03,3.724000000000000000e+03,3.762000000000000000e+03,3.800000000000000000e+03,3.838000000000000000e+03,3.876000000000000000e+03,3.914000000000000000e+03,3.952000000000000000e+03,3.990000000000000000e+03,4.028000000000000000e+03,4.066000000000000000e+03,4.104000000000000000e+03,4.142000000000000000e+03,4.180000000000000000e+03,4.218000000000000000e+03,4.256000000000000000e+03,4.294000000000000000e+03,4.332000000000000000e+03,4.370000000000000000e+03,4.408000000000000000e+03,4.446000000000000000e+03,4.484000000000000000e+03,4.522000000000000000e+03,4.560000000000000000e+03,4.598000000000000000e+03,4.636000000000000000e+03,4.674000000000000000e+03,4.712000000000000000e+03,4.750000000000000000e+03,4.788000000000000000e+03,4.826000000000000000e+03,4.864000000000000000e+03,4.902000000000000000e+03,4.940000000000000000e+03,4.978000000000000000e+03,5.016000000000000000e+03,5.054000000000000000e+03,5.092000000000000000e+03,5.130000000000000000e+03,5.168000000000000000e+03,5.206000000000000000e+03,5.244000000000000000e+03,5.282000000000000000e+03,5.320000000000000000e+03,5.358000000000000000e+03,5.396000000000000000e+03,5.434000000000000000e+03,5.472000000000000000e+03,5.510000000000000000e+03,5.548000000000000000e+03,5.586000000000000000e+03,5.624000000000000000e+03,5.662000000000000000e+03,5.700000000000000000e+03,5.738000000000000000e+03,5.776000000000000000e+03,5.814000000000000000e+03,5.852000000000000000e+03,5.890000000000000000e+03,5.928000000000000000e+03,5.966000000000000000e+03,6.004000000000000000e+03,6.042000000000000000e+03,6.080000000000000000e+03,6.118000000000000000e+03,6.156000000000000000e+03,6.194000000000000000e+03,6.232000000000000000e+03,6.270000000000000000e+03,6.308000000000000000e+03,6.346000000000000000e+03,6.384000000000000000e+03,6.422000000000000000e+03,6.460000000000000000e+03,6.498000000000000000e+03,6.536000000000000000e+03,6.574000000000000000e+03,6.612000000000000000e+03,6.650000000000000000e+03,6.688000000000000000e+03,6.726000000000000000e+03,6.764000000000000000e+03,6.802000000000000000e+03,6.840000000000000000e+03,6.878000000000000000e+03,6.916000000000000000e+03,6.954000000000000000e+03,6.992000000000000000e+03,7.030000000000000000e+03,7.068000000000000000e+03,7.106000000000000000e+03,7.144000000000000000e+03,7.182000000000000000e+03,7.220000000000000000e+03,7.258000000000000000e+03,7.296000000000000000e+03,7.334000000000000000e+03,7.372000000000000000e+03,7.410000000000000000e+03,7.448000000000000000e+03,7.486000000000000000e+03,7.524000000000000000e+03,7.562000000000000000e+03,7.600000000000000000e+03,7.638000000000000000e+03,7.676000000000000000e+03,7.714000000000000000e+03,7.752000000000000000e+03,7.790000000000000000e+03,7.828000000000000000e+03,7.866000000000000000e+03,7.904000000000000000e+03,7.942000000000000000e+03,7.980000000000000000e+03,8.018000000000000000e+03,8.056000000000000000e+03,8.094000000000000000e+03,8.132000000000000000e+03,8.170000000000000000e+03,8.208000000000000000e+03,8.246000000000000000e+03,8.284000000000000000e+03,8.322000000000000000e+03,8.360000000000000000e+03,8.398000000000000000e+03,8.436000000000000000e+03,8.474000000000000000e+03,8.512000000000000000e+03,8.550000000000000000e+03,8.588000000000000000e+03,8.626000000000000000e+03,8.664000000000000000e+03,8.702000000000000000e+03,8.740000000000000000e+03,8.778000000000000000e+03,8.816000000000000000e+03,8.854000000000000000e+03,8.892000000000000000e+03,8.930000000000000000e+03,8.968000000000000000e+03,9.006000000000000000e+03,9.044000000000000000e+03,9.082000000000000000e+03,9.120000000000000000e+03,9.158000000000000000e+03,9.196000000000000000e+03,9.234000000000000000e+03,9.272000000000000000e+03,9.310000000000000000e+03,9.348000000000000000e+03,9.386000000000000000e+03,9.424000000000000000e+03,9.462000000000000000e+03,9.500000000000000000e+03,9.538000000000000000e+03,9.576000000000000000e+03,9.614000000000000000e+03,9.652000000000000000e+03,9.690000000000000000e+03,9.728000000000000000e+03,9.766000000000000000e+03,9.804000000000000000e+03,9.842000000000000000e+03,9.880000000000000000e+03,9.918000000000000000e+03,9.956000000000000000e+03,9.994000000000000000e+03,1.003200000000000000e+04,1.007000000000000000e+04,1.010800000000000000e+04,1.014600000000000000e+04,1.018400000000000000e+04,1.022200000000000000e+04,1.026000000000000000e+04,1.029800000000000000e+04,1.033600000000000000e+04,1.037400000000000000e+04,1.041200000000000000e+04,1.045000000000000000e+04,1.048800000000000000e+04,1.052600000000000000e+04,1.056400000000000000e+04,1.060200000000000000e+04,1.064000000000000000e+04,1.067800000000000000e+04,1.071600000000000000e+04,1.075400000000000000e+04,1.079200000000000000e+04,1.083000000000000000e+04,1.086800000000000000e+04,1.090600000000000000e+04,1.094400000000000000e+04,1.098200000000000000e+04,1.102000000000000000e+04,1.105800000000000000e+04,1.109600000000000000e+04,1.113400000000000000e+04,1.117200000000000000e+04,1.121000000000000000e+04,1.124800000000000000e+04,1.128600000000000000e+04,1.132400000000000000e+04,1.136200000000000000e+04
0.000000000000000000e+00,3.900000000000000000e+01,7.800000000000000000e+01,1.170000000000000000e+02,1.560000000000000000e+02,1.950000000000000000e+02,2.340000000000000000e+02,2.730000000000000000e+02,3.120000000000000000e+02,3.510000000000000000e+02,3.900000000000000000e+02,4.290000000000000000e+02,4.680000000000000000e+02,5.070000000000000000e+02,5.460000000000000000e+02,5.850000000000000000e+02,6.240000000000000000e+02,6.630000000000000000e+02,7.020000000000000000e+02,7.410000000000000000e+02,7.800000000000000000e+02,8.190000000000000000e+02,8.580000000000000000e+02,8.970000000000000000e+02,9.360000000000000000e+02,9.750000000000000000e+02,1.014000000000000000e+03,1.053000000000000000e+03,1.092000000000000000e+03,1.131000000000000000e+03,1.170000000000000000e+03,1.209000000000000000e+03,1.248000000000000000e+03,1.287000000000000000e+03,1.326000000000000000e+03,1.365000000000000000e+03,1.404000000000000000e+03,1.443000000000000000e+03,1.482000000000000000e+03,1.521000000000000000e+03,1.560000000000000000e+03,1.599000000000000000e+03,1.638000000000000000e+03,1.677000000000000000e+03,1.716000000000000000e+03,1.755000000000000000e+03,1.794000000000000000e+03,1.833000000000000000e+03,1.872000000000000000e+03,1.911000000000000000e+03,1.950000000000000000e+03,1.989000000000000000e+03,2.028000000000000000e+03,2.067000000000000000e+03,2.106000000000000000e+03,2.145000000000000000e+03,2.184000000000000000e+03,2.223000000000000000e+03,2.262000000000000000e+03,2.301000000000000000e+03,2.340000000000000000e+03,2.379000000000000000e+03,2.418000000000000000e+03,2.457000000000000000e+03,2.496000000000000000e+03,2.535000000000000000e+03,2.574000000000000000e+03,2.613000000000000000e+03,2.652000000000000000e+03,2.691000000000000000e+03,2.730000000000000000e+03,2.769000000000000000e+03,2.808000000000000000e+03,2.847000000000000000e+03,2.886000000000000000e+03,2.925000000000000000e+03,2.964000000000000000e+03,3.003000000000000000e+03,3.042000000000000000e+03,3.081000000000000000e+03,3.120000000000000000e+03,3.159000000000000000e+03,3.198000000000000000e+03,3.237000000000000000e+03,3.276000000000000000e+03,3.315000000000000000e+03,3.354000000000000000e+03,3.393000000000000000e+03,3.432000000000000000e+03,3.471000000000000000e+03,3.510000000000000000e+03,3.549000000000000000e+03,3.588000000000000000e+03,3.627000000000000000e+03,3.666000000000000000e+03,3.705000000000000000e+03,3.744000000000000000e+03,3.783000000000000000e+03,3.822000000000000000e+03,3.861000000000000000e+03,3.900000000000000000e+03,3.939000000000000000e+03,3.978000000000000000e+03,4.017000000000000000e+03,4.056000000000000000e+03,4.095000000000000000e+03,4.134000000000000000e+03,4.173000000000000000e+03,4.212000000000000000e+03,4.251000000000000000e+03,4.290000000000000000e+03,4.329000000000000000e+03,4.368000000000000000e+03,4.407000000000000000e+03,4.446000000000000000e+03,4.485000000000000000e+03,4.524000000000000000e+03,4.563000000000000000e+03,4.602000000000000000e+03,4.641000000000000000e+03,4.680000000000000000e+03,4.719000000000000000e+03,4.758000000000000000e+03,4.797000000000000000e+03,4.836000000000000000e+03,4.875000000000000000e+03,4.914000000000000000e+03,4.953000000000000000e+03,4.992000000000000000e+03,5.031000000000000000e+03,5.070000000000000000e+03,5.109000000000000000e+03,5.148000000000000000e+03,5.187000000000000000e+03,5.226000000000000000e+03,5.265000000000000000e+03,5.304000000000000000e+03,5.343000000000000000e+03,5.382000000000000000e+03,5.421000000000000000e+03,5.460000000000000000e+03,5.499000000000000000e+03,5.538000000000000000e+03,5.577000000000000000e+03,5.616000000000000000e+03,5.655000000000000000e+03,5.694000000000000000e+03,5.733000000000000000e+03,5.772000000000000000e+03,5.811000000000000000e+03,5.850000000000000000e+03,5.889000000000000000e+03,5.928000000000000000e+03,5.967000000000000000e+03,6.006000000000000000e+03,6.045000000000000000e+03,6.084000000000000000e+03,6.123000000000000000e+03,6.162000000000000000e+03,6.201000000000000000e+03,6.240000000000000000e+03,6.279000000000000000e+03,6.318000000000000000e+03,6.357000000000000000e+03,6.396000000000000000e+03,6.435000000000000000e+03,6.474000000000000000e+03,6.513000000000000000e+03,6.552000000000000000e+03,6.591000000000000000e+03,6.630000000000000000e+03,6.669000000000000000e+03,6.708000000000000000e+03,6.747000000000000000e+03,6.786000000000000000e+03,6.825000000000000000e+03,6.864000000000000000e+03,6.903000000000000000e+03,6.942000000000000000e+03,6.981000000000000000e+03,7.020000000000000000e+03,7.059000000000000000e+03,7.098000000000000000e+03,7.137000000000000000e+03,7.176000000000000000e+03,7.215000000000000000e+03,7.254000000000000000e+03,7.293000000000000000e+03,7.332000000000000000e+03,7.371000000000000000e+03,7.410000000000000000e+03,7.449000000000000000e+03,7.488000000000000000e+03,7.527000000000000000e+03,7.566000000000000000e+03,7.605000000000000000e+03,7.644000000000000000e+03,7.683000000000000000e+03,7.722000000000000000e+03,7.761000000000000000e+03,7.800000000000000000e+03,7.839000000000000000e+03,7.878000000000000000e+03,7.917000000000000000e+03,7.956000000000000000e+03,7.995000000000000000e+03,8.034000000000000000e+03,8.073000000000000000e+03,8.112000000000000000e+03,8.151000000000000000e+03,8.190000000000000000e+03,8.229000000000000000e+03,8.268000000000000000e+03,8.307000000000000000e+03,8.346000000000000000e+03,8.385000000000000000e+03,8.424000000000000000e+03,8.463000000000000000e+03,8.502000000000000000e+03,8.541000000000000000e+03,8.580000000000000000e+03,8.619000000000000000e+03,8.658000000000000000e+03,8.697000000000000000e+03,8.736000000000000000e+03,8.775000000000000000e+03,8.814000000000000000e+03,8.853000000000000000e+03,8.892000000000000000e+03,8.931000000000000000e+03,8.970000000000000000e+03,9.009000000000000000e+03,9.048000000000000000e+03,9.087000000000000000e+03,9.126000000000000000e+03,9.165000000000000000e+03,9.204000000000000000e+03,9.243000000000000000e+03,9.282000000000000000e+03,9.321000000000000000e+03,9.360000000000000000e+03,9.399000000000000000e+03,9.438000000000000000e+03,9.477000000000000000e+03,9.516000000000000000e+03,9.555000000000000000e+03,9.594000000000000000e+03,9.633000000000000000e+03,9.672000000000000000e+03,9.711000000000000000e+03,9.750000000000000000e+03,9.789000000000000000e+03,9.828000000000000000e+03,9.867000000000000000e+03,9.906000000000000000e+03,9.945000000000000000e+03,9.984000000000000000e+03,1.002300000000000000e+04,1.006200000000000000e+04,1.010100000000000000e+04,1.014000000000000000e+04,1.017900000000000000e+04,1.021800000000000000e+04,1.025700000000000000e+04,1.029600000000000000e+04,1.033500000000000000e+04,1.037400000000000000e+04,1.041300000000000000e+04,1.045200000000000000e+04,1.049100000000000000e+04,1.053000000000000000e+04,1.056900000000000000e+04,1.060800000000000000e+04,1.064700000000000000e+04,1.068600000000000000e+04,1.072500000000000000e+04,1.076400000000000000e+04,1.080300000000000000e+04,1.084200000000000000e+04,1.088100000000000000e+04,1.092000000000000000e+04,1.095900000000000000e+04,1.099800000000000000e+04,1.103700000000000000e+04,1.107600000000000000e+04,1.111500000000000000e+04,1.115400000000000000e+04,1.119300000000000000e+04,1.123200000000000000e+04,1.127100000000000000e+04,1.131000000000000000e+04,1.134900000000000000e+04,1.138800000000000000e+04,1.142700000000000000e+04,1.146600000000000000e+04,1.150500000000000000e+04,1.154400000000000000e+04,1.158300000000000000e+04,1.162200000000000000e+04,1.166100000000000000e+04
0.000000000000000000e+00,4.000000000000000000e+01,8.000000000000000000e+01,1.200000000000000000e+02,1.600000000000000000e+02,2.000000000000000000e+02,2.400000000000000000e+02,2.800000000000000000e+02,3.200000000000000000e+02,3.600000000000000000e+02,4.000000000000000000e+02,4.400000000000000000e+02,4.800000000000000000e+02,5.200000000000000000e+02,5.600000000000000000e+02,6.000000000000000000e+02,6.400000000000000000e+02,6.800000000000000000e+02,7.200000000000000000e+02,7.600000000000000000e+02,8.000000000000000000e+02,8.400000000000000000e+02,8.800000000000000000e+02,9.200000000000000000e+02,9.600000000000000000e+02,1.000000000000000000e+03,1.040000000000000000e+03,1.080000000000000000e+03,1.120000000000000000e+03,1.160000000000000000e+03,1.200000000000000000e+03,1.240000000000000000e+03,1.280000000000000000e+03,1.320000000000000000e+03,1.360000000000000000e+03,1.400000000000000000e+03,1.440000000000000000e+03,1.480000000000000000e+03,1.520000000000000000e+03,1.560000000000000000e+03,1.600000000000000000e+03,1.640000000000000000e+03,1.680000000000000000e+03,1.720000000000000000e+03,1.760000000000000000e+03,1.800000000000000000e+03,1.840000000000000000e+03,1.880000000000000000e+03,1.920000000000000000e+03,1.960000000000000000e+03,2.000000000000000000e+03,2.040000000000000000e+03,2.080000000000000000e+03,2.120000000000000000e+03,2.160000000000000000e+03,2.200000000000000000e+03,2.240000000000000000e+03,2.280000000000000000e+03,2.320000000000000000e+03,2.360000000000000000e+03,2.400000000000000000e+03,2.440000000000000000e+03,2.480000000000000000e+03,2.520000000000000000e+03,2.560000000000000000e+03,2.600000000000000000e+03,2.640000000000000000e+03,2.680000000000000000e+03,2.720000000000000000e+03,2.760000000000000000e+03,2.800000000000000000e+03,2.840000000000000000e+03,2.880000000000000000e+03,2.920000000000000000e+03,2.960000000000000000e+03,3.000000000000000000e+03,3.040000000000000000e+03,3.080000000000000000e+03,3.120000000000000000e+03,3.160000000000000000e+03,3.200000000000000000e+03,3.240000000000000000e+03,3.280000000000000000e+03,3.320000000000000000e+03,3.360000000000000000e+03,3.400000000000000000e+03,3.440000000000000000e+03,3.480000000000000000e+03,3.520000000000000000e+03,3.560000000000000000e+03,3.600000000000000000e+03,3.640000000000000000e+03,3.680000000000000000e+03,3.720000000000000000e+03,3.760000000000000000e+03,3.800000000000000000e+03,3.840000000000000000e+03,3.880000000000000000e+03,3.920000000000000000e+03,3.960000000000000000e+03,4.000000000000000000e+03,4.040000000000000000e+03,4.080000000000000000e+03,4.120000000000000000e+03,4.160000000000000000e+03,4.200000000000000000e+03,4.240000000000000000e+03,4.280000000000000000e+03,4.320000000000000000e+03,4.360000000000000000e+03,4.400000000000000000e+03,4.440000000000000000e+03,4.480000000000000000e+03,4.520000000000000000e+03,4.560000000000000000e+03,4.600000000000000000e+03,4.640000000000000000e+03,4.680000000000000000e+03,4.720000000000000000e+03,4.760000000000000000e+03,4.800000000000000000e+03,4.840000000000000000e+03,4.880000000000000000e+03,4.920000000000000000e+03,4.960000000000000000e+03,5.000000000000000000e+03,5.040000000000000000e+03,5.080000000000000000e+03,5.120000000000000000e+03,5.160000000000000000e+03,5.200000000000000000e+03,5.240000000000000000e+03,5.280000000000000000e+03,5.320000000000000000e+03,5.360000000000000000e+03,5.400000000000000000e+03,5.440000000000000000e+03,5.480000000000000000e+03,5.520000000000000000e+03,5.560000000000000000e+03,5.600000000000000000e+03,5.640000000000000000e+03,5.680000000000000000e+03,5.720000000000000000e+03,5.760000000000000000e+03,5.800000000000000000e+03,5.840000000000000000e+03,5.880000000000000000e+03,5.920000000000000000e+03,5.960000000000000000e+03,6.000000000000000000e+03,6.040000000000000000e+03,6.080000000000000000e+03,6.120000000000000000e+03,6.160000000000000000e+03,6.200000000000000000e+03,6.240000000000000000e+03,6.280000000000000000e+03,6.320000000000000000e+03,6.360000000000000000e+03,6.400000000000000000e+03,6.440000000000000000e+03,6.480000000000000000e+03,6.520000000000000000e+03,6.560000000000000000e+03,6.600000000000000000e+03,6.640000000000000000e+03,6.680000000000000000e+03,6.720000000000000000e+03,6.760000000000000000e+03,6.800000000000000000e+03,6.840000000000000000e+03,6.880000000000000000e+03,6.920000000000000000e+03,6.960000000000000000e+03,7.000000000000000000e+03,7.040000000000000000e+03,7.080000000000000000e+03,7.120000000000000000e+03,7.160000000000000000e+03,7.200000000000000000e+03,7.240000000000000000e+03,7.280000000000000000e+03,7.320000000000000000e+03,7.360000000000000000e+03,7.400000000000000000e+03,7.440000000000000000e+03,7.480000000000000000e+03,7.520000000000000000e+03,7.560000000000000000e+03,7.600000000000000000e+03,7.640000000000000000e+03,7.680000000000000000e+03,7.720000000000000000e+03,7.760000000000000000e+03,7.800000000000000000e+03,7.840000000000000000e+03,7.880000000000000000e+03,7.920000000000000000e+03,7.960000000000000000e+03,8.000000000000000000e+03,8.040000000000000000e+03,8.080000000000000000e+03,8.120000000000000000e+03,8.160000000000000000e+03,8.200000000000000000e+03,8.240000000000000000e+03,8.280000000000000000e+03,8.320000000000000000e+03,8.360000000000000000e+03,8.400000000000000000e+03,8.440000000000000000e+03,8.480000000000000000e+03,8.520000000000000000e+03,8.560000000000000000e+03,8.600000000000000000e+03,8.640000000000000000e+03,8.680000000000000000e+03,8.720000000000000000e+03,8.760000000000000000e+03,8.800000000000000000e+03,8.840000000000000000e+03,8.880000000000000000e+03,8.920000000000000000e+03,8.960000000000000000e+03,9.000000000000000000e+03,9.040000000000000000e+03,9.080000000000000000e+03,9.120000000000000000e+03,9.160000000000000000e+03,9.200000000000000000e+03,9.240000000000000000e+03,9.280000000000000000e+03,9.320000000000000000e+03,9.360000000000000000e+03,9.400000000000000000e+03,9.440000000000000000e+03,9.480000000000000000e+03,9.520000000000000000e+03,9.560000000000000000e+03,9.600000000000000000e+03,9.640000000000000000e+03,9.680000000000000000e+03,9.720000000000000000e+03,9.760000000000000000e+03,9.800000000000000000e+03,9.840000000000000000e+03,9.880000000000000000e+03,9.920000000000000000e+03,9.960000000000000000e+03,1.000000000000000000e+04,1.004000000000000000e+04,1.008000000000000000e+04,1.012000000000000000e+04,1.016000000000000000e+04,1.020000000000000000e+04,1.024000000000000000e+04,1.028000000000000000e+04,1.032000000000000000e+04,1.036000000000000000e+04,1.040000000000000000e+04,1.044000000000000000e+04,1.048000000000000000e+04,1.052000000000000000e+04,1.056000000000000000e+04,1.060000000000000000e+04,1.064000000000000000e+04,1.068000000000000000e+04,1.072000000000000000e+04,1.076000000000000000e+04,1.080000000000000000e+04,1.084000000000000000e+04,1.088000000000000000e+04,1.092000000000000000e+04,1.096000000000000000e+04,1.100000000000000000e+04,1.104000000000000000e+04,1.108000000000000000e+04,1.112000000000000000e+04,1.116000000000000000e+04,1.120000000000000000e+04,1.124000000000000000e+04,1.128000000000000000e+04,1.132000000000000000e+04,1.136000000000000000e+04,1.140000000000000000e+04,1.144000000000000000e+04,1.148000000000000000e+04,1.152000000000000000e+04,1.156000000000000000e+04,1.160000000000000000e+04,1.164000000000000000e+04,1.168000000000000000e+04,1.172000000000000000e+04,1.176000000000000000e+04,1.180000000000000000e+04,1.184000000000000000e+04,1.188000000000000000e+04,1.192000000000000000e+04,1.196000000000000000e+04
0.000000000000000000e+00,4.100000000000000000e+01,8.200000000000000000e+01,1.230000000000000000e+02,1.640000000000000000e+02,2.050000000000000000e+02,2.460000000000000000e+02,2.870000000000000000e+02,3.280000000000000000e+02,3.690000000000000000e+02,4.100000000000000000e+02,4.510000000000000000e+02,4.920000000000000000e+02,5.330000000000000000e+02,5.740000000000000000e+02,6.150000000000000000e+02,6.560000000000000000e+02,6.970000000000000000e+02,7.380000000000000000e+02,7.790000000000000000e+02,8.200000000000000000e+02,8.610000000000000000e+02,9.020000000000000000e+02,9.430000000000000000e+02,9.840000000000000000e+02,1.025000000000000000e+03,1.066000000000000000e+03,1.107000000000000000e+03,1.148000000000000000e+03,1.189000000000000000e+03,1.230000000000000000e+03,1.271000000000000000e+03,1.312000000000000000e+03,1.353000000000000000e+03,1.394000000000000000e+03,1.435000000000000000e+03,1.476000000000000000e+03,1.517000000000000000e+03,1.558000000000000000e+03,1.599000000000000000e+03,1.640000000000000000e+03,1.681000000000000000e+03,1.722000000000000000e+03,1.763000000000000000e+03,1.804000000000000000e+03,1.845000000000000000e+03,1.886000000000000000e+03,1.927000000000000000e+03,1.968000000000000000e+03,2.009000000000000000e+03,2.050000000000000000e+03,2.091000000000000000e+03,2.132000000000000000e+03,2.173000000000000000e+03,2.214000000000000000e+03,2.255000000000000000e+03,2.296000000000000000e+03,2.337000000000000000e+03,2.378000000000000000e+03,2.419000000000000000e+03,2.460000000000000000e+03,2.501000000000000000e+03,2.542000000000000000e+03,2.583000000000000000e+03,2.624000000000000000e+03,2.665000000000000000e+03,2.706000000000000000e+03,2.747000000000000000e+03,2.788000000000000000e+03,2.829000000000000000e+03,2.870000000000000000e+03,2.911000000000000000e+03,2.952000000000000000e+03,2.993000000000000000e+03,3.034000000000000000e+03,3.075000000000000000e+03,3.116000000000000000e+03,3.157000000000000000e+03,3.198000000000000000e+03,3.239000000000000000e+03,3.280000000000000000e+03,3.321000000000000000e+03,3.362000000000000000e+03,3.403000000000000000e+03,3.444000000000000000e+03,3.485000000000000000e+03,3.526000000000000000e+03,3.567000000000000000e+03,3.608000000000000000e+03,3.649000000000000000e+03,3.690000000000000000e+03,3.731000000000000000e+03,3.772000000000000000e+03,3.813000000000000000e+03,3.854000000000000000e+03,3.895000000000000000e+03,3.936000000000000000e+03,3.977000000000000000e+03,4.018000000000000000e+03,4.059000000000000000e+03,4.100000000000000000e+03,4.141000000000000000e+03,4.182000000000000000e+03,4.223000000000000000e+03,4.264000000000000000e+03,4.305000000000000000e+03,4.346000000000000000e+03,4.387000000000000000e+03,4.428000000000000000e+03,4.469000000000000000e+03,4.510000000000000000e+03,4.551000000000000000e+03,4.592000000000000000e+03,4.633000000000000000e+03,4.674000000000000000e+03,4.715000000000000000e+03,4.756000000000000000e+03,4.797000000000000000e+03,4.838000000000000000e+03,4.879000000000000000e+03,4.920000000000000000e+03,4.961000000000000000e+03,5.002000000000000000e+03,5.043000000000000000e+03,5.084000000000000000e+03,5.125000000000000000e+03,5.166000000000000000e+03,5.207000000000000000e+03,5.248000000000000000e+03,5.289000000000000000e+03,5.330000000000000000e+03,5.371000000000000000e+03,5.412000000000000000e+03,5.453000000000000000e+03,5.494000000000000000e+03,5.535000000000000000e+03,5.576000000000000000e+03,5.617000000000000000e+03,5.658000000000000000e+03,5.699000000000000000e+03,5.740000000000000000e+03,5.781000000000000000e+03,5.822000000000000000e+03,5.863000000000000000e+03,5.904000000000000000e+03,5.945000000000000000e+03,5.986000000000000000e+03,6.027000000000000000e+03,6.068000000000000000e+03,6.109000000000000000e+03,6.150000000000000000e+03,6.191000000000000000e+03,6.232000000000000000e+03,6.273000000000000000e+03,6.314000000000000000e+03,6.355000000000000000e+03,6.396000000000000000e+03,6.437000000000000000e+03,6.478000000000000000e+03,6.519000000000000000e+03,6.560000000000000000e+03,6.601000000000000000e+03,6.642000000000000000e+03,6.683000000000000000e+03,6.724000000000000000e+03,6.765000000000000000e+03,6.806000000000000000e+03,6.847000000000000000e+03,6.888000000000000000e+03,6.929000000000000000e+03,6.970000000000000000e+03,7.011000000000000000e+03,7.052000000000000000e+03,7.093000000000000000e+03,7.134000000000000000e+03,7.175000000000000000e+03,7.216000000000000000e+03,7.257000000000000000e+03,7.298000000000000000e+03,7.339000000000000000e+03,7.380000000000000000e+03,7.421000000000000000e+03,7.462000000000000000e+03,7.503000000000000000e+03,7.544000000000000000e+03,7.585000000000000000e+03,7.626000000000000000e+03,7.667000000000000000e+03,7.708000000000000000e+03,7.749000000000000000e+03,7.790000000000000000e+03,7.831000000000000000e+03,7.872000000000000000e+03,7.913000000000000000e+03,7.954000000000000000e+03,7.995000000000000000e+03,8.036000000000000000e+03,8.077000000000000000e+03,8.118000000000000000e+03,8.159000000000000000e+03,8.200000000000000000e+03,8.241000000000000000e+03,8.282000000000000000e+03,8.323000000000000000e+03,8.364000000000000000e+03,8.405000000000000000e+03,8.446000000000000000e+03,8.487000000000000000e+03,8.528000000000000000e+03,8.569000000000000000e+03,8.610000000000000000e+03,8.651000000000000000e+03,8.692000000000000000e+03,8.733000000000000000e+03,8.774000000000000000e+03,8.815000000000000000e+03,8.856000000000000000e+03,8.897000000000000000e+03,8.938000000000000000e+03,8.979000000000000000e+03,9.020000000000000000e+03,9.061000000000000000e+03,9.102000000000000000e+03,9.143000000000000000e+03,9.184000000000000000e+03,9.225000000000000000e+03,9.266000000000000000e+03,9.307000000000000000e+03,9.348000000000000000e+03,9.389000000000000000e+03,9.430000000000000000e+03,9.471000000000000000e+03,9.512000000000000000e+03,9.553000000000000000e+03,9.594000000000000000e+03,9.635000000000000000e+03,9.676000000000000000e+03,9.717000000000000000e+03,9.758000000000000000e+03,9.799000000000000000e+03,9.840000000000000000e+03,9.881000000000000000e+03,9.922000000000000000e+03,9.963000000000000000e+03,1.000400000000000000e+04,1.004500000000000000e+04,1.008600000000000000e+04,1.012700000000000000e+04,1.016800000000000000e+04,1.020900000000000000e+04,1.025000000000000000e+04,1.029100000000000000e+04,1.033200000000000000e+04,1.037300000000000000e+04,1.041400000000000000e+04,1.045500000000000000e+04,1.049600000000000000e+04,1.053700000000000000e+04,1.057800000000000000e+04,1.061900000000000000e+04,1.066000000000000000e+04,1.070100000000000000e+04,1.074200000000000000e+04,1.078300000000000000e+04,1.082400000000000000e+04,1.086500000000000000e+04,1.090600000000000000e+04,1.094700000000000000e+04,1.098800000000000000e+04,1.102900000000000000e+04,1.107000000000000000e+04,1.111100000000000000e+04,1.115200000000000000e+04,1.119300000000000000e+04,1.123400000000000000e+04,1.127500000000000000e+04,1.131600000000000000e+04,1.135700000000000000e+04,1.139800000000000000e+04,1.143900000000000000e+04,1.148000000000000000e+04,1.152100000000000000e+04,1.156200000000000000e+04,1.160300000000000000e+04,1.164400000000000000e+04,1.168500000000000000e+04,1.172600000000000000e+04,1.176700000000000000e+04,1.180800000000000000e+04,1.184900000000000000e+04,1.189000000000000000e+04,1.193100000000000000e+04,1.197200000000000000e+04,1.201300000000000000e+04,1.205400000000000000e+04,1.209500000000000000e+04,1.213600000000000000e+04,1.217700000000000000e+04,1.221800000000000000e+04,1.225900000000000000e+04
0.000000000000000000e+00,4.200000000000000000e+01,8.400000000000000000e+01,1.260000000000000000e+02,1.680000000000000000e+02,2.100000000000000000e+02,2.520000000000000000e+02,2.940000000000000000e+02,3.360000000000000000e+02,3.780000000000000000e+02,4.200000000000000000e+02,4.620000000000000000e+02,5.040000000000000000e+02,5.460000000000000000e+02,5.880000000000000000e+02,6.300000000000000000e+02,6.720000000000000000e+02,7.140000000000000000e+02,7.560000000000000000e+02,7.980000000000000000e+02,8.400000000000000000e+02,8.820000000000000000e+02,9.240000000000000000e+02,9.660000000000000000e+02,1.008000000000000000e+03,1.050000000000000000e+03,1.092000000000000000e+03,1.134000000000000000e+03,1.176000000000000000e+03,1.218000000000000000e+03,1.260000000000000000e+03,1.302000000000000000e+03,1.344000000000000000e+03,1.386000000000000000e+03,1.428000000000000000e+03,1.470000000000000000e+03,1.512000000000000000e+03,1.554000000000000000e+03,1.596000000000000000e+03,1.638000000000000000e+03,1.680000000000000000e+03,1.722000000000000000e+03,1.764000000000000000e+03,1.806000000000000000e+03,1.848000000000000000e+03,1.890000000000000000e+03,1.932000000000000000e+03,1.974000000000000000e+03,2.016000000000000000e+03,2.058000000000000000e+03,2.100000000000000000e+03,2.142000000000000000e+03,2.184000000000000000e+03,2.226000000000000000e+03,2.268000000000000000e+03,2.310000000000000000e+03,2.352000000000000000e+03,2.394000000000000000e+03,2.436000000000000000e+03,2.478000000000000000e+03,2.520000000000000000e+03,2.562000000000000000e+03,2.604000000000000000e+03,2.646000000000000000e+03,2.688000000000000000e+03,2.730000000000000000e+03,2.772000000000000000e+03,2.814000000000000000e+03,2.856000000000000000e+03,2.898000000000000000e+03,2.940000000000000000e+03,2.982000000000000000e+03,3.024000000000000000e+03,3.066000000000000000e+03,3.108000000000000000e+03,3.150000000000000000e+03,3.192000000000000000e+03,3.234000000000000000e+03,3.276000000000000000e+03,3.318000000000000000e+03,3.360000000000000000e+03,3.402000000000000000e+03,3.444000000000000000e+03,3.486000000000000000e+03,3.528000000000000000e+03,3.570000000000000000e+03,3.612000000000000000e+03,3.654000000000000000e+03,3.696000000000000000e+03,3.738000000000000000e+03,3.780000000000000000e+03,3.822000000000000000e+03,3.864000000000000000e+03,3.906000000000000000e+03,3.948000000000000000e+03,3.990000000000000000e+03,4.032000000000000000e+03,4.074000000000000000e+03,4.116000000000000000e+03,4.158000000000000000e+03,4.200000000000000000e+03,4.242000000000000000e+03,4.284000000000000000e+03,4.326000000000000000e+03,4.368000000000000000e+03,4.410000000000000000e+03,4.452000000000000000e+03,4.494000000000000000e+03,4.536000000000000000e+03,4.578000000000000000e+03,4.620000000000000000e+03,4.662000000000000000e+03,4.704000000000000000e+03,4.746000000000000000e+03,4.788000000000000000e+03,4.830000000000000000e+03,4.872000000000000000e+03,4.914000000000000000e+03,4.956000000000000000e+03,4.998000000000000000e+03,5.040000000000000000e+03,5.082000000000000000e+03,5.124000000000000000e+03,5.166000000000000000e+03,5.208000000000000000e+03,5.250000000000000000e+03,5.292000000000000000e+03,5.334000000000000000e+03,5.376000000000000000e+03,5.418000000000000000e+03,5.460000000000000000e+03,5.502000000000000000e+03,5.544000000000000000e+03,5.586000000000000000e+03,5.628000000000000000e+03,5.670000000000000000e+03,5.712000000000000000e+03,5.754000000000000000e+03,5.796000000000000000e+03,5.838000000000000000e+03,5.880000000000000000e+03,5.922000000000000000e+03,5.964000000000000000e+03,6.006000000000000000e+03,6.048000000000000000e+03,6.090000000000000000e+03,6.132000000000000000e+03,6.174000000000000000e+03,6.216000000000000000e+03,6.258000000000000000e+03,6.300000000000000000e+03,6.342000000000000000e+03,6.384000000000000000e+03,6.426000000000000000e+03,6.468000000000000000e+03,6.510000000000000000e+03,6.552000000000000000e+03,6.594000000000000000e+03,6.636000000000000000e+03,6.678000000000000000e+03,6.720000000000000000e+03,6.762000000000000000e+03,6.804000000000000000e+03,6.846000000000000000e+03,6.888000000000000000e+03,6.930000000000000000e+03,6.972000000000000000e+03,7.014000000000000000e+03,7.056000000000000000e+03,7.098000000000000000e+03,7.140000000000000000e+03,7.182000000000000000e+03,7.224000000000000000e+03,7.266000000000000000e+03,7.308000000000000000e+03,7.350000000000000000e+03,7.392000000000000000e+03,7.434000000000000000e+03,7.476000000000000000e+03,7.518000000000000000e+03,7.560000000000000000e+03,7.602000000000000000e+03,7.644000000000000000e+03,7.686000000000000000e+03,7.728000000000000000e+03,7.770000000000000000e+03,7.812000000000000000e+03,7.854000000000000000e+03,7.896000000000000000e+03,7.938000000000000000e+03,7.980000000000000000e+03,8.022000000000000000e+03,8.064000000000000000e+03,8.106000000000000000e+03,8.148000000000000000e+03,8.190000000000000000e+03,8.232000000000000000e+03,8.274000000000000000e+03,8.316000000000000000e+03,8.358000000000000000e+03,8.400000000000000000e+03,8.442000000000000000e+03,8.484000000000000000e+03,8.526000000000000000e+03,8.568000000000000000e+03,8.610000000000000000e+03,8.652000000000000000e+03,8.694000000000000000e+03,8.736000000000000000e+03,8.778000000000000000e+03,8.820000000000000000e+03,8.862000000000000000e+03,8.904000000000000000e+03,8.946000000000000000e+03,8.988000000000000000e+03,9.030000000000000000e+03,9.072000000000000000e+03,9.114000000000000000e+03,9.156000000000000000e+03,9.198000000000000000e+03,9.240000000000000000e+03,9.282000000000000000e+03,9.324000000000000000e+03,9.366000000000000000e+03,9.408000000000000000e+03,9.450000000000000000e+03,9.492000000000000000e+03,9.534000000000000000e+03,9.576000000000000000e+03,9.618000000000000000e+03,9.660000000000000000e+03,9.702000000000000000e+03,9.744000000000000000e+03,9.786000000000000000e+03,9.828000000000000000e+03,9.870000000000000000e+03,9.912000000000000000e+03,9.954000000000000000e+03,9.996000000000000000e+03,1.003800000000000000e+04,1.008000000000000000e+04,1.012200000000000000e+04,1.016400000000000000e+04,1.020600000000000000e+04,1.024800000000000000e+04,1.029000000000000000e+04,1.033200000000000000e+04,1.037400000000000000e+04,1.041600000000000000e+04,1.045800000000000000e+04,1.050000000000000000e+04,1.054200000000000000e+04,1.058400000000000000e+04,1.062600000000000000e+04,1.066800000000000000e+04,1.071000000000000000e+04,1.075200000000000000e+04,1.079400000000000000e+04,1.083600000000000000e+04,1.087800000000000000e+04,1.092000000000000000e+04,1.096200000000000000e+04,1.100400000000000000e+04,1.104600000000000000e+04,1.108800000000000000e+04,1.113000000000000000e+04,1.117200000000000000e+04,1.121400000000000000e+04,1.125600000000000000e+04,1.129800000000000000e+04,1.134000000000000000e+04,1.138200000000000000e+04,1.142400000000000000e+04,1.146600000000000000e+04,1.150800000000000000e+04,1.155000000000000000e+04,1.159200000000000000e+04,1.163400000000000000e+04,1.167600000000000000e+04,1.171800000000000000e+04,1.176000000000000000e+04,1.180200000000000000e+04,1.184400000000000000e+04,1.188600000000000000e+04,1.192800000000000000e+04,1.197000000000000000e+04,1.201200000000000000e+04,1.205400000000000000e+04,1.209600000000000000e+04,1.213800000000000000e+04,1.218000000000000000e+04,1.222200000000000000e+04,1.226400000000000000e+04,1.230600000000000000e+04,1.234800000000000000e+04,1.239000000000000000e+04,1.243200000000000000e+04,1.247400000000000000e+04,1.251600000000000000e+04,1.255800000000000000e+04
0.000000000000000000e+00,4.300000000000000000e+01,8.600000000000000000e+01,1.290000000000000000e+02,1.720000000000000000e+02,2.150000000000000000e+02,2.580000000000000000e+02,3.010000000000000000e+02,3.440000000000000000e+02,3.870000000000000000e+02,4.300000000000000000e+02,4.730000000000000000e+02,5.160000000000000000e+02,5.590000000000000000e+02,6.020000000000000000e+02,6.450000000000000000e+02,6.880000000000000000e+02,7.310000000000000000e+02,7.740000000000000000e+02,8.170000000000000000e+02,8.600000000000000000e+02,9.030000000000000000e+02,9.460000000000000000e+02,9.890000000000000000e+02,1.032000000000000000e+03,1.075000000000000000e+03,1.118000000000000000e+03,1.161000000000000000e+03,1.204000000000000000e+03,1.247000000000000000e+03,1.290000000000000000e+03,1.333000000000000000e+03,1.376000000000000000e+03,1.419000000000000000e+03,1.462000000000000000e+03,1.505000000000000000e+03,1.548000000000000000e+03,1.591000000000000000e+03,1.634000000000000000e+03,1.677000000000000000e+03,1.720000000000000000e+03,1.763000000000000000e+03,1.806000000000000000e+03,1.849000000000000000e+03,1.892000000000000000e+03,1.935000000000000000e+03,1.978000000000000000e+03,2.021000000000000000e+03,2.064000000000000000e+03,2.107000000000000000e+03,2.150000000000000000e+03,2.193000000000000000e+03,2.236000000000000000e+03,2.279000000000000000e+03,2.322000000000000000e+03,2.365000000000000000e+03,2.408000000000000000e+03,2.451000000000000000e+03,2.494000000000000000e+03,2.537000000000000000e+03,2.580000000000000000e+03,2.623000000000000000e+03,2.666000000000000000e+03,2.709000000000000000e+03,2.752000000000000000e+03,2.795000000000000000e+03,2.838000000000000000e+03,2.881000000000000000e+03,2.924000000000000000e+03,2.967000000000000000e+03,3.010000000000000000e+03,3.053000000000000000e+03,3.096000000000000000e+03,3.139000000000000000e+03,3.182000000000000000e+03,3.225000000000000000e+03,3.268000000000000000e+03,3.311000000000000000e+03,3.354000000000000000e+03,3.397000000000000000e+03,3.440000000000000000e+03,3.483000000000000000e+03,3.526000000000000000e+03,3.569000000000000000e+03,3.612000000000000000e+03,3.655000000000000000e+03,3.698000000000000000e+03,3.741000000000000000e+03,3.784000000000000000e+03,3.827000000000000000e+03,3.870000000000000000e+03,3.913000000000000000e+03,3.956000000000000000e+03,3.999000000000000000e+03,4.042000000000000000e+03,4.085000000000000000e+03,4.128000000000000000e+03,4.171000000000000000e+03,4.214000000000000000e+03,4.257000000000000000e+03,4.300000000000000000e+03,4.343000000000000000e+03,4.386000000000000000e+03,4.429000000000000000e+03,4.472000000000000000e+03,4.515000000000000000e+03,4.558000000000000000e+03,4.601000000000000000e+03,4.644000000000000000e+03,4.687000000000000000e+03,4.730000000000000000e+03,4.773000000000000000e+03,4.816000000000000000e+03,4.859000000000000000e+03,4.902000000000000000e+03,4.945000000000000000e+03,4.988000000000000000e+03,5.031000000000000000e+03,5.074000000000000000e+03,5.117000000000000000e+03,5.160000000000000000e+03,5.203000000000000000e+03,5.246000000000000000e+03,5.289000000000000000e+03,5.332000000000000000e+03,5.375000000000000000e+03,5.418000000000000000e+03,5.461000000000000000e+03,5.504000000000000000e+03,5.547000000000000000e+03,5.590000000000000000e+03,5.633000000000000000e+03,5.676000000000000000e+03,5.719000000000000000e+03,5.762000000000000000e+03,5.805000000000000000e+03,5.848000000000000000e+03,5.891000000000000000e+03,5.934000000000000000e+03,5.977000000000000000e+03,6.020000000000000000e+03,6.063000000000000000e+03,6.106000000000000000e+03,6.149000000000000000e+03,6.192000000000000000e+03,6.235000000000000000e+03,6.278000000000000000e+03,6.321000000000000000e+03,6.364000000000000000e+03,6.407000000000000000e+03,6.450000000000000000e+03,6.493000000000000000e+03,6.536000000000000000e+03,6.579000000000000000e+03,6.622000000000000000e+03,6.665000000000000000e+03,6.708000000000000000e+03,6.751000000000000000e+03,6.794000000000000000e+03,6.837000000000000000e+03,6.880000000000000000e+03,6.923000000000000000e+03,6.966000000000000000e+03,7.009000000000000000e+03,7.052000000000000000e+03,7.095000000000000000e+03,7.138000000000000000e+03,7.181000000000000000e+03,7.224000000000000000e+03,7.267000000000000000e+03,7.310000000000000000e+03,7.353000000000000000e+03,7.396000000000000000e+03,7.439000000000000000e+03,7.482000000000000000e+03,7.525000000000000000e+03,7.568000000000000000e+03,7.611000000000000000e+03,7.654000000000000000e+03,7.697000000000000000e+03,7.740000000000000000e+03,7.783000000000000000e+03,7.826000000000000000e+03,7.869000000000000000e+03,7.912000000000000000e+03,7.955000000000000000e+03,7.998000000000000000e+03,8.041000000000000000e+03,8.084000000000000000e+03,8.127000000000000000e+03,8.170000000000000000e+03,8.213000000000000000e+03,8.256000000000000000e+03,8.299000000000000000e+03,8.342000000000000000e+03,8.385000000000000000e+03,8.428000000000000000e+03,8.471000000000000000e+03,8.514000000000000000e+03,8.557000000000000000e+03,8.600000000000000000e+03,8.643000000000000000e+03,8.686000000000000000e+03,8.729000000000000000e+03,8.772000000000000000e+03,8.815000000000000000e+03,8.858000000000000000e+03,8.901000000000000000e+03,8.944000000000000000e+03,8.987000000000000000e+03,9.030000000000000000e+03,9.073000000000000000e+03,9.116000000000000000e+03,9.159000000000000000e+03,9.202000000000000000e+03,9.245000000000000000e+03,9.288000000000000000e+03,9.331000000000000000e+03,9.374000000000000000e+03,9.417000000000000000e+03,9.460000000000000000e+03,9.503000000000000000e+03,9.546000000000000000e+03,9.589000000000000000e+03,9.632000000000000000e+03,9.675000000000000000e+03,9.718000000000000000e+03,9.761000000000000000e+03,9.804000000000000000e+03,9.847000000000000000e+03,9.890000000000000000e+03,9.933000000000000000e+03,9.976000000000000000e+03,1.001900000000000000e+04,1.006200000000000000e+04,1.010500000000000000e+04,1.014800000000000000e+04,1.019100000000000000e+04,1.023400000000000000e+04,1.027700000000000000e+04,1.032000000000000000e+04,1.036300000000000000e+04,1.040600000000000000e+04,1.044900000000000000e+04,1.049200000000000000e+04,1.053500000000000000e+04,1.057800000000000000e+04,1.062100000000000000e+04,1.066400000000000000e+04,1.070700000000000000e+04,1.075000000000000000e+04,1.079300000000000000e+04,1.083600000000000000e+04,1.087900000000000000e+04,1.092200000000000000e+04,1.096500000000000000e+04,1.100800000000000000e+04,1.105100000000000000e+04,1.109400000000000000e+04,1.113700000000000000e+04,1.118000000000000000e+04,1.122300000000000000e+04,1.126600000000000000e+04,1.130900000000000000e+04,1.135200000000000000e+04,1.139500000000000000e+04,1.143800000000000000e+04,1.148100000000000000e+04,1.152400000000000000e+04,1.156700000000000000e+04,1.161000000000000000e+04,1.165300000000000000e+04,1.169600000000000000e+04,1.173900000000000000e+04,1.178200000000000000e+04,1.182500000000000000e+04,1.186800000000000000e+04,1.191100000000000000e+04,1.195400000000000000e+04,1.199700000000000000e+04,1.204000000000000000e+04,1.208300000000000000e+04,1.212600000000000000e+04,1.216900000000000000e+04,1.221200000000000000e+04,1.225500000000000000e+04,1.229800000000000000e+04,1.234100000000000000e+04,1.238400000000000000e+04,1.242700000000000000e+04,1.247000000000000000e+04,1.251300000000000000e+04,1.255600000000000000e+04,1.259900000000000000e+04,1.264200000000000000e+04,1.268500000000000000e+04,1.272800000000000000e+04,1.277100000000000000e+04,1.281400000000000000e+04,1.285700000000000000e+04
0.000000000000000000e+00,4.400000000000000000e+01,8.800000000000000000e+01,1.320000000000000000e+02,1.760000000000000000e+02,2.200000000000000000e+02,2.640000000000000000e+02,3.080000000000000000e+02,3.520000000000000000e+02,3.960000000000000000e+02,4.400000000000000000e+02,4.840000000000000000e+02,5.280000000000000000e+02,5.720000000000000000e+02,6.160000000000000000e+02,6.600000000000000000e+02,7.040000000000000000e+02,7.480000000000000000e+02,7.920000000000000000e+02,8.360000000000000000e+02,8.800000000000000000e+02,9.240000000000000000e+02,9.680000000000000000e+02,1.012000000000000000e+03,1.056000000000000000e+03,1.100000000000000000e+03,1.144000000000000000e+03,1.188000000000000000e+03,1.232000000000000000e+03,1.276000000000000000e+03,1.320000000000000000e+03,1.364000000000000000e+03,1.408000000000000000e+03,1.452000000000000000e+03,1.496000000000000000e+03,1.540000000000000000e+03,1.584000000000000000e+03,1.628000000000000000e+03,1.672000000000000000e+03,1.716000000000000000e+03,1.760000000000000000e+03,1.804000000000000000e+03,1.848000000000000000e+03,1.892000000000000000e+03,1.936000000000000000e+03,1.980000000000000000e+03,2.024000000000000000e+03,2.068000000000000000e+03,2.112000000000000000e+03,2.156000000000000000e+03,2.200000000000000000e+03,2.244000000000000000e+03,2.288000000000000000e+03,2.332000000000000000e+03,2.376000000000000000e+03,2.420000000000000000e+03,2.464000000000000000e+03,2.508000000000000000e+03,2.552000000000000000e+03,2.596000000000000000e+03,2.640000000000000000e+03,2.684000000000000000e+03,2.728000000000000000e+03,2.772000000000000000e+03,2.816000000000000000e+03,2.860000000000000000e+03,2.904000000000000000e+03,2.948000000000000000e+03,2.992000000000000000e+03,3.036000000000000000e+03,3.080000000000000000e+03,3.124000000000000000e+03,3.168000000000000000e+03,3.212000000000000000e+03,3.256000000000000000e+03,3.300000000000000000e+03,3.344000000000000000e+03,3.388000000000000000e+03,3.432000000000000000e+03,3.476000000000000000e+03,3.520000000000000000e+03,3.564000000000000000e+03,3.608000000000000000e+03,3.652000000000000000e+03,3.696000000000000000e+03,3.740000000000000000e+03,3.784000000000000000e+03,3.828000000000000000e+03,3.872000000000000000e+03,3.916000000000000000e+03,3.960000000000000000e+03,4.004000000000000000e+03,4.048000000000000000e+03,4.092000000000000000e+03,4.136000000000000000e+03,4.180000000000000000e+03,4.224000000000000000e+03,4.268000000000000000e+03,4.312000000000000000e+03,4.356000000000000000e+03,4.400000000000000000e+03,4.444000000000000000e+03,4.488000000000000000e+03,4.532000000000000000e+03,4.576000000000000000e+03,4.620000000000000000e+03,4.664000000000000000e+03,4.708000000000000000e+03,4.752000000000000000e+03,4.796000000000000000e+03,4.840000000000000000e+03,4.884000000000000000e+03,4.928000000000000000e+03,4.972000000000000000e+03,5.016000000000000000e+03,5.060000000000000000e+03,5.104000000000000000e+03,5.148000000000000000e+03,5.192000000000000000e+03,5.236000000000000000e+03,5.280000000000000000e+03,5.324000000000000000e+03,5.368000000000000000e+03,5.412000000000000000e+03,5.456000000000000000e+03,5.500000000000000000e+03,5.544000000000000000e+03,5.588000000000000000e+03,5.632000000000000000e+03,5.676000000000000000e+03,5.720000000000000000e+03,5.764000000000000000e+03,5.808000000000000000e+03,5.852000000000000000e+03,5.896000000000000000e+03,5.940000000000000000e+03,5.984000000000000000e+03,6.028000000000000000e+03,6.072000000000000000e+03,6.116000000000000000e+03,6.160000000000000000e+03,6.204000000000000000e+03,6.248000000000000000e+03,6.292000000000000000e+03,6.336000000000000000e+03,6.380000000000000000e+03,6.424000000000000000e+03,6.468000000000000000e+03,6.512000000000000000e+03,6.556000000000000000e+03,6.600000000000000000e+03,6.644000000000000000e+03,6.688000000000000000e+03,6.732000000000000000e+03,6.776000000000000000e+03,6.820000000000000000e+03,6.864000000000000000e+03,6.908000000000000000e+03,6.952000000000000000e+03,6.996000000000000000e+03,7.040000000000000000e+03,7.084000000000000000e+03,7.128000000000000000e+03,7.172000000000000000e+03,7.216000000000000000e+03,7.260000000000000000e+03,7.304000000000000000e+03,7.348000000000000000e+03,7.392000000000000000e+03,7.436000000000000000e+03,7.480000000000000000e+03,7.524000000000000000e+03,7.568000000000000000e+03,7.612000000000000000e+03,7.656000000000000000e+03,7.700000000000000000e+03,7.744000000000000000e+03,7.788000000000000000e+03,7.832000000000000000e+03,7.876000000000000000e+03,7.920000000000000000e+03,7.964000000000000000e+03,8.008000000000000000e+03,8.052000000000000000e+03,8.096000000000000000e+03,8.140000000000000000e+03,8.184000000000000000e+03,8.228000000000000000e+03,8.272000000000000000e+03,8.316000000000000000e+03,8.360000000000000000e+03,8.404000000000000000e+03,8.448000000000000000e+03,8.492000000000000000e+03,8.536000000000000000e+03,8.580000000000000000e+03,8.624000000000000000e+03,8.668000000000000000e+03,8.712000000000000000e+03,8.756000000000000000e+03,8.800000000000000000e+03,8.844000000000000000e+03,8.888000000000000000e+03,8.932000000000000000e+03,8.976000000000000000e+03,9.020000000000000000e+03,9.064000000000000000e+03,9.108000000000000000e+03,9.152000000000000000e+03,9.196000000000000000e+03,9.240000000000000000e+03,9.284000000000000000e+03,9.328000000000000000e+03,9.372000000000000000e+03,9.416000000000000000e+03,9.460000000000000000e+03,9.504000000000000000e+03,9.548000000000000000e+03,9.592000000000000000e+03,9.636000000000000000e+03,9.680000000000000000e+03,9.724000000000000000e+03,9.768000000000000000e+03,9.812000000000000000e+03,9.856000000000000000e+03,9.900000000000000000e+03,9.944000000000000000e+03,9.988000000000000000e+03,1.003200000000000000e+04,1.007600000000000000e+04,1.012000000000000000e+04,1.016400000000000000e+04,1.020800000000000000e+04,1.025200000000000000e+04,1.029600000000000000e+04,1.034000000000000000e+04,1.038400000000000000e+04,1.042800000000000000e+04,1.047200000000000000e+04,1.051600000000000000e+04,1.056000000000000000e+04,1.060400000000000000e+04,1.064800000000000000e+04,1.069200000000000000e+04,1.073600000000000000e+04,1.078000000000000000e+04,1.082400000000000000e+04,1.086800000000000000e+04,1.091200000000000000e+04,1.095600000000000000e+04,1.100000000000000000e+04,1.104400000000000000e+04,1.108800000000000000e+04,1.113200000000000000e+04,1.117600000000000000e+04,1.122000000000000000e+04,1.126400000000000000e+04,1.130800000000000000e+04,1.135200000000000000e+04,1.139600000000000000e+04,1.144000000000000000e+04,1.148400000000000000e+04,1.152800000000000000e+04,1.157200000000000000e+04,1.161600000000000000e+04,1.166000000000000000e+04,1.170400000000000000e+04,1.174800000000000000e+04,1.179200000000000000e+04,1.183600000000000000e+04,1.188000000000000000e+04,1.192400000000000000e+04,1.196800000000000000e+04,1.201200000000000000e+04,1.205600000000000000e+04,1.210000000000000000e+04,1.214400000000000000e+04,1.218800000000000000e+04,1.223200000000000000e+04,1.227600000000000000e+04,1.232000000000000000e+04,1.236400000000000000e+04,1.240800000000000000e+04,1.245200000000000000e+04,1.249600000000000000e+04,1.254000000000000000e+04,1.258400000000000000e+04,1.262800000000000000e+04,1.267200000000000000e+04,1.271600000000000000e+04,1.276000000000000000e+04,1.280400000000000000e+04,1.284800000000000000e+04,1.289200000000000000e+04,1.293600000000000000e+04,1.298000000000000000e+04,1.302400000000000000e+04,1.306800000000000000e+04,1.311200000000000000e+04,1.315600000000000000e+04
0.000000000000000000e+00,4.500000000000000000e+01,9.000000000000000000e+01,1.350000000000000000e+02,1.800000000000000000e+02,2.250000000000000000e+02,2.700000000000000000e+02,3.150000000000000000e+02,3.600000000000000000e+02,4.050000000000000000e+02,4.500000000000000000e+02,4.950000000000000000e+02,5.400000000000000000e+02,5.850000000000000000e+02,6.300000000000000000e+02,6.750000000000000000e+02,7.200000000000000000e+02,7.650000000000000000e+02,8.100000000000000000e+02,8.550000000000000000e+02,9.000000000000000000e+02,9.450000000000000000e+02,9.900000000000000000e+02,1.035000000000000000e+03,1.080000000000000000e+03,1.125000000000000000e+03,1.170000000000000000e+03,1.215000000000000000e+03,1.260000000000000000e+03,1.305000000000000000e+03,1.350000000000000000e+03,1.395000000000000000e+03,1.440000000000000000e+03,1.485000000000000000e+03,1.530000000000000000e+03,1.575000000000000000e+03,1.620000000000000000e+03,1.665000000000000000e+03,1.710000000000000000e+03,1.755000000000000000e+03,1.800000000000000000e+03,1.845000000000000000e+03,1.890000000000000000e+03,1.935000000000000000e+03,1.980000000000000000e+03,2.025000000000000000e+03,2.070000000000000000e+03,2.115000000000000000e+03,2.160000000000000000e+03,2.205000000000000000e+03,2.250000000000000000e+03,2.295000000000000000e+03,2.340000000000000000e+03,2.385000000000000000e+03,2.430000000000000000e+03,2.475000000000000000e+03,2.520000000000000000e+03,2.565000000000000000e+03,2.610000000000000000e+03,2.655000000000000000e+03,2.700000000000000000e+03,2.745000000000000000e+03,2.790000000000000000e+03,2.835000000000000000e+03,2.880000000000000000e+03,2.925000000000000000e+03,2.970000000000000000e+03,3.015000000000000000e+03,3.060000000000000000e+03,3.105000000000000000e+03,3.150000000000000000e+03,3.195000000000000000e+03,3.240000000000000000e+03,3.285000000000000000e+03,3.330000000000000000e+03,3.375000000000000000e+03,3.420000000000000000e+03,3.465000000000000000e+03,3.510000000000000000e+03,3.555000000000000000e+03,3.600000000000000000e+03,3.645000000000000000e+03,3.690000000000000000e+03,3.735000000000000000e+03,3.780000000000000000e+03,3.825000000000000000e+03,3.870000000000000000e+03,3.915000000000000000e+03,3.960000000000000000e+03,4.005000000000000000e+03,4.050000000000000000e+03,4.095000000000000000e+03,4.140000000000000000e+03,4.185000000000000000e+03,4.230000000000000000e+03,4.275000000000000000e+03,4.320000000000000000e+03,4.365000000000000000e+03,4.410000000000000000e+03,4.455000000000000000e+03,4.500000000000000000e+03,4.545000000000000000e+03,4.590000000000000000e+03,4.635000000000000000e+03,4.680000000000000000e+03,4.725000000000000000e+03,4.770000000000000000e+03,4.815000000000000000e+03,4.860000000000000000e+03,4.905000000000000000e+03,4.950000000000000000e+03,4.995000000000000000e+03,5.040000000000000000e+03,5.085000000000000000e+03,5.130000000000000000e+03,5.175000000000000000e+03,5.220000000000000000e+03,5.265000000000000000e+03,5.310000000000000000e+03,5.355000000000000000e+03,5.400000000000000000e+03,5.445000000000000000e+03,5.490000000000000000e+03,5.535000000000000000e+03,5.580000000000000000e+03,5.625000000000000000e+03,5.670000000000000000e+03,5.715000000000000000e+03,5.760000000000000000e+03,5.805000000000000000e+03,5.850000000000000000e+03,5.895000000000000000e+03,5.940000000000000000e+03,5.985000000000000000e+03,6.030000000000000000e+03,6.075000000000000000e+03,6.120000000000000000e+03,6.165000000000000000e+03,6.210000000000000000e+03,6.255000000000000000e+03,6.300000000000000000e+03,6.345000000000000000e+03,6.390000000000000000e+03,6.435000000000000000e+03,6.480000000000000000e+03,6.525000000000000000e+03,6.570000000000000000e+03,6.615000000000000000e+03,6.660000000000000000e+03,6.705000000000000000e+03,6.750000000000000000e+03,6.795000000000000000e+03,6.840000000000000000e+03,6.885000000000000000e+03,6.930000000000000000e+03,6.975000000000000000e+03,7.020000000000000000e+03,7.065000000000000000e+03,7.110000000000000000e+03,7.155000000000000000e+03,7.200000000000000000e+03,7.245000000000000000e+03,7.290000000000000000e+03,7.335000000000000000e+03,7.380000000000000000e+03,7.425000000000000000e+03,7.470000000000000000e+03,7.515000000000000000e+03,7.560000000000000000e+03,7.605000000000000000e+03,7.650000000000000000e+03,7.695000000000000000e+03,7.740000000000000000e+03,7.785000000000000000e+03,7.830000000000000000e+03,7.875000000000000000e+03,7.920000000000000000e+03,7.965000000000000000e+03,8.010000000000000000e+03,8.055000000000000000e+03,8.100000000000000000e+03,8.145000000000000000e+03,8.190000000000000000e+03,8.235000000000000000e+03,8.280000000000000000e+03,8.325000000000000000e+03,8.370000000000000000e+03,8.415000000000000000e+03,8.460000000000000000e+03,8.505000000000000000e+03,8.550000000000000000e+03,8.595000000000000000e+03,8.640000000000000000e+03,8.685000000000000000e+03,8.730000000000000000e+03,8.775000000000000000e+03,8.820000000000000000e+03,8.865000000000000000e+03,8.910000000000000000e+03,8.955000000000000000e+03,9.000000000000000000e+03,9.045000000000000000e+03,9.090000000000000000e+03,9.135000000000000000e+03,9.180000000000000000e+03,9.225000000000000000e+03,9.270000000000000000e+03,9.315000000000000000e+03,9.360000000000000000e+03,9.405000000000000000e+03,9.450000000000000000e+03,9.495000000000000000e+03,9.540000000000000000e+03,9.585000000000000000e+03,9.630000000000000000e+03,9.675000000000000000e+03,9.720000000000000000e+03,9.765000000000000000e+03,9.810000000000000000e+03,9.855000000000000000e+03,9.900000000000000000e+03,9.945000000000000000e+03,9.990000000000000000e+03,1.003500000000000000e+04,1.008000000000000000e+04,1.012500000000000000e+04,1.017000000000000000e+04,1.021500000000000000e+04,1.026000000000000000e+04,1.030500000000000000e+04,1.035000000000000000e+04,1.039500000000000000e+04,1.044000000000000000e+04,1.048500000000000000e+04,1.053000000000000000e+04,1.057500000000000000e+04,1.062000000000000000e+04,1.066500000000000000e+04,1.071000000000000000e+04,1.075500000000000000e+04,1.080000000000000000e+04,1.084500000000000000e+04,1.089000000000000000e+04,1.093500000000000000e+04,1.098000000000000000e+04,1.102500000000000000e+04,1.107000000000000000e+04,1.111500000000000000e+04,1.116000000000000000e+04,1.120500000000000000e+04,1.125000000000000000e+04,1.129500000000000000e+04,1.134000000000000000e+04,1.138500000000000000e+04,1.143000000000000000e+04,1.147500000000000000e+04,1.152000000000000000e+04,1.156500000000000000e+04,1.161000000000000000e+04,1.165500000000000000e+04,1.170000000000000000e+04,1.174500000000000000e+04,1.179000000000000000e+04,1.183500000000000000e+04,1.188000000000000000e+04,1.192500000000000000e+04,1.197000000000000000e+04,1.201500000000000000e+04,1.206000000000000000e+04,1.210500000000000000e+04,1.215000000000000000e+04,1.219500000000000000e+04,1.224000000000000000e+04,1.228500000000000000e+04,1.233000000000000000e+04,1.237500000000000000e+04,1.242000000000000000e+04,1.246500000000000000e+04,1.251000000000000000e+04,1.255500000000000000e+04,1.260000000000000000e+04,1.264500000000000000e+04,1.269000000000000000e+04,1.273500000000000000e+04,1.278000000000000000e+04,1.282500000000000000e+04,1.287000000000000000e+04,1.291500000000000000e+04,1.296000000000000000e+04,1.300500000000000000e+04,1.305000000000000000e+04,1.309500000000000000e+04,1.314000000000000000e+04,1.318500000000000000e+04,1.323000000000000000e+04,1.327500000000000000e+04,1.332000000000000000e+04,1.336500000000000000e+04,1.341000000000000000e+04,1.345500000000000000e+04
0.000000000000000000e+00,4.600000000000000000e+01,9.200000000000000000e+01,1.380000000000000000e+02,1.840000000000000000e+02,2.300000000000000000e+02,2.760000000000000000e+02,3.220000000000000000e+02,3.680000000000000000e+02,4.140000000000000000e+02,4.600000000000000000e+02,5.060000000000000000e+02,5.520000000000000000e+02,5.980000000000000000e+02,6.440000000000000000e+02,6.900000000000000000e+02,7.360000000000000000e+02,7.820000000000000000e+02,8.280000000000000000e+02,8.740000000000000000e+02,9.200000000000000000e+02,9.660000000000000000e+02,1.012000000000000000e+03,1.058000000000000000e+03,1.104000000000000000e+03,1.150000000000000000e+03,1.196000000000000000e+03,1.242000000000000000e+03,1.288000000000000000e+03,1.334000000000000000e+03,1.380000000000000000e+03,1.426000000000000000e+03,1.472000000000000000e+03,1.518000000000000000e+03,1.564000000000000000e+03,1.610000000000000000e+03,1.656000000000000000e+03,1.702000000000000000e+03,1.748000000000000000e+03,1.794000000000000000e+03,1.840000000000000000e+03,1.886000000000000000e+03,1.932000000000000000e+03,1.978000000000000000e+03,2.024000000000000000e+03,2.070000000000000000e+03,2.116000000000000000e+03,2.162000000000000000e+03,2.208000000000000000e+03,2.254000000000000000e+03,2.300000000000000000e+03,2.346000000000000000e+03,2.392000000000000000e+03,2.438000000000000000e+03,2.484000000000000000e+03,2.530000000000000000e+03,2.576000000000000000e+03,2.622000000000000000e+03,2.668000000000000000e+03,2.714000000000000000e+03,2.760000000000000000e+03,2.806000000000000000e+03,2.852000000000000000e+03,2.898000000000000000e+03,2.944000000000000000e+03,2.990000000000000000e+03,3.036000000000000000e+03,3.082000000000000000e+03,3.128000000000000000e+03,3.174000000000000000e+03,3.220000000000000000e+03,3.266000000000000000e+03,3.312000000000000000e+03,3.358000000000000000e+03,3.404000000000000000e+03,3.450000000000000000e+03,3.496000000000000000e+03,3.542000000000000000e+03,3.588000000000000000e+03,3.634000000000000000e+03,3.680000000000000000e+03,3.726000000000000000e+03,3.772000000000000000e+03,3.818000000000000000e+03,3.864000000000000000e+03,3.910000000000000000e+03,3.956000000000000000e+03,4.002000000000000000e+03,4.048000000000000000e+03,4.094000000000000000e+03,4.140000000000000000e+03,4.186000000000000000e+03,4.232000000000000000e+03,4.278000000000000000e+03,4.324000000000000000e+03,4.370000000000000000e+03,4.416000000000000000e+03,4.462000000000000000e+03,4.508000000000000000e+03,4.554000000000000000e+03,4.600000000000000000e+03,4.646000000000000000e+03,4.692000000000000000e+03,4.738000000000000000e+03,4.784000000000000000e+03,4.830000000000000000e+03,4.876000000000000000e+03,4.922000000000000000e+03,4.968000000000000000e+03,5.014000000000000000e+03,5.060000000000000000e+03,5.106000000000000000e+03,5.152000000000000000e+03,5.198000000000000000e+03,5.244000000000000000e+03,5.290000000000000000e+03,5.336000000000000000e+03,5.382000000000000000e+03,5.428000000000000000e+03,5.474000000000000000e+03,5.520000000000000000e+03,5.566000000000000000e+03,5.612000000000000000e+03,5.658000000000000000e+03,5.704000000000000000e+03,5.750000000000000000e+03,5.796000000000000000e+03,5.842000000000000000e+03,5.888000000000000000e+03,5.934000000000000000e+03,5.980000000000000000e+03,6.026000000000000000e+03,6.072000000000000000e+03,6.118000000000000000e+03,6.164000000000000000e+03,6.210000000000000000e+03,6.256000000000000000e+03,6.302000000000000000e+03,6.348000000000000000e+03,6.394000000000000000e+03,6.440000000000000000e+03,6.486000000000000000e+03,6.532000000000000000e+03,6.578000000000000000e+03,6.624000000000000000e+03,6.670000000000000000e+03,6.716000000000000000e+03,6.762000000000000000e+03,6.808000000000000000e+03,6.854000000000000000e+03,6.900000000000000000e+03,6.946000000000000000e+03,6.992000000000000000e+03,7.038000000000000000e+03,7.084000000000000000e+03,7.130000000000000000e+03,7.176000000000000000e+03,7.222000000000000000e+03,7.268000000000000000e+03,7.314000000000000000e+03,7.360000000000000000e+03,7.406000000000000000e+03,7.452000000000000000e+03,7.498000000000000000e+03,7.544000000000000000e+03,7.590000000000000000e+03,7.636000000000000000e+03,7.682000000000000000e+03,7.728000000000000000e+03,7.774000000000000000e+03,7.820000000000000000e+03,7.866000000000000000e+03,7.912000000000000000e+03,7.958000000000000000e+03,8.004000000000000000e+03,8.050000000000000000e+03,8.096000000000000000e+03,8.142000000000000000e+03,8.188000000000000000e+03,8.234000000000000000e+03,8.280000000000000000e+03,8.326000000000000000e+03,8.372000000000000000e+03,8.418000000000000000e+03,8.464000000000000000e+03,8.510000000000000000e+03,8.556000000000000000e+03,8.602000000000000000e+03,8.648000000000000000e+03,8.694000000000000000e+03,8.740000000000000000e+03,8.786000000000000000e+03,8.832000000000000000e+03,8.878000000000000000e+03,8.924000000000000000e+03,8.970000000000000000e+03,9.016000000000000000e+03,9.062000000000000000e+03,9.108000000000000000e+03,9.154000000000000000e+03,9.200000000000000000e+03,9.246000000000000000e+03,9.292000000000000000e+03,9.338000000000000000e+03,9.384000000000000000e+03,9.430000000000000000e+03,9.476000000000000000e+03,9.522000000000000000e+03,9.568000000000000000e+03,9.614000000000000000e+03,9.660000000000000000e+03,9.706000000000000000e+03,9.752000000000000000e+03,9.798000000000000000e+03,9.844000000000000000e+03,9.890000000000000000e+03,9.936000000000000000e+03,9.982000000000000000e+03,1.002800000000000000e+04,1.007400000000000000e+04,1.012000000000000000e+04,1.016600000000000000e+04,1.021200000000000000e+04,1.025800000000000000e+04,1.030400000000000000e+04,1.035000000000000000e+04,1.039600000000000000e+04,1.044200000000000000e+04,1.048800000000000000e+04,1.053400000000000000e+04,1.058000000000000000e+04,1.062600000000000000e+04,1.067200000000000000e+04,1.071800000000000000e+04,1.076400000000000000e+04,1.081000000000000000e+04,1.085600000000000000e+04,1.090200000000000000e+04,1.094800000000000000e+04,1.099400000000000000e+04,1.104000000000000000e+04,1.108600000000000000e+04,1.113200000000000000e+04,1.117800000000000000e+04,1.122400000000000000e+04,1.127000000000000000e+04,1.131600000000000000e+04,1.136200000000000000e+04,1.140800000000000000e+04,1.145400000000000000e+04,1.150000000000000000e+04,1.154600000000000000e+04,1.159200000000000000e+04,1.163800000000000000e+04,1.168400000000000000e+04,1.173000000000000000e+04,1.177600000000000000e+04,1.182200000000000000e+04,1.186800000000000000e+04,1.191400000000000000e+04,1.196000000000000000e+04,1.200600000000000000e+04,1.205200000000000000e+04,1.209800000000000000e+04,1.214400000000000000e+04,1.219000000000000000e+04,1.223600000000000000e+04,1.228200000000000000e+04,1.232800000000000000e+04,1.237400000000000000e+04,1.242000000000000000e+04,1.246600000000000000e+04,1.251200000000000000e+04,1.255800000000000000e+04,1.260400000000000000e+04,1.265000000000000000e+04,1.269600000000000000e+04,1.274200000000000000e+04,1.278800000000000000e+04,1.283400000000000000e+04,1.288000000000000000e+04,1.292600000000000000e+04,1.297200000000000000e+04,1.301800000000000000e+04,1.306400000000000000e+04,1.311000000000000000e+04,1.315600000000000000e+04,1.320200000000000000e+04,1.324800000000000000e+04,1.329400000000000000e+04,1.334000000000000000e+04,1.338600000000000000e+04,1.343200000000000000e+04,1.347800000000000000e+04,1.352400000000000000e+04,1.357000000000000000e+04,1.361600000000000000e+04,1.366200000000000000e+04,1.370800000000000000e+04,1.375400000000000000e+04
0.000000000000000000e+00,4.700000000000000000e+01,9.400000000000000000e+01,1.410000000000000000e+02,1.880000000000000000e+02,2.350000000000000000e+02,2.820000000000000000e+02,3.290000000000000000e+02,3.760000000000000000e+02,4.230000000000000000e+02,4.700000000000000000e+02,5.170000000000000000e+02,5.640000000000000000e+02,6.110000000000000000e+02,6.580000000000000000e+02,7.050000000000000000e+02,7.520000000000000000e+02,7.990000000000000000e+02,8.460000000000000000e+02,8.930000000000000000e+02,9.400000000000000000e+02,9.870000000000000000e+02,1.034000000000000000e+03,1.081000000000000000e+03,1.128000000000000000e+03,1.175000000000000000e+03,1.222000000000000000e+03,1.269000000000000000e+03,1.316000000000000000e+03,1.363000000000000000e+03,1.410000000000000000e+03,1.457000000000000000e+03,1.504000000000000000e+03,1.551000000000000000e+03,1.598000000000000000e+03,1.645000000000000000e+03,1.692000000000000000e+03,1.739000000000000000e+03,1.786000000000000000e+03,1.833000000000000000e+03,1.880000000000000000e+03,1.927000000000000000e+03,1.974000000000000000e+03,2.021000000000000000e+03,2.068000000000000000e+03,2.115000000000000000e+03,2.162000000000000000e+03,2.209000000000000000e+03,2.256000000000000000e+03,2.303000000000000000e+03,2.350000000000000000e+03,2.397000000000000000e+03,2.444000000000000000e+03,2.491000000000000000e+03,2.538000000000000000e+03,2.585000000000000000e+03,2.632000000000000000e+03,2.679000000000000000e+03,2.726000000000000000e+03,2.773000000000000000e+03,2.820000000000000000e+03,2.867000000000000000e+03,2.914000000000000000e+03,2.961000000000000000e+03,3.008000000000000000e+03,3.055000000000000000e+03,3.102000000000000000e+03,3.149000000000000000e+03,3.196000000000000000e+03,3.243000000000000000e+03,3.290000000000000000e+03,3.337000000000000000e+03,3.384000000000000000e+03,3.431000000000000000e+03,3.478000000000000000e+03,3.525000000000000000e+03,3.572000000000000000e+03,3.619000000000000000e+03,3.666000000000000000e+03,3.713000000000000000e+03,3.760000000000000000e+03,3.807000000000000000e+03,3.854000000000000000e+03,3.901000000000000000e+03,3.948000000000000000e+03,3.995000000000000000e+03,4.042000000000000000e+03,4.089000000000000000e+03,4.136000000000000000e+03,4.183000000000000000e+03,4.230000000000000000e+03,4.277000000000000000e+03,4.324000000000000000e+03,4.371000000000000000e+03,4.418000000000000000e+03,4.465000000000000000e+03,4.512000000000000000e+03,4.559000000000000000e+03,4.606000000000000000e+03,4.653000000000000000e+03,4.700000000000000000e+03,4.747000000000000000e+03,4.794000000000000000e+03,4.841000000000000000e+03,4.888000000000000000e+03,4.935000000000000000e+03,4.982000000000000000e+03,5.029000000000000000e+03,5.076000000000000000e+03,5.123000000000000000e+03,5.170000000000000000e+03,5.217000000000000000e+03,5.264000000000000000e+03,5.311000000000000000e+03,5.358000000000000000e+03,5.405000000000000000e+03,5.452000000000000000e+03,5.499000000000000000e+03,5.546000000000000000e+03,5.593000000000000000e+03,5.640000000000000000e+03,5.687000000000000000e+03,5.734000000000000000e+03,5.781000000000000000e+03,5.828000000000000000e+03,5.875000000000000000e+03,5.922000000000000000e+03,5.969000000000000000e+03,6.016000000000000000e+03,6.063000000000000000e+03,6.110000000000000000e+03,6.157000000000000000e+03,6.204000000000000000e+03,6.251000000000000000e+03,6.298000000000000000e+03,6.345000000000000000e+03,6.392000000000000000e+03,6.439000000000000000e+03,6.486000000000000000e+03,6.533000000000000000e+03,6.580000000000000000e+03,6.627000000000000000e+03,6.674000000000000000e+03,6.721000000000000000e+03,6.768000000000000000e+03,6.815000000000000000e+03,6.862000000000000000e+03,6.909000000000000000e+03,6.956000000000000000e+03,7.003000000000000000e+03,7.050000000000000000e+03,7.097000000000000000e+03,7.144000000000000000e+03,7.191000000000000000e+03,7.238000000000000000e+03,7.285000000000000000e+03,7.332000000000000000e+03,7.379000000000000000e+03,7.426000000000000000e+03,7.473000000000000000e+03,7.520000000000000000e+03,7.567000000000000000e+03,7.614000000000000000e+03,7.661000000000000000e+03,7.708000000000000000e+03,7.755000000000000000e+03,7.802000000000000000e+03,7.849000000000000000e+03,7.896000000000000000e+03,7.943000000000000000e+03,7.990000000000000000e+03,8.037000000000000000e+03,8.084000000000000000e+03,8.131000000000000000e+03,8.178000000000000000e+03,8.225000000000000000e+03,8.272000000000000000e+03,8.319000000000000000e+03,8.366000000000000000e+03,8.413000000000000000e+03,8.460000000000000000e+03,8.507000000000000000e+03,8.554000000000000000e+03,8.601000000000000000e+03,8.648000000000000000e+03,8.695000000000000000e+03,8.742000000000000000e+03,8.789000000000000000e+03,8.836000000000000000e+03,8.883000000000000000e+03,8.930000000000000000e+03,8.977000000000000000e+03,9.024000000000000000e+03,9.071000000000000000e+03,9.118000000000000000e+03,9.165000000000000000e+03,9.212000000000000000e+03,9.259000000000000000e+03,9.306000000000000000e+03,9.353000000000000000e+03,9.400000000000000000e+03,9.447000000000000000e+03,9.494000000000000000e+03,9.541000000000000000e+03,9.588000000000000000e+03,9.635000000000000000e+03,9.682000000000000000e+03,9.729000000000000000e+03,9.776000000000000000e+03,9.823000000000000000e+03,9.870000000000000000e+03,9.917000000000000000e+03,9.964000000000000000e+03,1.001100000000000000e+04,1.005800000000000000e+04,1.010500000000000000e+04,1.015200000000000000e+04,1.019900000000000000e+04,1.024600000000000000e+04,1.029300000000000000e+04,1.034000000000000000e+04,1.038700000000000000e+04,1.043400000000000000e+04,1.048100000000000000e+04,1.052800000000000000e+04,1.057500000000000000e+04,1.062200000000000000e+04,1.066900000000000000e+04,1.071600000000000000e+04,1.076300000000000000e+04,1.081000000000000000e+04,1.085700000000000000e+04,1.090400000000000000e+04,1.095100000000000000e+04,1.099800000000000000e+04,1.104500000000000000e+04,1.109200000000000000e+04,1.113900000000000000e+04,1.118600000000000000e+04,1.123300000000000000e+04,1.128000000000000000e+04,1.132700000000000000e+04,1.137400000000000000e+04,1.142100000000000000e+04,1.146800000000000000e+04,1.151500000000000000e+04,1.156200000000000000e+04,1.160900000000000000e+04,1.165600000000000000e+04,1.170300000000000000e+04,1.175000000000000000e+04,1.179700000000000000e+04,1.184400000000000000e+04,1.189100000000000000e+04,1.193800000000000000e+04,1.198500000000000000e+04,1.203200000000000000e+04,1.207900000000000000e+04,1.212600000000000000e+04,1.217300000000000000e+04,1.222000000000000000e+04,1.226700000000000000e+04,1.231400000000000000e+04,1.236100000000000000e+04,1.240800000000000000e+04,1.245500000000000000e+04,1.250200000000000000e+04,1.254900000000000000e+04,1.259600000000000000e+04,1.264300000000000000e+04,1.269000000000000000e+04,1.273700000000000000e+04,1.278400000000000000e+04,1.283100000000000000e+04,1.287800000000000000e+04,1.292500000000000000e+04,1.297200000000000000e+04,1.301900000000000000e+04,1.306600000000000000e+04,1.311300000000000000e+04,1.316000000000000000e+04,1.320700000000000000e+04,1.325400000000000000e+04,1.330100000000000000e+04,1.334800000000000000e+04,1.339500000000000000e+04,1.344200000000000000e+04,1.348900000000000000e+04,1.353600000000000000e+04,1.358300000000000000e+04,1.363000000000000000e+04,1.367700000000000000e+04,1.372400000000000000e+04,1.377100000000000000e+04,1.381800000000000000e+04,1.386500000000000000e+04,1.391200000000000000e+04,1.395900000000000000e+04,1.400600000000000000e+04,1.405300000000000000e+04
0.000000000000000000e+00,4.800000000000000000e+01,9.600000000000000000e+01,1.440000000000000000e+02,1.920000000000000000e+02,2.400000000000000000e+02,2.880000000000000000e+02,3.360000000000000000e+02,3.840000000000000000e+02,4.320000000000000000e+02,4.800000000000000000e+02,5.280000000000000000e+02,5.760000000000000000e+02,6.240000000000000000e+02,6.720000000000000000e+02,7.200000000000000000e+02,7.680000000000000000e+02,8.160000000000000000e+02,8.640000000000000000e+02,9.120000000000000000e+02,9.600000000000000000e+02,1.008000000000000000e+03,1.056000000000000000e+03,1.104000000000000000e+03,1.152000000000000000e+03,1.200000000000000000e+03,1.248000000000000000e+03,1.296000000000000000e+03,1.344000000000000000e+03,1.392000000000000000e+03,1.440000000000000000e+03,1.488000000000000000e+03,1.536000000000000000e+03,1.584000000000000000e+03,1.632000000000000000e+03,1.680000000000000000e+03,1.728000000000000000e+03,1.776000000000000000e+03,1.824000000000000000e+03,1.872000000000000000e+03,1.920000000000000000e+03,1.968000000000000000e+03,2.016000000000000000e+03,2.064000000000000000e+03,2.112000000000000000e+03,2.160000000000000000e+03,2.208000000000000000e+03,2.256000000000000000e+03,2.304000000000000000e+03,2.352000000000000000e+03,2.400000000000000000e+03,2.448000000000000000e+03,2.496000000000000000e+03,2.544000000000000000e+03,2.592000000000000000e+03,2.640000000000000000e+03,2.688000000000000000e+03,2.736000000000000000e+03,2.784000000000000000e+03,2.832000000000000000e+03,2.880000000000000000e+03,2.928000000000000000e+03,2.976000000000000000e+03,3.024000000000000000e+03,3.072000000000000000e+03,3.120000000000000000e+03,3.168000000000000000e+03,3.216000000000000000e+03,3.264000000000000000e+03,3.312000000000000000e+03,3.360000000000000000e+03,3.408000000000000000e+03,3.456000000000000000e+03,3.504000000000000000e+03,3.552000000000000000e+03,3.600000000000000000e+03,3.648000000000000000e+03,3.696000000000000000e+03,3.744000000000000000e+03,3.792000000000000000e+03,3.840000000000000000e+03,3.888000000000000000e+03,3.936000000000000000e+03,3.984000000000000000e+03,4.032000000000000000e+03,4.080000000000000000e+03,4.128000000000000000e+03,4.176000000000000000e+03,4.224000000000000000e+03,4.272000000000000000e+03,4.320000000000000000e+03,4.368000000000000000e+03,4.416000000000000000e+03,4.464000000000000000e+03,4.512000000000000000e+03,4.560000000000000000e+03,4.608000000000000000e+03,4.656000000000000000e+03,4.704000000000000000e+03,4.752000000000000000e+03,4.800000000000000000e+03,4.848000000000000000e+03,4.896000000000000000e+03,4.944000000000000000e+03,4.992000000000000000e+03,5.040000000000000000e+03,5.088000000000000000e+03,5.136000000000000000e+03,5.184000000000000000e+03,5.232000000000000000e+03,5.280000000000000000e+03,5.328000000000000000e+03,5.376000000000000000e+03,5.424000000000000000e+03,5.472000000000000000e+03,5.520000000000000000e+03,5.568000000000000000e+03,5.616000000000000000e+03,5.664000000000000000e+03,5.712000000000000000e+03,5.760000000000000000e+03,5.808000000000000000e+03,5.856000000000000000e+03,5.904000000000000000e+03,5.952000000000000000e+03,6.000000000000000000e+03,6.048000000000000000e+03,6.096000000000000000e+03,6.144000000000000000e+03,6.192000000000000000e+03,6.240000000000000000e+03,6.288000000000000000e+03,6.336000000000000000e+03,6.384000000000000000e+03,6.432000000000000000e+03,6.480000000000000000e+03,6.528000000000000000e+03,6.576000000000000000e+03,6.624000000000000000e+03,6.672000000000000000e+03,6.720000000000000000e+03,6.768000000000000000e+03,6.816000000000000000e+03,6.864000000000000000e+03,6.912000000000000000e+03,6.960000000000000000e+03,7.008000000000000000e+03,7.056000000000000000e+03,7.104000000000000000e+03,7.152000000000000000e+03,7.200000000000000000e+03,7.248000000000000000e+03,7.296000000000000000e+03,7.344000000000000000e+03,7.392000000000000000e+03,7.440000000000000000e+03,7.488000000000000000e+03,7.536000000000000000e+03,7.584000000000000000e+03,7.632000000000000000e+03,7.680000000000000000e+03,7.728000000000000000e+03,7.776000000000000000e+03,7.824000000000000000e+03,7.872000000000000000e+03,7.920000000000000000e+03,7.968000000000000000e+03,8.016000000000000000e+03,8.064000000000000000e+03,8.112000000000000000e+03,8.160000000000000000e+03,8.208000000000000000e+03,8.256000000000000000e+03,8.304000000000000000e+03,8.352000000000000000e+03,8.400000000000000000e+03,8.448000000000000000e+03,8.496000000000000000e+03,8.544000000000000000e+03,8.592000000000000000e+03,8.640000000000000000e+03,8.688000000000000000e+03,8.736000000000000000e+03,8.784000000000000000e+03,8.832000000000000000e+03,8.880000000000000000e+03,8.928000000000000000e+03,8.976000000000000000e+03,9.024000000000000000e+03,9.072000000000000000e+03,9.120000000000000000e+03,9.168000000000000000e+03,9.216000000000000000e+03,9.264000000000000000e+03,9.312000000000000000e+03,9.360000000000000000e+03,9.408000000000000000e+03,9.456000000000000000e+03,9.504000000000000000e+03,9.552000000000000000e+03,9.600000000000000000e+03,9.648000000000000000e+03,9.696000000000000000e+03,9.744000000000000000e+03,9.792000000000000000e+03,9.840000000000000000e+03,9.888000000000000000e+03,9.936000000000000000e+03,9.984000000000000000e+03,1.003200000000000000e+04,1.008000000000000000e+04,1.012800000000000000e+04,1.017600000000000000e+04,1.022400000000000000e+04,1.027200000000000000e+04,1.032000000000000000e+04,1.036800000000000000e+04,1.041600000000000000e+04,1.046400000000000000e+04,1.051200000000000000e+04,1.056000000000000000e+04,1.060800000000000000e+04,1.065600000000000000e+04,1.070400000000000000e+04,1.075200000000000000e+04,1.080000000000000000e+04,1.084800000000000000e+04,1.089600000000000000e+04,1.094400000000000000e+04,1.099200000000000000e+04,1.104000000000000000e+04,1.108800000000000000e+04,1.113600000000000000e+04,1.118400000000000000e+04,1.123200000000000000e+04,1.128000000000000000e+04,1.132800000000000000e+04,1.137600000000000000e+04,1.142400000000000000e+04,1.147200000000000000e+04,1.152000000000000000e+04,1.156800000000000000e+04,1.161600000000000000e+04,1.166400000000000000e+04,1.171200000000000000e+04,1.176000000000000000e+04,1.180800000000000000e+04,1.185600000000000000e+04,1.190400000000000000e+04,1.195200000000000000e+04,1.200000000000000000e+04,1.204800000000000000e+04,1.209600000000000000e+04,1.214400000000000000e+04,1.219200000000000000e+04,1.224000000000000000e+04,1.228800000000000000e+04,1.233600000000000000e+04,1.238400000000000000e+04,1.243200000000000000e+04,1.248000000000000000e+04,1.252800000000000000e+04,1.257600000000000000e+04,1.262400000000000000e+04,1.267200000000000000e+04,1.272000000000000000e+04,1.276800000000000000e+04,1.281600000000000000e+04,1.286400000000000000e+04,1.291200000000000000e+04,1.296000000000000000e+04,1.300800000000000000e+04,1.305600000000000000e+04,1.310400000000000000e+04,1.315200000000000000e+04,1.320000000000000000e+04,1.324800000000000000e+04,1.329600000000000000e+04,1.334400000000000000e+04,1.339200000000000000e+04,1.344000000000000000e+04,1.348800000000000000e+04,1.353600000000000000e+04,1.358400000000000000e+04,1.363200000000000000e+04,1.368000000000000000e+04,1.372800000000000000e+04,1.377600000000000000e+04,1.382400000000000000e+04,1.387200000000000000e+04,1.392000000000000000e+04,1.396800000000000000e+04,1.401600000000000000e+04,1.406400000000000000e+04,1.411200000000000000e+04,1.416000000000000000e+04,1.420800000000000000e+04,1.425600000000000000e+04,1.430400000000000000e+04,1.435200000000000000e+04
0.000000000000000000e+00,4.900000000000000000e+01,9.800000000000000000e+01,1.470000000000000000e+02,1.960000000000000000e+02,2.450000000000000000e+02,2.940000000000000000e+02,3.430000000000000000e+02,3.920000000000000000e+02,4.410000000000000000e+02,4.900000000000000000e+02,5.390000000000000000e+02,5.880000000000000000e+02,6.370000000000000000e+02,6.860000000000000000e+02,7.350000000000000000e+02,7.840000000000000000e+02,8.330000000000000000e+02,8.820000000000000000e+02,9.310000000000000000e+02,9.800000000000000000e+02,1.029000000000000000e+03,1.078000000000000000e+03,1.127000000000000000e+03,1.176000000000000000e+03,1.225000000000000000e+03,1.274000000000000000e+03,1.323000000000000000e+03,1.372000000000000000e+03,1.421000000000000000e+03,1.470000000000000000e+03,1.519000000000000000e+03,1.568000000000000000e+03,1.617000000000000000e+03,1.666000000000000000e+03,1.715000000000000000e+03,1.764000000000000000e+03,1.813000000000000000e+03,1.862000000000000000e+03,1.911000000000000000e+03,1.960000000000000000e+03,2.009000000000000000e+03,2.058000000000000000e+03,2.107000000000000000e+03,2.156000000000000000e+03,2.205000000000000000e+03,2.254000000000000000e+03,2.303000000000000000e+03,2.352000000000000000e+03,2.401000000000000000e+03,2.450000000000000000e+03,2.499000000000000000e+03,2.548000000000000000e+03,2.597000000000000000e+03,2.646000000000000000e+03,2.695000000000000000e+03,2.744000000000000000e+03,2.793000000000000000e+03,2.842000000000000000e+03,2.891000000000000000e+03,2.940000000000000000e+03,2.989000000000000000e+03,3.038000000000000000e+03,3.087000000000000000e+03,3.136000000000000000e+03,3.185000000000000000e+03,3.234000000000000000e+03,3.283000000000000000e+03,3.332000000000000000e+03,3.381000000000000000e+03,3.430000000000000000e+03,3.479000000000000000e+03,3.528000000000000000e+03,3.577000000000000000e+03,3.626000000000000000e+03,3.675000000000000000e+03,3.724000000000000000e+03,3.773000000000000000e+03,3.822000000000000000e+03,3.871000000000000000e+03,3.920000000000000000e+03,3.969000000000000000e+03,4.018000000000000000e+03,4.067000000000000000e+03,4.116000000000000000e+03,4.165000000000000000e+03,4.214000000000000000e+03,4.263000000000000000e+03,4.312000000000000000e+03,4.361000000000000000e+03,4.410000000000000000e+03,4.459000000000000000e+03,4.508000000000000000e+03,4.557000000000000000e+03,4.606000000000000000e+03,4.655000000000000000e+03,4.704000000000000000e+03,4.753000000000000000e+03,4.802000000000000000e+03,4.851000000000000000e+03,4.900000000000000000e+03,4.949000000000000000e+03,4.998000000000000000e+03,5.047000000000000000e+03,5.096000000000000000e+03,5.145000000000000000e+03,5.194000000000000000e+03,5.243000000000000000e+03,5.292000000000000000e+03,5.341000000000000000e+03,5.390000000000000000e+03,5.439000000000000000e+03,5.488000000000000000e+03,5.537000000000000000e+03,5.586000000000000000e+03,5.635000000000000000e+03,5.684000000000000000e+03,5.733000000000000000e+03,5.782000000000000000e+03,5.831000000000000000e+03,5.880000000000000000e+03,5.929000000000000000e+03,5.978000000000000000e+03,6.027000000000000000e+03,6.076000000000000000e+03,6.125000000000000000e+03,6.174000000000000000e+03,6.223000000000000000e+03,6.272000000000000000e+03,6.321000000000000000e+03,6.370000000000000000e+03,6.419000000000000000e+03,6.468000000000000000e+03,6.517000000000000000e+03,6.566000000000000000e+03,6.615000000000000000e+03,6.664000000000000000e+03,6.713000000000000000e+03,6.762000000000000000e+03,6.811000000000000000e+03,6.860000000000000000e+03,6.909000000000000000e+03,6.958000000000000000e+03,7.007000000000000000e+03,7.056000000000000000e+03,7.105000000000000000e+03,7.154000000000000000e+03,7.203000000000000000e+03,7.252000000000000000e+03,7.301000000000000000e+03,7.350000000000000000e+03,7.399000000000000000e+03,7.448000000000000000e+03,7.497000000000000000e+03,7.546000000000000000e+03,7.595000000000000000e+03,7.644000000000000000e+03,7.693000000000000000e+03,7.742000000000000000e+03,7.791000000000000000e+03,7.840000000000000000e+03,7.889000000000000000e+03,7.938000000000000000e+03,7.987000000000000000e+03,8.036000000000000000e+03,8.085000000000000000e+03,8.134000000000000000e+03,8.183000000000000000e+03,8.232000000000000000e+03,8.281000000000000000e+03,8.330000000000000000e+03,8.379000000000000000e+03,8.428000000000000000e+03,8.477000000000000000e+03,8.526000000000000000e+03,8.575000000000000000e+03,8.624000000000000000e+03,8.673000000000000000e+03,8.722000000000000000e+03,8.771000000000000000e+03,8.820000000000000000e+03,8.869000000000000000e+03,8.918000000000000000e+03,8.967000000000000000e+03,9.016000000000000000e+03,9.065000000000000000e+03,9.114000000000000000e+03,9.163000000000000000e+03,9.212000000000000000e+03,9.261000000000000000e+03,9.310000000000000000e+03,9.359000000000000000e+03,9.408000000000000000e+03,9.457000000000000000e+03,9.506000000000000000e+03,9.555000000000000000e+03,9.604000000000000000e+03,9.653000000000000000e+03,9.702000000000000000e+03,9.751000000000000000e+03,9.800000000000000000e+03,9.849000000000000000e+03,9.898000000000000000e+03,9.947000000000000000e+03,9.996000000000000000e+03,1.004500000000000000e+04,1.009400000000000000e+04,1.014300000000000000e+04,1.019200000000000000e+04,1.024100000000000000e+04,1.029000000000000000e+04,1.033900000000000000e+04,1.038800000000000000e+04,1.043700000000000000e+04,1.048600000000000000e+04,1.053500000000000000e+04,1.058400000000000000e+04,1.063300000000000000e+04,1.068200000000000000e+04,1.073100000000000000e+04,1.078000000000000000e+04,1.082900000000000000e+04,1.087800000000000000e+04,1.092700000000000000e+04,1.097600000000000000e+04,1.102500000000000000e+04,1.107400000000000000e+04,1.112300000000000000e+04,1.117200000000000000e+04,1.122100000000000000e+04,1.127000000000000000e+04,1.131900000000000000e+04,1.136800000000000000e+04,1.141700000000000000e+04,1.146600000000000000e+04,1.151500000000000000e+04,1.156400000000000000e+04,1.161300000000000000e+04,1.166200000000000000e+04,1.171100000000000000e+04,1.176000000000000000e+04,1.180900000000000000e+04,1.185800000000000000e+04,1.190700000000000000e+04,1.195600000000000000e+04,1.200500000000000000e+04,1.205400000000000000e+04,1.210300000000000000e+04,1.215200000000000000e+04,1.220100000000000000e+04,1.225000000000000000e+04,1.229900000000000000e+04,1.234800000000000000e+04,1.239700000000000000e+04,1.244600000000000000e+04,1.249500000000000000e+04,1.254400000000000000e+04,1.259300000000000000e+04,1.264200000000000000e+04,1.269100000000000000e+04,1.274000000000000000e+04,1.278900000000000000e+04,1.283800000000000000e+04,1.288700000000000000e+04,1.293600000000000000e+04,1.298500000000000000e+04,1.303400000000000000e+04,1.308300000000000000e+04,1.313200000000000000e+04,1.318100000000000000e+04,1.323000000000000000e+04,1.327900000000000000e+04,1.332800000000000000e+04,1.337700000000000000e+04,1.342600000000000000e+04,1.347500000000000000e+04,1.352400000000000000e+04,1.357300000000000000e+04,1.362200000000000000e+04,1.367100000000000000e+04,1.372000000000000000e+04,1.376900000000000000e+04,1.381800000000000000e+04,1.386700000000000000e+04,1.391600000000000000e+04,1.396500000000000000e+04,1.401400000000000000e+04,1.406300000000000000e+04,1.411200000000000000e+04,1.416100000000000000e+04,1.421000000000000000e+04,1.425900000000000000e+04,1.430800000000000000e+04,1.435700000000000000e+04,1.440600000000000000e+04,1.445500000000000000e+04,1.450400000000000000e+04,1.455300000000000000e+04,1.460200000000000000e+04,1.465100000000000000e+04
0.000000000000000000e+00,5.000000000000000000e+01,1.000000000000000000e+02,1.500000000000000000e+02,2.000000000000000000e+02,2.500000000000000000e+02,3.000000000000000000e+02,3.500000000000000000e+02,4.000000000000000000e+02,4.500000000000000000e+02,5.000000000000000000e+02,5.500000000000000000e+02,6.000000000000000000e+02,6.500000000000000000e+02,7.000000000000000000e+02,7.500000000000000000e+02,8.000000000000000000e+02,8.500000000000000000e+02,9.000000000000000000e+02,9.500000000000000000e+02,1.000000000000000000e+03,1.050000000000000000e+03,1.100000000000000000e+03,1.150000000000000000e+03,1.200000000000000000e+03,1.250000000000000000e+03,1.300000000000000000e+03,1.350000000000000000e+03,1.400000000000000000e+03,1.450000000000000000e+03,1.500000000000000000e+03,1.550000000000000000e+03,1.600000000000000000e+03,1.650000000000000000e+03,1.700000000000000000e+03,1.750000000000000000e+03,1.800000000000000000e+03,1.850000000000000000e+03,1.900000000000000000e+03,1.950000000000000000e+03,2.000000000000000000e+03,2.050000000000000000e+03,2.100000000000000000e+03,2.150000000000000000e+03,2.200000000000000000e+03,2.250000000000000000e+03,2.300000000000000000e+03,2.350000000000000000e+03,2.400000000000000000e+03,2.450000000000000000e+03,2.500000000000000000e+03,2.550000000000000000e+03,2.600000000000000000e+03,2.650000000000000000e+03,2.700000000000000000e+03,2.750000000000000000e+03,2.800000000000000000e+03,2.850000000000000000e+03,2.900000000000000000e+03,2.950000000000000000e+03,3.000000000000000000e+03,3.050000000000000000e+03,3.100000000000000000e+03,3.150000000000000000e+03,3.200000000000000000e+03,3.250000000000000000e+03,3.300000000000000000e+03,3.350000000000000000e+03,3.400000000000000000e+03,3.450000000000000000e+03,3.500000000000000000e+03,3.550000000000000000e+03,3.600000000000000000e+03,3.650000000000000000e+03,3.700000000000000000e+03,3.750000000000000000e+03,3.800000000000000000e+03,3.850000000000000000e+03,3.900000000000000000e+03,3.950000000000000000e+03,4.000000000000000000e+03,4.050000000000000000e+03,4.100000000000000000e+03,4.150000000000000000e+03,4.200000000000000000e+03,4.250000000000000000e+03,4.300000000000000000e+03,4.350000000000000000e+03,4.400000000000000000e+03,4.450000000000000000e+03,4.500000000000000000e+03,4.550000000000000000e+03,4.600000000000000000e+03,4.650000000000000000e+03,4.700000000000000000e+03,4.750000000000000000e+03,4.800000000000000000e+03,4.850000000000000000e+03,4.900000000000000000e+03,4.950000000000000000e+03,5.000000000000000000e+03,5.050000000000000000e+03,5.100000000000000000e+03,5.150000000000000000e+03,5.200000000000000000e+03,5.250000000000000000e+03,5.300000000000000000e+03,5.350000000000000000e+03,5.400000000000000000e+03,5.450000000000000000e+03,5.500000000000000000e+03,5.550000000000000000e+03,5.600000000000000000e+03,5.650000000000000000e+03,5.700000000000000000e+03,5.750000000000000000e+03,5.800000000000000000e+03,5.850000000000000000e+03,5.900000000000000000e+03,5.950000000000000000e+03,6.000000000000000000e+03,6.050000000000000000e+03,6.100000000000000000e+03,6.150000000000000000e+03,6.200000000000000000e+03,6.250000000000000000e+03,6.300000000000000000e+03,6.350000000000000000e+03,6.400000000000000000e+03,6.450000000000000000e+03,6.500000000000000000e+03,6.550000000000000000e+03,6.600000000000000000e+03,6.650000000000000000e+03,6.700000000000000000e+03,6.750000000000000000e+03,6.800000000000000000e+03,6.850000000000000000e+03,6.900000000000000000e+03,6.950000000000000000e+03,7.000000000000000000e+03,7.050000000000000000e+03,7.100000000000000000e+03,7.150000000000000000e+03,7.200000000000000000e+03,7.250000000000000000e+03,7.300000000000000000e+03,7.350000000000000000e+03,7.400000000000000000e+03,7.450000000000000000e+03,7.500000000000000000e+03,7.550000000000000000e+03,7.600000000000000000e+03,7.650000000000000000e+03,7.700000000000000000e+03,7.750000000000000000e+03,7.800000000000000000e+03,7.850000000000000000e+03,7.900000000000000000e+03,7.950000000000000000e+03,8.000000000000000000e+03,8.050000000000000000e+03,8.100000000000000000e+03,8.150000000000000000e+03,8.200000000000000000e+03,8.250000000000000000e+03,8.300000000000000000e+03,8.350000000000000000e+03,8.400000000000000000e+03,8.450000000000000000e+03,8.500000000000000000e+03,8.550000000000000000e+03,8.600000000000000000e+03,8.650000000000000000e+03,8.700000000000000000e+03,8.750000000000000000e+03,8.800000000000000000e+03,8.850000000000000000e+03,8.900000000000000000e+03,8.950000000000000000e+03,9.000000000000000000e+03,9.050000000000000000e+03,9.100000000000000000e+03,9.150000000000000000e+03,9.200000000000000000e+03,9.250000000000000000e+03,9.300000000000000000e+03,9.350000000000000000e+03,9.400000000000000000e+03,9.450000000000000000e+03,9.500000000000000000e+03,9.550000000000000000e+03,9.600000000000000000e+03,9.650000000000000000e+03,9.700000000000000000e+03,9.750000000000000000e+03,9.800000000000000000e+03,9.850000000000000000e+03,9.900000000000000000e+03,9.950000000000000000e+03,1.000000000000000000e+04,1.005000000000000000e+04,1.010000000000000000e+04,1.015000000000000000e+04,1.020000000000000000e+04,1.025000000000000000e+04,1.030000000000000000e+04,1.035000000000000000e+04,1.040000000000000000e+04,1.045000000000000000e+04,1.050000000000000000e+04,1.055000000000000000e+04,1.060000000000000000e+04,1.065000000000000000e+04,1.070000000000000000e+04,1.075000000000000000e+04,1.080000000000000000e+04,1.085000000000000000e+04,1.090000000000000000e+04,1.095000000000000000e+04,1.100000000000000000e+04,1.105000000000000000e+04,1.110000000000000000e+04,1.115000000000000000e+04,1.120000000000000000e+04,1.125000000000000000e+04,1.130000000000000000e+04,1.135000000000000000e+04,1.140000000000000000e+04,1.145000000000000000e+04,1.150000000000000000e+04,1.155000000000000000e+04,1.160000000000000000e+04,1.165000000000000000e+04,1.170000000000000000e+04,1.175000000000000000e+04,1.180000000000000000e+04,1.185000000000000000e+04,1.190000000000000000e+04,1.195000000000000000e+04,1.200000000000000000e+04,1.205000000000000000e+04,1.210000000000000000e+04,1.215000000000000000e+04,1.220000000000000000e+04,1.225000000000000000e+04,1.230000000000000000e+04,1.235000000000000000e+04,1.240000000000000000e+04,1.245000000000000000e+04,1.250000000000000000e+04,1.255000000000000000e+04,1.260000000000000000e+04,1.265000000000000000e+04,1.270000000000000000e+04,1.275000000000000000e+04,1.280000000000000000e+04,1.285000000000000000e+04,1.290000000000000000e+04,1.295000000000000000e+04,1.300000000000000000e+04,1.305000000000000000e+04,1.310000000000000000e+04,1.315000000000000000e+04,1.320000000000000000e+04,1.325000000000000000e+04,1.330000000000000000e+04,1.335000000000000000e+04,1.340000000000000000e+04,1.345000000000000000e+04,1.350000000000000000e+04,1.355000000000000000e+04,1.360000000000000000e+04,1.365000000000000000e+04,1.370000000000000000e+04,1.375000000000000000e+04,1.380000000000000000e+04,1.385000000000000000e+04,1.390000000000000000e+04,1.395000000000000000e+04,1.400000000000000000e+04,1.405000000000000000e+04,1.410000000000000000e+04,1.415000000000000000e+04,1.420000000000000000e+04,1.425000000000000000e+04,1.430000000000000000e+04,1.435000000000000000e+04,1.440000000000000000e+04,1.445000000000000000e+04,1.450000000000000000e+04,1.455000000000000000e+04,1.460000000000000000e+04,1.465000000000000000e+04,1.470000000000000000e+04,1.475000000000000000e+04,1.480000000000000000e+04,1.485000000000000000e+04,1.490000000000000000e+04,1.495000000000000000e+04
0.000000000000000000e+00,5.100000000000000000e+01,1.020000000000000000e+02,1.530000000000000000e+02,2.040000000000000000e+02,2.550000000000000000e+02,3.060000000000000000e+02,3.570000000000000000e+02,4.080000000000000000e+02,4.590000000000000000e+02,5.100000000000000000e+02,5.610000000000000000e+02,6.120000000000000000e+02,6.630000000000000000e+02,7.140000000000000000e+02,7.650000000000000000e+02,8.160000000000000000e+02,8.670000000000000000e+02,9.180000000000000000e+02,9.690000000000000000e+02,1.020000000000000000e+03,1.071000000000000000e+03,1.122000000000000000e+03,1.173000000000000000e+03,1.224000000000000000e+03,1.275000000000000000e+03,1.326000000000000000e+03,1.377000000000000000e+03,1.428000000000000000e+03,1.479000000000000000e+03,1.530000000000000000e+03,1.581000000000000000e+03,1.632000000000000000e+03,1.683000000000000000e+03,1.734000000000000000e+03,1.785000000000000000e+03,1.836000000000000000e+03,1.887000000000000000e+03,1.938000000000000000e+03,1.989000000000000000e+03,2.040000000000000000e+03,2.091000000000000000e+03,2.142000000000000000e+03,2.193000000000000000e+03,2.244000000000000000e+03,2.295000000000000000e+03,2.346000000000000000e+03,2.397000000000000000e+03,2.448000000000000000e+03,2.499000000000000000e+03,2.550000000000000000e+03,2.601000000000000000e+03,2.652000000000000000e+03,2.703000000000000000e+03,2.754000000000000000e+03,2.805000000000000000e+03,2.856000000000000000e+03,2.907000000000000000e+03,2.958000000000000000e+03,3.009000000000000000e+03,3.060000000000000000e+03,3.111000000000000000e+03,3.162000000000000000e+03,3.213000000000000000e+03,3.264000000000000000e+03,3.315000000000000000e+03,3.366000000000000000e+03,3.417000000000000000e+03,3.468000000000000000e+03,3.519000000000000000e+03,3.570000000000000000e+03,3.621000000000000000e+03,3.672000000000000000e+03,3.723000000000000000e+03,3.774000000000000000e+03,3.825000000000000000e+03,3.876000000000000000e+03,3.927000000000000000e+03,3.978000000000000000e+03,4.029000000000000000e+03,4.080000000000000000e+03,4.131000000000000000e+03,4.182000000000000000e+03,4.233000000000000000e+03,4.284000000000000000e+03,4.335000000000000000e+03,4.386000000000000000e+03,4.437000000000000000e+03,4.488000000000000000e+03,4.539000000000000000e+03,4.590000000000000000e+03,4.641000000000000000e+03,4.692000000000000000e+03,4.743000000000000000e+03,4.794000000000000000e+03,4.845000000000000000e+03,4.896000000000000000e+03,4.947000000000000000e+03,4.998000000000000000e+03,5.049000000000000000e+03,5.100000000000000000e+03,5.151000000000000000e+03,5.202000000000000000e+03,5.253000000000000000e+03,5.304000000000000000e+03,5.355000000000000000e+03,5.406000000000000000e+03,5.457000000000000000e+03,5.508000000000000000e+03,5.559000000000000000e+03,5.610000000000000000e+03,5.661000000000000000e+03,5.712000000000000000e+03,5.763000000000000000e+03,5.814000000000000000e+03,5.865000000000000000e+03,5.916000000000000000e+03,5.967000000000000000e+03,6.018000000000000000e+03,6.069000000000000000e+03,6.120000000000000000e+03,6.171000000000000000e+03,6.222000000000000000e+03,6.273000000000000000e+03,6.324000000000000000e+03,6.375000000000000000e+03,6.426000000000000000e+03,6.477000000000000000e+03,6.528000000000000000e+03,6.579000000000000000e+03,6.630000000000000000e+03,6.681000000000000000e+03,6.732000000000000000e+03,6.783000000000000000e+03,6.834000000000000000e+03,6.885000000000000000e+03,6.936000000000000000e+03,6.987000000000000000e+03,7.038000000000000000e+03,7.089000000000000000e+03,7.140000000000000000e+03,7.191000000000000000e+03,7.242000000000000000e+03,7.293000000000000000e+03,7.344000000000000000e+03,7.395000000000000000e+03,7.446000000000000000e+03,7.497000000000000000e+03,7.548000000000000000e+03,7.599000000000000000e+03,7.650000000000000000e+03,7.701000000000000000e+03,7.752000000000000000e+03,7.803000000000000000e+03,7.854000000000000000e+03,7.905000000000000000e+03,7.956000000000000000e+03,8.007000000000000000e+03,8.058000000000000000e+03,8.109000000000000000e+03,8.160000000000000000e+03,8.211000000000000000e+03,8.262000000000000000e+03,8.313000000000000000e+03,8.364000000000000000e+03,8.415000000000000000e+03,8.466000000000000000e+03,8.517000000000000000e+03,8.568000000000000000e+03,8.619000000000000000e+03,8.670000000000000000e+03,8.721000000000000000e+03,8.772000000000000000e+03,8.823000000000000000e+03,8.874000000000000000e+03,8.925000000000000000e+03,8.976000000000000000e+03,9.027000000000000000e+03,9.078000000000000000e+03,9.129000000000000000e+03,9.180000000000000000e+03,9.231000000000000000e+03,9.282000000000000000e+03,9.333000000000000000e+03,9.384000000000000000e+03,9.435000000000000000e+03,9.486000000000000000e+03,9.537000000000000000e+03,9.588000000000000000e+03,9.639000000000000000e+03,9.690000000000000000e+03,9.741000000000000000e+03,9.792000000000000000e+03,9.843000000000000000e+03,9.894000000000000000e+03,9.945000000000000000e+03,9.996000000000000000e+03,1.004700000000000000e+04,1.009800000000000000e+04,1.014900000000000000e+04,1.020000000000000000e+04,1.025100000000000000e+04,1.030200000000000000e+04,1.035300000000000000e+04,1.040400000000000000e+04,1.045500000000000000e+04,1.050600000000000000e+04,1.055700000000000000e+04,1.060800000000000000e+04,1.065900000000000000e+04,1.071000000000000000e+04,1.076100000000000000e+04,1.081200000000000000e+04,1.086300000000000000e+04,1.091400000000000000e+04,1.096500000000000000e+04,1.101600000000000000e+04,1.106700000000000000e+04,1.111800000000000000e+04,1.116900000000000000e+04,1.122000000000000000e+04,1.127100000000000000e+04,1.132200000000000000e+04,1.137300000000000000e+04,1.142400000000000000e+04,1.147500000000000000e+04,1.152600000000000000e+04,1.157700000000000000e+04,1.162800000000000000e+04,1.167900000000000000e+04,1.173000000000000000e+04,1.178100000000000000e+04,1.183200000000000000e+04,1.188300000000000000e+04,1.193400000000000000e+04,1.198500000000000000e+04,1.203600000000000000e+04,1.208700000000000000e+04,1.213800000000000000e+04,1.218900000000000000e+04,1.224000000000000000e+04,1.229100000000000000e+04,1.234200000000000000e+04,1.239300000000000000e+04,1.244400000000000000e+04,1.249500000000000000e+04,1.254600000000000000e+04,1.259700000000000000e+04,1.264800000000000000e+04,1.269900000000000000e+04,1.275000000000000000e+04,1.280100000000000000e+04,1.285200000000000000e+04,1.290300000000000000e+04,1.295400000000000000e+04,1.300500000000000000e+04,1.305600000000000000e+04,1.310700000000000000e+04,1.315800000000000000e+04,1.320900000000000000e+04,1.326000000000000000e+04,1.331100000000000000e+04,1.336200000000000000e+04,1.341300000000000000e+04,1.346400000000000000e+04,1.351500000000000000e+04,1.356600000000000000e+04,1.361700000000000000e+04,1.366800000000000000e+04,1.371900000000000000e+04,1.377000000000000000e+04,1.382100000000000000e+04,1.387200000000000000e+04,1.392300000000000000e+04,1.397400000000000000e+04,1.402500000000000000e+04,1.407600000000000000e+04,1.412700000000000000e+04,1.417800000000000000e+04,1.422900000000000000e+04,1.428000000000000000e+04,1.433100000000000000e+04,1.438200000000000000e+04,1.443300000000000000e+04,1.448400000000000000e+04,1.453500000000000000e+04,1.458600000000000000e+04,1.463700000000000000e+04,1.468800000000000000e+04,1.473900000000000000e+04,1.479000000000000000e+04,1.484100000000000000e+04,1.489200000000000000e+04,1.494300000000000000e+04,1.499400000000000000e+04,1.504500000000000000e+04,1.509600000000000000e+04,1.514700000000000000e+04,1.519800000000000000e+04,1.524900000000000000e+04
0.000000000000000000e+00,5.200000000000000000e+01,1.040000000000000000e+02,1.560000000000000000e+02,2.080000000000000000e+02,2.600000000000000000e+02,3.120000000000000000e+02,3.640000000000000000e+02,4.160000000000000000e+02,4.680000000000000000e+02,5.200000000000000000e+02,5.720000000000000000e+02,6.240000000000000000e+02,6.760000000000000000e+02,7.280000000000000000e+02,7.800000000000000000e+02,8.320000000000000000e+02,8.840000000000000000e+02,9.360000000000000000e+02,9.880000000000000000e+02,1.040000000000000000e+03,1.092000000000000000e+03,1.144000000000000000e+03,1.196000000000000000e+03,1.248000000000000000e+03,1.300000000000000000e+03,1.352000000000000000e+03,1.404000000000000000e+03,1.456000000000000000e+03,1.508000000000000000e+03,1.560000000000000000e+03,1.612000000000000000e+03,1.664000000000000000e+03,1.716000000000000000e+03,1.768000000000000000e+03,1.820000000000000000e+03,1.872000000000000000e+03,1.924000000000000000e+03,1.976000000000000000e+03,2.028000000000000000e+03,2.080000000000000000e+03,2.132000000000000000e+03,2.184000000000000000e+03,2.236000000000000000e+03,2.288000000000000000e+03,2.340000000000000000e+03,2.392000000000000000e+03,2.444000000000000000e+03,2.496000000000000000e+03,2.548000000000000000e+03,2.600000000000000000e+03,2.652000000000000000e+03,2.704000000000000000e+03,2.756000000000000000e+03,2.808000000000000000e+03,2.860000000000000000e+03,2.912000000000000000e+03,2.964000000000000000e+03,3.016000000000000000e+03,3.068000000000000000e+03,3.120000000000000000e+03,3.172000000000000000e+03,3.224000000000000000e+03,3.276000000000000000e+03,3.328000000000000000e+03,3.380000000000000000e+03,3.432000000000000000e+03,3.484000000000000000e+03,3.536000000000000000e+03,3.588000000000000000e+03,3.640000000000000000e+03,3.692000000000000000e+03,3.744000000000000000e+03,3.796000000000000000e+03,3.848000000000000000e+03,3.900000000000000000e+03,3.952000000000000000e+03,4.004000000000000000e+03,4.056000000000000000e+03,4.108000000000000000e+03,4.160000000000000000e+03,4.212000000000000000e+03,4.264000000000000000e+03,4.316000000000000000e+03,4.368000000000000000e+03,4.420000000000000000e+03,4.472000000000000000e+03,4.524000000000000000e+03,4.576000000000000000e+03,4.628000000000000000e+03,4.680000000000000000e+03,4.732000000000000000e+03,4.784000000000000000e+03,4.836000000000000000e+03,4.888000000000000000e+03,4.940000000000000000e+03,4.992000000000000000e+03,5.044000000000000000e+03,5.096000000000000000e+03,5.148000000000000000e+03,5.200000000000000000e+03,5.252000000000000000e+03,5.304000000000000000e+03,5.356000000000000000e+03,5.408000000000000000e+03,5.460000000000000000e+03,5.512000000000000000e+03,5.564000000000000000e+03,5.616000000000000000e+03,5.668000000000000000e+03,5.720000000000000000e+03,5.772000000000000000e+03,5.824000000000000000e+03,5.876000000000000000e+03,5.928000000000000000e+03,5.980000000000000000e+03,6.032000000000000000e+03,6.084000000000000000e+03,6.136000000000000000e+03,6.188000000000000000e+03,6.240000000000000000e+03,6.292000000000000000e+03,6.344000000000000000e+03,6.396000000000000000e+03,6.448000000000000000e+03,6.500000000000000000e+03,6.552000000000000000e+03,6.604000000000000000e+03,6.656000000000000000e+03,6.708000000000000000e+03,6.760000000000000000e+03,6.812000000000000000e+03,6.864000000000000000e+03,6.916000000000000000e+03,6.968000000000000000e+03,7.020000000000000000e+03,7.072000000000000000e+03,7.124000000000000000e+03,7.176000000000000000e+03,7.228000000000000000e+03,7.280000000000000000e+03,7.332000000000000000e+03,7.384000000000000000e+03,7.436000000000000000e+03,7.488000000000000000e+03,7.540000000000000000e+03,7.592000000000000000e+03,7.644000000000000000e+03,7.696000000000000000e+03,7.748000000000000000e+03,7.800000000000000000e+03,7.852000000000000000e+03,7.904000000000000000e+03,7.956000000000000000e+03,8.008000000000000000e+03,8.060000000000000000e+03,8.112000000000000000e+03,8.164000000000000000e+03,8.216000000000000000e+03,8.268000000000000000e+03,8.320000000000000000e+03,8.372000000000000000e+03,8.424000000000000000e+03,8.476000000000000000e+03,8.528000000000000000e+03,8.580000000000000000e+03,8.632000000000000000e+03,8.684000000000000000e+03,8.736000000000000000e+03,8.788000000000000000e+03,8.840000000000000000e+03,8.892000000000000000e+03,8.944000000000000000e+03,8.996000000000000000e+03,9.048000000000000000e+03,9.100000000000000000e+03,9.152000000000000000e+03,9.204000000000000000e+03,9.256000000000000000e+03,9.308000000000000000e+03,9.360000000000000000e+03,9.412000000000000000e+03,9.464000000000000000e+03,9.516000000000000000e+03,9.568000000000000000e+03,9.620000000000000000e+03,9.672000000000000000e+03,9.724000000000000000e+03,9.776000000000000000e+03,9.828000000000000000e+03,9.880000000000000000e+03,9.932000000000000000e+03,9.984000000000000000e+03,1.003600000000000000e+04,1.008800000000000000e+04,1.014000000000000000e+04,1.019200000000000000e+04,1.024400000000000000e+04,1.029600000000000000e+04,1.034800000000000000e+04,1.040000000000000000e+04,1.045200000000000000e+04,1.050400000000000000e+04,1.055600000000000000e+04,1.060800000000000000e+04,1.066000000000000000e+04,1.071200000000000000e+04,1.076400000000000000e+04,1.081600000000000000e+04,1.086800000000000000e+04,1.092000000000000000e+04,1.097200000000000000e+04,1.102400000000000000e+04,1.107600000000000000e+04,1.112800000000000000e+04,1.118000000000000000e+04,1.123200000000000000e+04,1.128400000000000000e+04,1.133600000000000000e+04,1.138800000000000000e+04,1.144000000000000000e+04,1.149200000000000000e+04,1.154400000000000000e+04,1.159600000000000000e+04,1.164800000000000000e+04,1.170000000000000000e+04,1.175200000000000000e+04,1.180400000000000000e+04,1.185600000000000000e+04,1.190800000000000000e+04,1.196000000000000000e+04,1.201200000000000000e+04,1.206400000000000000e+04,1.211600000000000000e+04,1.216800000000000000e+04,1.222000000000000000e+04,1.227200000000000000e+04,1.232400000000000000e+04,1.237600000000000000e+04,1.242800000000000000e+04,1.248000000000000000e+04,1.253200000000000000e+04,1.258400000000000000e+04,1.263600000000000000e+04,1.268800000000000000e+04,1.274000000000000000e+04,1.279200000000000000e+04,1.284400000000000000e+04,1.289600000000000000e+04,1.294800000000000000e+04,1.300000000000000000e+04,1.305200000000000000e+04,1.310400000000000000e+04,1.315600000000000000e+04,1.320800000000000000e+04,1.326000000000000000e+04,1.331200000000000000e+04,1.336400000000000000e+04,1.341600000000000000e+04,1.346800000000000000e+04,1.352000000000000000e+04,1.357200000000000000e+04,1.362400000000000000e+04,1.367600000000000000e+04,1.372800000000000000e+04,1.378000000000000000e+04,1.383200000000000000e+04,1.388400000000000000e+04,1.393600000000000000e+04,1.398800000000000000e+04,1.404000000000000000e+04,1.409200000000000000e+04,1.414400000000000000e+04,1.419600000000000000e+04,1.424800000000000000e+04,1.430000000000000000e+04,1.435200000000000000e+04,1.440400000000000000e+04,1.445600000000000000e+04,1.450800000000000000e+04,1.456000000000000000e+04,1.461200000000000000e+04,1.466400000000000000e+04,1.471600000000000000e+04,1.476800000000000000e+04,1.482000000000000000e+04,1.487200000000000000e+04,1.492400000000000000e+04,1.497600000000000000e+04,1.502800000000000000e+04,1.508000000000000000e+04,1.513200000000000000e+04,1.518400000000000000e+04,1.523600000000000000e+04,1.528800000000000000e+04,1.534000000000000000e+04,1.539200000000000000e+04,1.544400000000000000e+04,1.549600000000000000e+04,1.554800000000000000e+04
0.000000000000000000e+00,5.300000000000000000e+01,1.060000000000000000e+02,1.590000000000000000e+02,2.120000000000000000e+02,2.650000000000000000e+02,3.180000000000000000e+02,3.710000000000000000e+02,4.240000000000000000e+02,4.770000000000000000e+02,5.300000000000000000e+02,5.830000000000000000e+02,6.360000000000000000e+02,6.890000000000000000e+02,7.420000000000000000e+02,7.950000000000000000e+02,8.480000000000000000e+02,9.010000000000000000e+02,9.540000000000000000e+02,1.007000000000000000e+03,1.060000000000000000e+03,1.113000000000000000e+03,1.166000000000000000e+03,1.219000000000000000e+03,1.272000000000000000e+03,1.325000000000000000e+03,1.378000000000000000e+03,1.431000000000000000e+03,1.484000000000000000e+03,1.537000000000000000e+03,1.590000000000000000e+03,1.643000000000000000e+03,1.696000000000000000e+03,1.749000000000000000e+03,1.802000000000000000e+03,1.855000000000000000e+03,1.908000000000000000e+03,1.961000000000000000e+03,2.014000000000000000e+03,2.067000000000000000e+03,2.120000000000000000e+03,2.173000000000000000e+03,2.226000000000000000e+03,2.279000000000000000e+03,2.332000000000000000e+03,2.385000000000000000e+03,2.438000000000000000e+03,2.491000000000000000e+03,2.544000000000000000e+03,2.597000000000000000e+03,2.650000000000000000e+03,2.703000000000000000e+03,2.756000000000000000e+03,2.809000000000000000e+03,2.862000000000000000e+03,2.915000000000000000e+03,2.968000000000000000e+03,3.021000000000000000e+03,3.074000000000000000e+03,3.127000000000000000e+03,3.180000000000000000e+03,3.233000000000000000e+03,3.286000000000000000e+03,3.339000000000000000e+03,3.392000000000000000e+03,3.445000000000000000e+03,3.498000000000000000e+03,3.551000000000000000e+03,3.604000000000000000e+03,3.657000000000000000e+03,3.710000000000000000e+03,3.763000000000000000e+03,3.816000000000000000e+03,3.869000000000000000e+03,3.922000000000000000e+03,3.975000000000000000e+03,4.028000000000000000e+03,4.081000000000000000e+03,4.134000000000000000e+03,4.187000000000000000e+03,4.240000000000000000e+03,4.293000000000000000e+03,4.346000000000000000e+03,4.399000000000000000e+03,4.452000000000000000e+03,4.505000000000000000e+03,4.558000000000000000e+03,4.611000000000000000e+03,4.664000000000000000e+03,4.717000000000000000e+03,4.770000000000000000e+03,4.823000000000000000e+03,4.876000000000000000e+03,4.929000000000000000e+03,4.982000000000000000e+03,5.035000000000000000e+03,5.088000000000000000e+03,5.141000000000000000e+03,5.194000000000000000e+03,5.247000000000000000e+03,5.300000000000000000e+03,5.353000000000000000e+03,5.406000000000000000e+03,5.459000000000000000e+03,5.512000000000000000e+03,5.565000000000000000e+03,5.618000000000000000e+03,5.671000000000000000e+03,5.724000000000000000e+03,5.777000000000000000e+03,5.830000000000000000e+03,5.883000000000000000e+03,5.936000000000000000e+03,5.989000000000000000e+03,6.042000000000000000e+03,6.095000000000000000e+03,6.148000000000000000e+03,6.201000000000000000e+03,6.254000000000000000e+03,6.307000000000000000e+03,6.360000000000000000e+03,6.413000000000000000e+03,6.466000000000000000e+03,6.519000000000000000e+03,6.572000000000000000e+03,6.625000000000000000e+03,6.678000000000000000e+03,6.731000000000000000e+03,6.784000000000000000e+03,6.837000000000000000e+03,6.890000000000000000e+03,6.943000000000000000e+03,6.996000000000000000e+03,7.049000000000000000e+03,7.102000000000000000e+03,7.155000000000000000e+03,7.208000000000000000e+03,7.261000000000000000e+03,7.314000000000000000e+03,7.367000000000000000e+03,7.420000000000000000e+03,7.473000000000000000e+03,7.526000000000000000e+03,7.579000000000000000e+03,7.632000000000000000e+03,7.685000000000000000e+03,7.738000000000000000e+03,7.791000000000000000e+03,7.844000000000000000e+03,7.897000000000000000e+03,7.950000000000000000e+03,8.003000000000000000e+03,8.056000000000000000e+03,8.109000000000000000e+03,8.162000000000000000e+03,8.215000000000000000e+03,8.268000000000000000e+03,8.321000000000000000e+03,8.374000000000000000e+03,8.427000000000000000e+03,8.480000000000000000e+03,8.533000000000000000e+03,8.586000000000000000e+03,8.639000000000000000e+03,8.692000000000000000e+03,8.745000000000000000e+03,8.798000000000000000e+03,8.851000000000000000e+03,8.904000000000000000e+03,8.957000000000000000e+03,9.010000000000000000e+03,9.063000000000000000e+03,9.116000000000000000e+03,9.169000000000000000e+03,9.222000000000000000e+03,9.275000000000000000e+03,9.328000000000000000e+03,9.381000000000000000e+03,9.434000000000000000e+03,9.487000000000000000e+03,9.540000000000000000e+03,9.593000000000000000e+03,9.646000000000000000e+03,9.699000000000000000e+03,9.752000000000000000e+03,9.805000000000000000e+03,9.858000000000000000e+03,9.911000000000000000e+03,9.964000000000000000e+03,1.001700000000000000e+04,1.007000000000000000e+04,1.012300000000000000e+04,1.017600000000000000e+04,1.022900000000000000e+04,1.028200000000000000e+04,1.033500000000000000e+04,1.038800000000000000e+04,1.044100000000000000e+04,1.049400000000000000e+04,1.054700000000000000e+04,1.060000000000000000e+04,1.065300000000000000e+04,1.070600000000000000e+04,1.075900000000000000e+04,1.081200000000000000e+04,1.086500000000000000e+04,1.091800000000000000e+04,1.097100000000000000e+04,1.102400000000000000e+04,1.107700000000000000e+04,1.113000000000000000e+04,1.118300000000000000e+04,1.123600000000000000e+04,1.128900000000000000e+04,1.134200000000000000e+04,1.139500000000000000e+04,1.144800000000000000e+04,1.150100000000000000e+04,1.155400000000000000e+04,1.160700000000000000e+04,1.166000000000000000e+04,1.171300000000000000e+04,1.176600000000000000e+04,1.181900000000000000e+04,1.187200000000000000e+04,1.192500000000000000e+04,1.197800000000000000e+04,1.203100000000000000e+04,1.208400000000000000e+04,1.213700000000000000e+04,1.219000000000000000e+04,1.224300000000000000e+04,1.229600000000000000e+04,1.234900000000000000e+04,1.240200000000000000e+04,1.245500000000000000e+04,1.250800000000000000e+04,1.256100000000000000e+04,1.261400000000000000e+04,1.266700000000000000e+04,1.272000000000000000e+04,1.277300000000000000e+04,1.282600000000000000e+04,1.287900000000000000e+04,1.293200000000000000e+04,1.298500000000000000e+04,1.303800000000000000e+04,1.309100000000000000e+04,1.314400000000000000e+04,1.319700000000000000e+04,1.325000000000000000e+04,1.330300000000000000e+04,1.335600000000000000e+04,1.340900000000000000e+04,1.346200000000000000e+04,1.351500000000000000e+04,1.356800000000000000e+04,1.362100000000000000e+04,1.367400000000000000e+04,1.372700000000000000e+04,1.378000000000000000e+04,1.383300000000000000e+04,1.388600000000000000e+04,1.393900000000000000e+04,1.399200000000000000e+04,1.404500000000000000e+04,1.409800000000000000e+04,1.415100000000000000e+04,1.420400000000000000e+04,1.425700000000000000e+04,1.431000000000000000e+04,1.436300000000000000e+04,1.441600000000000000e+04,1.446900000000000000e+04,1.452200000000000000e+04,1.457500000000000000e+04,1.462800000000000000e+04,1.468100000000000000e+04,1.473400000000000000e+04,1.478700000000000000e+04,1.484000000000000000e+04,1.489300000000000000e+04,1.494600000000000000e+04,1.499900000000000000e+04,1.505200000000000000e+04,1.510500000000000000e+04,1.515800000000000000e+04,1.521100000000000000e+04,1.526400000000000000e+04,1.531700000000000000e+04,1.537000000000000000e+04,1.542300000000000000e+04,1.547600000000000000e+04,1.552900000000000000e+04,1.558200000000000000e+04,1.563500000000000000e+04,1.568800000000000000e+04,1.574100000000000000e+04,1.579400000000000000e+04,1.584700000000000000e+04
0.000000000000000000e+00,5.400000000000000000e+01,1.080000000000000000e+02,1.620000000000000000e+02,2.160000000000000000e+02,2.700000000000000000e+02,3.240000000000000000e+02,3.780000000000000000e+02,4.320000000000000000e+02,4.860000000000000000e+02,5.400000000000000000e+02,5.940000000000000000e+02,6.480000000000000000e+02,7.020000000000000000e+02,7.560000000000000000e+02,8.100000000000000000e+02,8.640000000000000000e+02,9.180000000000000000e+02,9.720000000000000000e+02,1.026000000000000000e+03,1.080000000000000000e+03,1.134000000000000000e+03,1.188000000000000000e+03,1.242000000000000000e+03,1.296000000000000000e+03,1.350000000000000000e+03,1.404000000000000000e+03,1.458000000000000000e+03,1.512000000000000000e+03,1.566000000000000000e+03,1.620000000000000000e+03,1.674000000000000000e+03,1.728000000000000000e+03,1.782000000000000000e+03,1.836000000000000000e+03,1.890000000000000000e+03,1.944000000000000000e+03,1.998000000000000000e+03,2.052000000000000000e+03,2.106000000000000000e+03,2.160000000000000000e+03,2.214000000000000000e+03,2.268000000000000000e+03,2.322000000000000000e+03,2.376000000000000000e+03,2.430000000000000000e+03,2.484000000000000000e+03,2.538000000000000000e+03,2.592000000000000000e+03,2.646000000000000000e+03,2.700000000000000000e+03,2.754000000000000000e+03,2.808000000000000000e+03,2.862000000000000000e+03,2.916000000000000000e+03,2.970000000000000000e+03,3.024000000000000000e+03,3.078000000000000000e+03,3.132000000000000000e+03,3.186000000000000000e+03,3.240000000000000000e+03,3.294000000000000000e+03,3.348000000000000000e+03,3.402000000000000000e+03,3.456000000000000000e+03,3.510000000000000000e+03,3.564000000000000000e+03,3.618000000000000000e+03,3.672000000000000000e+03,3.726000000000000000e+03,3.780000000000000000e+03,3.834000000000000000e+03,3.888000000000000000e+03,3.942000000000000000e+03,3.996000000000000000e+03,4.050000000000000000e+03,4.104000000000000000e+03,4.158000000000000000e+03,4.212000000000000000e+03,4.266000000000000000e+03,4.320000000000000000e+03,4.374000000000000000e+03,4.428000000000000000e+03,4.482000000000000000e+03,4.536000000000000000e+03,4.590000000000000000e+03,4.644000000000000000e+03,4.698000000000000000e+03,4.752000000000000000e+03,4.806000000000000000e+03,4.860000000000000000e+03,4.914000000000000000e+03,4.968000000000000000e+03,5.022000000000000000e+03,5.076000000000000000e+03,5.130000000000000000e+03,5.184000000000000000e+03,5.238000000000000000e+03,5.292000000000000000e+03,5.346000000000000000e+03,5.400000000000000000e+03,5.454000000000000000e+03,5.508000000000000000e+03,5.562000000000000000e+03,5.616000000000000000e+03,5.670000000000000000e+03,5.724000000000000000e+03,5.778000000000000000e+03,5.832000000000000000e+03,5.886000000000000000e+03,5.940000000000000000e+03,5.994000000000000000e+03,6.048000000000000000e+03,6.102000000000000000e+03,6.156000000000000000e+03,6.210000000000000000e+03,6.264000000000000000e+03,6.318000000000000000e+03,6.372000000000000000e+03,6.426000000000000000e+03,6.480000000000000000e+03,6.534000000000000000e+03,6.588000000000000000e+03,6.642000000000000000e+03,6.696000000000000000e+03,6.750000000000000000e+03,6.804000000000000000e+03,6.858000000000000000e+03,6.912000000000000000e+03,6.966000000000000000e+03,7.020000000000000000e+03,7.074000000000000000e+03,7.128000000000000000e+03,7.182000000000000000e+03,7.236000000000000000e+03,7.290000000000000000e+03,7.344000000000000000e+03,7.398000000000000000e+03,7.452000000000000000e+03,7.506000000000000000e+03,7.560000000000000000e+03,7.614000000000000000e+03,7.668000000000000000e+03,7.722000000000000000e+03,7.776000000000000000e+03,7.830000000000000000e+03,7.884000000000000000e+03,7.938000000000000000e+03,7.992000000000000000e+03,8.046000000000000000e+03,8.100000000000000000e+03,8.154000000000000000e+03,8.208000000000000000e+03,8.262000000000000000e+03,8.316000000000000000e+03,8.370000000000000000e+03,8.424000000000000000e+03,8.478000000000000000e+03,8.532000000000000000e+03,8.586000000000000000e+03,8.640000000000000000e+03,8.694000000000000000e+03,8.748000000000000000e+03,8.802000000000000000e+03,8.856000000000000000e+03,8.910000000000000000e+03,8.964000000000000000e+03,9.018000000000000000e+03,9.072000000000000000e+03,9.126000000000000000e+03,9.180000000000000000e+03,9.234000000000000000e+03,9.288000000000000000e+03,9.342000000000000000e+03,9.396000000000000000e+03,9.450000000000000000e+03,9.504000000000000000e+03,9.558000000000000000e+03,9.612000000000000000e+03,9.666000000000000000e+03,9.720000000000000000e+03,9.774000000000000000e+03,9.828000000000000000e+03,9.882000000000000000e+03,9.936000000000000000e+03,9.990000000000000000e+03,1.004400000000000000e+04,1.009800000000000000e+04,1.015200000000000000e+04,1.020600000000000000e+04,1.026000000000000000e+04,1.031400000000000000e+04,1.036800000000000000e+04,1.042200000000000000e+04,1.047600000000000000e+04,1.053000000000000000e+04,1.058400000000000000e+04,1.063800000000000000e+04,1.069200000000000000e+04,1.074600000000000000e+04,1.080000000000000000e+04,1.085400000000000000e+04,1.090800000000000000e+04,1.096200000000000000e+04,1.101600000000000000e+04,1.107000000000000000e+04,1.112400000000000000e+04,1.117800000000000000e+04,1.123200000000000000e+04,1.128600000000000000e+04,1.134000000000000000e+04,1.139400000000000000e+04,1.144800000000000000e+04,1.150200000000000000e+04,1.155600000000000000e+04,1.161000000000000000e+04,1.166400000000000000e+04,1.171800000000000000e+04,1.177200000000000000e+04,1.182600000000000000e+04,1.188000000000000000e+04,1.193400000000000000e+04,1.198800000000000000e+04,1.204200000000000000e+04,1.209600000000000000e+04,1.215000000000000000e+04,1.220400000000000000e+04,1.225800000000000000e+04,1.231200000000000000e+04,1.236600000000000000e+04,1.242000000000000000e+04,1.247400000000000000e+04,1.252800000000000000e+04,1.258200000000000000e+04,1.263600000000000000e+04,1.269000000000000000e+04,1.274400000000000000e+04,1.279800000000000000e+04,1.285200000000000000e+04,1.290600000000000000e+04,1.296000000000000000e+04,1.301400000000000000e+04,1.306800000000000000e+04,1.312200000000000000e+04,1.317600000000000000e+04,1.323000000000000000e+04,1.328400000000000000e+04,1.333800000000000000e+04,1.339200000000000000e+04,1.344600000000000000e+04,1.350000000000000000e+04,1.355400000000000000e+04,1.360800000000000000e+04,1.366200000000000000e+04,1.371600000000000000e+04,1.377000000000000000e+04,1.382400000000000000e+04,1.387800000000000000e+04,1.393200000000000000e+04,1.398600000000000000e+04,1.404000000000000000e+04,1.409400000000000000e+04,1.414800000000000000e+04,1.420200000000000000e+04,1.425600000000000000e+04,1.431000000000000000e+04,1.436400000000000000e+04,1.441800000000000000e+04,1.447200000000000000e+04,1.452600000000000000e+04,1.458000000000000000e+04,1.463400000000000000e+04,1.468800000000000000e+04,1.474200000000000000e+04,1.479600000000000000e+04,1.485000000000000000e+04,1.490400000000000000e+04,1.495800000000000000e+04,1.501200000000000000e+04,1.506600000000000000e+04,1.512000000000000000e+04,1.517400000000000000e+04,1.522800000000000000e+04,1.528200000000000000e+04,1.533600000000000000e+04,1.539000000000000000e+04,1.544400000000000000e+04,1.549800000000000000e+04,1.555200000000000000e+04,1.560600000000000000e+04,1.566000000000000000e+04,1.571400000000000000e+04,1.576800000000000000e+04,1.582200000000000000e+04,1.587600000000000000e+04,1.593000000000000000e+04,1.598400000000000000e+04,1.603800000000000000e+04,1.609200000000000000e+04,1.614600000000000000e+04
0.000000000000000000e+00,5.500000000000000000e+01,1.100000000000000000e+02,1.650000000000000000e+02,2.200000000000000000e+02,2.750000000000000000e+02,3.300000000000000000e+02,3.850000000000000000e+02,4.400000000000000000e+02,4.950000000000000000e+02,5.500000000000000000e+02,6.050000000000000000e+02,6.600000000000000000e+02,7.150000000000000000e+02,7.700000000000000000e+02,8.250000000000000000e+02,8.800000000000000000e+02,9.350000000000000000e+02,9.900000000000000000e+02,1.045000000000000000e+03,1.100000000000000000e+03,1.155000000000000000e+03,1.210000000000000000e+03,1.265000000000000000e+03,1.320000000000000000e+03,1.375000000000000000e+03,1.430000000000000000e+03,1.485000000000000000e+03,1.540000000000000000e+03,1.595000000000000000e+03,1.650000000000000000e+03,1.705000000000000000e+03,1.760000000000000000e+03,1.815000000000000000e+03,1.870000000000000000e+03,1.925000000000000000e+03,1.980000000000000000e+03,2.035000000000000000e+03,2.090000000000000000e+03,2.145000000000000000e+03,2.200000000000000000e+03,2.255000000000000000e+03,2.310000000000000000e+03,2.365000000000000000e+03,2.420000000000000000e+03,2.475000000000000000e+03,2.530000000000000000e+03,2.585000000000000000e+03,2.640000000000000000e+03,2.695000000000000000e+03,2.750000000000000000e+03,2.805000000000000000e+03,2.860000000000000000e+03,2.915000000000000000e+03,2.970000000000000000e+03,3.025000000000000000e+03,3.080000000000000000e+03,3.135000000000000000e+03,3.190000000000000000e+03,3.245000000000000000e+03,3.300000000000000000e+03,3.355000000000000000e+03,3.410000000000000000e+03,3.465000000000000000e+03,3.520000000000000000e+03,3.575000000000000000e+03,3.630000000000000000e+03,3.685000000000000000e+03,3.740000000000000000e+03,3.795000000000000000e+03,3.850000000000000000e+03,3.905000000000000000e+03,3.960000000000000000e+03,4.015000000000000000e+03,4.070000000000000000e+03,4.125000000000000000e+03,4.180000000000000000e+03,4.235000000000000000e+03,4.290000000000000000e+03,4.345000000000000000e+03,4.400000000000000000e+03,4.455000000000000000e+03,4.510000000000000000e+03,4.565000000000000000e+03,4.620000000000000000e+03,4.675000000000000000e+03,4.730000000000000000e+03,4.785000000000000000e+03,4.840000000000000000e+03,4.895000000000000000e+03,4.950000000000000000e+03,5.005000000000000000e+03,5.060000000000000000e+03,5.115000000000000000e+03,5.170000000000000000e+03,5.225000000000000000e+03,5.280000000000000000e+03,5.335000000000000000e+03,5.390000000000000000e+03,5.445000000000000000e+03,5.500000000000000000e+03,5.555000000000000000e+03,5.610000000000000000e+03,5.665000000000000000e+03,5.720000000000000000e+03,5.775000000000000000e+03,5.830000000000000000e+03,5.885000000000000000e+03,5.940000000000000000e+03,5.995000000000000000e+03,6.050000000000000000e+03,6.105000000000000000e+03,6.160000000000000000e+03,6.215000000000000000e+03,6.270000000000000000e+03,6.325000000000000000e+03,6.380000000000000000e+03,6.435000000000000000e+03,6.490000000000000000e+03,6.545000000000000000e+03,6.600000000000000000e+03,6.655000000000000000e+03,6.710000000000000000e+03,6.765000000000000000e+03,6.820000000000000000e+03,6.875000000000000000e+03,6.930000000000000000e+03,6.985000000000000000e+03,7.040000000000000000e+03,7.095000000000000000e+03,7.150000000000000000e+03,7.205000000000000000e+03,7.260000000000000000e+03,7.315000000000000000e+03,7.370000000000000000e+03,7.425000000000000000e+03,7.480000000000000000e+03,7.535000000000000000e+03,7.590000000000000000e+03,7.645000000000000000e+03,7.700000000000000000e+03,7.755000000000000000e+03,7.810000000000000000e+03,7.865000000000000000e+03,7.920000000000000000e+03,7.975000000000000000e+03,8.030000000000000000e+03,8.085000000000000000e+03,8.140000000000000000e+03,8.195000000000000000e+03,8.250000000000000000e+03,8.305000000000000000e+03,8.360000000000000000e+03,8.415000000000000000e+03,8.470000000000000000e+03,8.525000000000000000e+03,8.580000000000000000e+03,8.635000000000000000e+03,8.690000000000000000e+03,8.745000000000000000e+03,8.800000000000000000e+03,8.855000000000000000e+03,8.910000000000000000e+03,8.965000000000000000e+03,9.020000000000000000e+03,9.075000000000000000e+03,9.130000000000000000e+03,9.185000000000000000e+03,9.240000000000000000e+03,9.295000000000000000e+03,9.350000000000000000e+03,9.405000000000000000e+03,9.460000000000000000e+03,9.515000000000000000e+03,9.570000000000000000e+03,9.625000000000000000e+03,9.680000000000000000e+03,9.735000000000000000e+03,9.790000000000000000e+03,9.845000000000000000e+03,9.900000000000000000e+03,9.955000000000000000e+03,1.001000000000000000e+04,1.006500000000000000e+04,1.012000000000000000e+04,1.017500000000000000e+04,1.023000000000000000e+04,1.028500000000000000e+04,1.034000000000000000e+04,1.039500000000000000e+04,1.045000000000000000e+04,1.050500000000000000e+04,1.056000000000000000e+04,1.061500000000000000e+04,1.067000000000000000e+04,1.072500000000000000e+04,1.078000000000000000e+04,1.083500000000000000e+04,1.089000000000000000e+04,1.094500000000000000e+04,1.100000000000000000e+04,1.105500000000000000e+04,1.111000000000000000e+04,1.116500000000000000e+04,1.122000000000000000e+04,1.127500000000000000e+04,1.133000000000000000e+04,1.138500000000000000e+04,1.144000000000000000e+04,1.149500000000000000e+04,1.155000000000000000e+04,1.160500000000000000e+04,1.166000000000000000e+04,1.171500000000000000e+04,1.177000000000000000e+04,1.182500000000000000e+04,1.188000000000000000e+04,1.193500000000000000e+04,1.199000000000000000e+04,1.204500000000000000e+04,1.210000000000000000e+04,1.215500000000000000e+04,1.221000000000000000e+04,1.226500000000000000e+04,1.232000000000000000e+04,1.237500000000000000e+04,1.243000000000000000e+04,1.248500000000000000e+04,1.254000000000000000e+04,1.259500000000000000e+04,1.265000000000000000e+04,1.270500000000000000e+04,1.276000000000000000e+04,1.281500000000000000e+04,1.287000000000000000e+04,1.292500000000000000e+04,1.298000000000000000e+04,1.303500000000000000e+04,1.309000000000000000e+04,1.314500000000000000e+04,1.320000000000000000e+04,1.325500000000000000e+04,1.331000000000000000e+04,1.336500000000000000e+04,1.342000000000000000e+04,1.347500000000000000e+04,1.353000000000000000e+04,1.358500000000000000e+04,1.364000000000000000e+04,1.369500000000000000e+04,1.375000000000000000e+04,1.380500000000000000e+04,1.386000000000000000e+04,1.391500000000000000e+04,1.397000000000000000e+04,1.402500000000000000e+04,1.408000000000000000e+04,1.413500000000000000e+04,1.419000000000000000e+04,1.424500000000000000e+04,1.430000000000000000e+04,1.435500000000000000e+04,1.441000000000000000e+04,1.446500000000000000e+04,1.452000000000000000e+04,1.457500000000000000e+04,1.463000000000000000e+04,1.468500000000000000e+04,1.474000000000000000e+04,1.479500000000000000e+04,1.485000000000000000e+04,1.490500000000000000e+04,1.496000000000000000e+04,1.501500000000000000e+04,1.507000000000000000e+04,1.512500000000000000e+04,1.518000000000000000e+04,1.523500000000000000e+04,1.529000000000000000e+04,1.534500000000000000e+04,1.540000000000000000e+04,1.545500000000000000e+04,1.551000000000000000e+04,1.556500000000000000e+04,1.562000000000000000e+04,1.567500000000000000e+04,1.573000000000000000e+04,1.578500000000000000e+04,1.584000000000000000e+04,1.589500000000000000e+04,1.595000000000000000e+04,1.600500000000000000e+04,1.606000000000000000e+04,1.611500000000000000e+04,1.617000000000000000e+04,1.622500000000000000e+04,1.628000000000000000e+04,1.633500000000000000e+04,1.639000000000000000e+04,1.644500000000000000e+04
0.000000000000000000e+00,5.600000000000000000e+01,1.120000000000000000e+02,1.680000000000000000e+02,2.240000000000000000e+02,2.800000000000000000e+02,3.360000000000000000e+02,3.920000000000000000e+02,4.480000000000000000e+02,5.040000000000000000e+02,5.600000000000000000e+02,6.160000000000000000e+02,6.720000000000000000e+02,7.280000000000000000e+02,7.840000000000000000e+02,8.400000000000000000e+02,8.960000000000000000e+02,9.520000000000000000e+02,1.008000000000000000e+03,1.064000000000000000e+03,1.120000000000000000e+03,1.176000000000000000e+03,1.232000000000000000e+03,1.288000000000000000e+03,1.344000000000000000e+03,1.400000000000000000e+03,1.456000000000000000e+03,1.512000000000000000e+03,1.568000000000000000e+03,1.624000000000000000e+03,1.680000000000000000e+03,1.736000000000000000e+03,1.792000000000000000e+03,1.848000000000000000e+03,1.904000000000000000e+03,1.960000000000000000e+03,2.016000000000000000e+03,2.072000000000000000e+03,2.128000000000000000e+03,2.184000000000000000e+03,2.240000000000000000e+03,2.296000000000000000e+03,2.352000000000000000e+03,2.408000000000000000e+03,2.464000000000000000e+03,2.520000000000000000e+03,2.576000000000000000e+03,2.632000000000000000e+03,2.688000000000000000e+03,2.744000000000000000e+03,2.800000000000000000e+03,2.856000000000000000e+03,2.912000000000000000e+03,2.968000000000000000e+03,3.024000000000000000e+03,3.080000000000000000e+03,3.136000000000000000e+03,3.192000000000000000e+03,3.248000000000000000e+03,3.304000000000000000e+03,3.360000000000000000e+03,3.416000000000000000e+03,3.472000000000000000e+03,3.528000000000000000e+03,3.584000000000000000e+03,3.640000000000000000e+03,3.696000000000000000e+03,3.752000000000000000e+03,3.808000000000000000e+03,3.864000000000000000e+03,3.920000000000000000e+03,3.976000000000000000e+03,4.032000000000000000e+03,4.088000000000000000e+03,4.144000000000000000e+03,4.200000000000000000e+03,4.256000000000000000e+03,4.312000000000000000e+03,4.368000000000000000e+03,4.424000000000000000e+03,4.480000000000000000e+03,4.536000000000000000e+03,4.592000000000000000e+03,4.648000000000000000e+03,4.704000000000000000e+03,4.760000000000000000e+03,4.816000000000000000e+03,4.872000000000000000e+03,4.928000000000000000e+03,4.984000000000000000e+03,5.040000000000000000e+03,5.096000000000000000e+03,5.152000000000000000e+03,5.208000000000000000e+03,5.264000000000000000e+03,5.320000000000000000e+03,5.376000000000000000e+03,5.432000000000000000e+03,5.488000000000000000e+03,5.544000000000000000e+03,5.600000000000000000e+03,5.656000000000000000e+03,5.712000000000000000e+03,5.768000000000000000e+03,5.824000000000000000e+03,5.880000000000000000e+03,5.936000000000000000e+03,5.992000000000000000e+03,6.048000000000000000e+03,6.104000000000000000e+03,6.160000000000000000e+03,6.216000000000000000e+03,6.272000000000000000e+03,6.328000000000000000e+03,6.384000000000000000e+03,6.440000000000000000e+03,6.496000000000000000e+03,6.552000000000000000e+03,6.608000000000000000e+03,6.664000000000000000e+03,6.720000000000000000e+03,6.776000000000000000e+03,6.832000000000000000e+03,6.888000000000000000e+03,6.944000000000000000e+03,7.000000000000000000e+03,7.056000000000000000e+03,7.112000000000000000e+03,7.168000000000000000e+03,7.224000000000000000e+03,7.280000000000000000e+03,7.336000000000000000e+03,7.392000000000000000e+03,7.448000000000000000e+03,7.504000000000000000e+03,7.560000000000000000e+03,7.616000000000000000e+03,7.672000000000000000e+03,7.728000000000000000e+03,7.784000000000000000e+03,7.840000000000000000e+03,7.896000000000000000e+03,7.952000000000000000e+03,8.008000000000000000e+03,8.064000000000000000e+03,8.120000000000000000e+03,8.176000000000000000e+03,8.232000000000000000e+03,8.288000000000000000e+03,8.344000000000000000e+03,8.400000000000000000e+03,8.456000000000000000e+03,8.512000000000000000e+03,8.568000000000000000e+03,8.624000000000000000e+03,8.680000000000000000e+03,8.736000000000000000e+03,8.792000000000000000e+03,8.848000000000000000e+03,8.904000000000000000e+03,8.960000000000000000e+03,9.016000000000000000e+03,9.072000000000000000e+03,9.128000000000000000e+03,9.184000000000000000e+03,9.240000000000000000e+03,9.296000000000000000e+03,9.352000000000000000e+03,9.408000000000000000e+03,9.464000000000000000e+03,9.520000000000000000e+03,9.576000000000000000e+03,9.632000000000000000e+03,9.688000000000000000e+03,9.744000000000000000e+03,9.800000000000000000e+03,9.856000000000000000e+03,9.912000000000000000e+03,9.968000000000000000e+03,1.002400000000000000e+04,1.008000000000000000e+04,1.013600000000000000e+04,1.019200000000000000e+04,1.024800000000000000e+04,1.030400000000000000e+04,1.036000000000000000e+04,1.041600000000000000e+04,1.047200000000000000e+04,1.052800000000000000e+04,1.058400000000000000e+04,1.064000000000000000e+04,1.069600000000000000e+04,1.075200000000000000e+04,1.080800000000000000e+04,1.086400000000000000e+04,1.092000000000000000e+04,1.097600000000000000e+04,1.103200000000000000e+04,1.108800000000000000e+04,1.114400000000000000e+04,1.120000000000000000e+04,1.125600000000000000e+04,1.131200000000000000e+04,1.136800000000000000e+04,1.142400000000000000e+04,1.148000000000000000e+04,1.153600000000000000e+04,1.159200000000000000e+04,1.164800000000000000e+04,1.170400000000000000e+04,1.176000000000000000e+04,1.181600000000000000e+04,1.187200000000000000e+04,1.192800000000000000e+04,1.198400000000000000e+04,1.204000000000000000e+04,1.209600000000000000e+04,1.215200000000000000e+04,1.220800000000000000e+04,1.226400000000000000e+04,1.232000000000000000e+04,1.237600000000000000e+04,1.243200000000000000e+04,1.248800000000000000e+04,1.254400000000000000e+04,1.260000000000000000e+04,1.265600000000000000e+04,1.271200000000000000e+04,1.276800000000000000e+04,1.282400000000000000e+04,1.288000000000000000e+04,1.293600000000000000e+04,1.299200000000000000e+04,1.304800000000000000e+04,1.310400000000000000e+04,1.316000000000000000e+04,1.321600000000000000e+04,1.327200000000000000e+04,1.332800000000000000e+04,1.338400000000000000e+04,1.344000000000000000e+04,1.349600000000000000e+04,1.355200000000000000e+04,1.360800000000000000e+04,1.366400000000000000e+04,1.372000000000000000e+04,1.377600000000000000e+04,1.383200000000000000e+04,1.388800000000000000e+04,1.394400000000000000e+04,1.400000000000000000e+04,1.405600000000000000e+04,1.411200000000000000e+04,1.416800000000000000e+04,1.422400000000000000e+04,1.428000000000000000e+04,1.433600000000000000e+04,1.439200000000000000e+04,1.444800000000000000e+04,1.450400000000000000e+04,1.456000000000000000e+04,1.461600000000000000e+04,1.467200000000000000e+04,1.472800000000000000e+04,1.478400000000000000e+04,1.484000000000000000e+04,1.489600000000000000e+04,1.495200000000000000e+04,1.500800000000000000e+04,1.506400000000000000e+04,1.512000000000000000e+04,1.517600000000000000e+04,1.523200000000000000e+04,1.528800000000000000e+04,1.534400000000000000e+04,1.540000000000000000e+04,1.545600000000000000e+04,1.551200000000000000e+04,1.556800000000000000e+04,1.562400000000000000e+04,1.568000000000000000e+04,1.573600000000000000e+04,1.579200000000000000e+04,1.584800000000000000e+04,1.590400000000000000e+04,1.596000000000000000e+04,1.601600000000000000e+04,1.607200000000000000e+04,1.612800000000000000e+04,1.618400000000000000e+04,1.624000000000000000e+04,1.629600000000000000e+04,1.635200000000000000e+04,1.640800000000000000e+04,1.646400000000000000e+04,1.652000000000000000e+04,1.657600000000000000e+04,1.663200000000000000e+04,1.668800000000000000e+04,1.674400000000000000e+04
0.000000000000000000e+00,5.700000000000000000e+01,1.140000000000000000e+02,1.710000000000000000e+02,2.280000000000000000e+02,2.850000000000000000e+02,3.420000000000000000e+02,3.990000000000000000e+02,4.560000000000000000e+02,5.130000000000000000e+02,5.700000000000000000e+02,6.270000000000000000e+02,6.840000000000000000e+02,7.410000000000000000e+02,7.980000000000000000e+02,8.550000000000000000e+02,9.120000000000000000e+02,9.690000000000000000e+02,1.026000000000000000e+03,1.083000000000000000e+03,1.140000000000000000e+03,1.197000000000000000e+03,1.254000000000000000e+03,1.311000000000000000e+03,1.368000000000000000e+03,1.425000000000000000e+03,1.482000000000000000e+03,1.539000000000000000e+03,1.596000000000000000e+03,1.653000000000000000e+03,1.710000000000000000e+03,1.767000000000000000e+03,1.824000000000000000e+03,1.881000000000000000e+03,1.938000000000000000e+03,1.995000000000000000e+03,2.052000000000000000e+03,2.109000000000000000e+03,2.166000000000000000e+03,2.223000000000000000e+03,2.280000000000000000e+03,2.337000000000000000e+03,2.394000000000000000e+03,2.451000000000000000e+03,2.508000000000000000e+03,2.565000000000000000e+03,2.622000000000000000e+03,2.679000000000000000e+03,2.736000000000000000e+03,2.793000000000000000e+03,2.850000000000000000e+03,2.907000000000000000e+03,2.964000000000000000e+03,3.021000000000000000e+03,3.078000000000000000e+03,3.135000000000000000e+03,3.192000000000000000e+03,3.249000000000000000e+03,3.306000000000000000e+03,3.363000000000000000e+03,3.420000000000000000e+03,3.477000000000000000e+03,3.534000000000000000e+03,3.591000000000000000e+03,3.648000000000000000e+03,3.705000000000000000e+03,3.762000000000000000e+03,3.819000000000000000e+03,3.876000000000000000e+03,3.933000000000000000e+03,3.990000000000000000e+03,4.047000000000000000e+03,4.104000000000000000e+03,4.161000000000000000e+03,4.218000000000000000e+03,4.275000000000000000e+03,4.332000000000000000e+03,4.389000000000000000e+03,4.446000000000000000e+03,4.503000000000000000e+03,4.560000000000000000e+03,4.617000000000000000e+03,4.674000000000000000e+03,4.731000000000000000e+03,4.788000000000000000e+03,4.845000000000000000e+03,4.902000000000000000e+03,4.959000000000000000e+03,5.016000000000000000e+03,5.073000000000000000e+03,5.130000000000000000e+03,5.187000000000000000e+03,5.244000000000000000e+03,5.301000000000000000e+03,5.358000000000000000e+03,5.415000000000000000e+03,5.472000000000000000e+03,5.529000000000000000e+03,5.586000000000000000e+03,5.643000000000000000e+03,5.700000000000000000e+03,5.757000000000000000e+03,5.814000000000000000e+03,5.871000000000000000e+03,5.928000000000000000e+03,5.985000000000000000e+03,6.042000000000000000e+03,6.099000000000000000e+03,6.156000000000000000e+03,6.213000000000000000e+03,6.270000000000000000e+03,6.327000000000000000e+03,6.384000000000000000e+03,6.441000000000000000e+03,6.498000000000000000e+03,6.555000000000000000e+03,6.612000000000000000e+03,6.669000000000000000e+03,6.726000000000000000e+03,6.783000000000000000e+03,6.840000000000000000e+03,6.897000000000000000e+03,6.954000000000000000e+03,7.011000000000000000e+03,7.068000000000000000e+03,7.125000000000000000e+03,7.182000000000000000e+03,7.239000000000000000e+03,7.296000000000000000e+03,7.353000000000000000e+03,7.410000000000000000e+03,7.467000000000000000e+03,7.524000000000000000e+03,7.581000000000000000e+03,7.638000000000000000e+03,7.695000000000000000e+03,7.752000000000000000e+03,7.809000000000000000e+03,7.866000000000000000e+03,7.923000000000000000e+03,7.980000000000000000e+03,8.037000000000000000e+03,8.094000000000000000e+03,8.151000000000000000e+03,8.208000000000000000e+03,8.265000000000000000e+03,8.322000000000000000e+03,8.379000000000000000e+03,8.436000000000000000e+03,8.493000000000000000e+03,8.550000000000000000e+03,8.607000000000000000e+03,8.664000000000000000e+03,8.721000000000000000e+03,8.778000000000000000e+03,8.835000000000000000e+03,8.892000000000000000e+03,8.949000000000000000e+03,9.006000000000000000e+03,9.063000000000000000e+03,9.120000000000000000e+03,9.177000000000000000e+03,9.234000000000000000e+03,9.291000000000000000e+03,9.348000000000000000e+03,9.405000000000000000e+03,9.462000000000000000e+03,9.519000000000000000e+03,9.576000000000000000e+03,9.633000000000000000e+03,9.690000000000000000e+03,9.747000000000000000e+03,9.804000000000000000e+03,9.861000000000000000e+03,9.918000000000000000e+03,9.975000000000000000e+03,1.003200000000000000e+04,1.008900000000000000e+04,1.014600000000000000e+04,1.020300000000000000e+04,1.026000000000000000e+04,1.031700000000000000e+04,1.037400000000000000e+04,1.043100000000000000e+04,1.048800000000000000e+04,1.054500000000000000e+04,1.060200000000000000e+04,1.065900000000000000e+04,1.071600000000000000e+04,1.077300000000000000e+04,1.083000000000000000e+04,1.088700000000000000e+04,1.094400000000000000e+04,1.100100000000000000e+04,1.105800000000000000e+04,1.111500000000000000e+04,1.117200000000000000e+04,1.122900000000000000e+04,1.128600000000000000e+04,1.134300000000000000e+04,1.140000000000000000e+04,1.145700000000000000e+04,1.151400000000000000e+04,1.157100000000000000e+04,1.162800000000000000e+04,1.168500000000000000e+04,1.174200000000000000e+04,1.179900000000000000e+04,1.185600000000000000e+04,1.191300000000000000e+04,1.197000000000000000e+04,1.202700000000000000e+04,1.208400000000000000e+04,1.214100000000000000e+04,1.219800000000000000e+04,1.225500000000000000e+04,1.231200000000000000e+04,1.236900000000000000e+04,1.242600000000000000e+04,1.248300000000000000e+04,1.254000000000000000e+04,1.259700000000000000e+04,1.265400000000000000e+04,1.271100000000000000e+04,1.276800000000000000e+04,1.282500000000000000e+04,1.288200000000000000e+04,1.293900000000000000e+04,1.299600000000000000e+04,1.305300000000000000e+04,1.311000000000000000e+04,1.316700000000000000e+04,1.322400000000000000e+04,1.328100000000000000e+04,1.333800000000000000e+04,1.339500000000000000e+04,1.345200000000000000e+04,1.350900000000000000e+04,1.356600000000000000e+04,1.362300000000000000e+04,1.368000000000000000e+04,1.373700000000000000e+04,1.379400000000000000e+04,1.385100000000000000e+04,1.390800000000000000e+04,1.396500000000000000e+04,1.402200000000000000e+04,1.407900000000000000e+04,1.413600000000000000e+04,1.419300000000000000e+04,1.425000000000000000e+04,1.430700000000000000e+04,1.436400000000000000e+04,1.442100000000000000e+04,1.447800000000000000e+04,1.453500000000000000e+04,1.459200000000000000e+04,1.464900000000000000e+04,1.470600000000000000e+04,1.476300000000000000e+04,1.482000000000000000e+04,1.487700000000000000e+04,1.493400000000000000e+04,1.499100000000000000e+04,1.504800000000000000e+04,1.510500000000000000e+04,1.516200000000000000e+04,1.521900000000000000e+04,1.527600000000000000e+04,1.533300000000000000e+04,1.539000000000000000e+04,1.544700000000000000e+04,1.550400000000000000e+04,1.556100000000000000e+04,1.561800000000000000e+04,1.567500000000000000e+04,1.573200000000000000e+04,1.578900000000000000e+04,1.584600000000000000e+04,1.590300000000000000e+04,1.596000000000000000e+04,1.601700000000000000e+04,1.607400000000000000e+04,1.613100000000000000e+04,1.618800000000000000e+04,1.624500000000000000e+04,1.630200000000000000e+04,1.635900000000000000e+04,1.641600000000000000e+04,1.647300000000000000e+04,1.653000000000000000e+04,1.658700000000000000e+04,1.664400000000000000e+04,1.670100000000000000e+04,1.675800000000000000e+04,1.681500000000000000e+04,1.687200000000000000e+04,1.692900000000000000e+04,1.698600000000000000e+04,1.704300000000000000e+04
0.000000000000000000e+00,5.800000000000000000e+01,1.160000000000000000e+02,1.740000000000000000e+02,2.320000000000000000e+02,2.900000000000000000e+02,3.480000000000000000e+02,4.060000000000000000e+02,4.640000000000000000e+02,5.220000000000000000e+02,5.800000000000000000e+02,6.380000000000000000e+02,6.960000000000000000e+02,7.540000000000000000e+02,8.120000000000000000e+02,8.700000000000000000e+02,9.280000000000000000e+02,9.860000000000000000e+02,1.044000000000000000e+03,1.102000000000000000e+03,1.160000000000000000e+03,1.218000000000000000e+03,1.276000000000000000e+03,1.334000000000000000e+03,1.392000000000000000e+03,1.450000000000000000e+03,1.508000000000000000e+03,1.566000000000000000e+03,1.624000000000000000e+03,1.682000000000000000e+03,1.740000000000000000e+03,1.798000000000000000e+03,1.856000000000000000e+03,1.914000000000000000e+03,1.972000000000000000e+03,2.030000000000000000e+03,2.088000000000000000e+03,2.146000000000000000e+03,2.204000000000000000e+03,2.262000000000000000e+03,2.320000000000000000e+03,2.378000000000000000e+03,2.436000000000000000e+03,2.494000000000000000e+03,2.552000000000000000e+03,2.610000000000000000e+03,2.668000000000000000e+03,2.726000000000000000e+03,2.784000000000000000e+03,2.842000000000000000e+03,2.900000000000000000e+03,2.958000000000000000e+03,3.016000000000000000e+03,3.074000000000000000e+03,3.132000000000000000e+03,3.190000000000000000e+03,3.248000000000000000e+03,3.306000000000000000e+03,3.364000000000000000e+03,3.422000000000000000e+03,3.480000000000000000e+03,3.538000000000000000e+03,3.596000000000000000e+03,3.654000000000000000e+03,3.712000000000000000e+03,3.770000000000000000e+03,3.828000000000000000e+03,3.886000000000000000e+03,3.944000000000000000e+03,4.002000000000000000e+03,4.060000000000000000e+03,4.118000000000000000e+03,4.176000000000000000e+03,4.234000000000000000e+03,4.292000000000000000e+03,4.350000000000000000e+03,4.408000000000000000e+03,4.466000000000000000e+03,4.524000000000000000e+03,4.582000000000000000e+03,4.640000000000000000e+03,4.698000000000000000e+03,4.756000000000000000e+03,4.814000000000000000e+03,4.872000000000000000e+03,4.930000000000000000e+03,4.988000000000000000e+03,5.046000000000000000e+03,5.104000000000000000e+03,5.162000000000000000e+03,5.220000000000000000e+03,5.278000000000000000e+03,5.336000000000000000e+03,5.394000000000000000e+03,5.452000000000000000e+03,5.510000000000000000e+03,5.568000000000000000e+03,5.626000000000000000e+03,5.684000000000000000e+03,5.742000000000000000e+03,5.800000000000000000e+03,5.858000000000000000e+03,5.916000000000000000e+03,5.974000000000000000e+03,6.032000000000000000e+03,6.090000000000000000e+03,6.148000000000000000e+03,6.206000000000000000e+03,6.264000000000000000e+03,6.322000000000000000e+03,6.380000000000000000e+03,6.438000000000000000e+03,6.496000000000000000e+03,6.554000000000000000e+03,6.612000000000000000e+03,6.670000000000000000e+03,6.728000000000000000e+03,6.786000000000000000e+03,6.844000000000000000e+03,6.902000000000000000e+03,6.960000000000000000e+03,7.018000000000000000e+03,7.076000000000000000e+03,7.134000000000000000e+03,7.192000000000000000e+03,7.250000000000000000e+03,7.308000000000000000e+03,7.366000000000000000e+03,7.424000000000000000e+03,7.482000000000000000e+03,7.540000000000000000e+03,7.598000000000000000e+03,7.656000000000000000e+03,7.714000000000000000e+03,7.772000000000000000e+03,7.830000000000000000e+03,7.888000000000000000e+03,7.946000000000000000e+03,8.004000000000000000e+03,8.062000000000000000e+03,8.120000000000000000e+03,8.178000000000000000e+03,8.236000000000000000e+03,8.294000000000000000e+03,8.352000000000000000e+03,8.410000000000000000e+03,8.468000000000000000e+03,8.526000000000000000e+03,8.584000000000000000e+03,8.642000000000000000e+03,8.700000000000000000e+03,8.758000000000000000e+03,8.816000000000000000e+03,8.874000000000000000e+03,8.932000000000000000e+03,8.990000000000000000e+03,9.048000000000000000e+03,9.106000000000000000e+03,9.164000000000000000e+03,9.222000000000000000e+03,9.280000000000000000e+03,9.338000000000000000e+03,9.396000000000000000e+03,9.454000000000000000e+03,9.512000000000000000e+03,9.570000000000000000e+03,9.628000000000000000e+03,9.686000000000000000e+03,9.744000000000000000e+03,9.802000000000000000e+03,9.860000000000000000e+03,9.918000000000000000e+03,9.976000000000000000e+03,1.003400000000000000e+04,1.009200000000000000e+04,1.015000000000000000e+04,1.020800000000000000e+04,1.026600000000000000e+04,1.032400000000000000e+04,1.038200000000000000e+04,1.044000000000000000e+04,1.049800000000000000e+04,1.055600000000000000e+04,1.061400000000000000e+04,1.067200000000000000e+04,1.073000000000000000e+04,1.078800000000000000e+04,1.084600000000000000e+04,1.090400000000000000e+04,1.096200000000000000e+04,1.102000000000000000e+04,1.107800000000000000e+04,1.113600000000000000e+04,1.119400000000000000e+04,1.125200000000000000e+04,1.131000000000000000e+04,1.136800000000000000e+04,1.142600000000000000e+04,1.148400000000000000e+04,1.154200000000000000e+04,1.160000000000000000e+04,1.165800000000000000e+04,1.171600000000000000e+04,1.177400000000000000e+04,1.183200000000000000e+04,1.189000000000000000e+04,1.194800000000000000e+04,1.200600000000000000e+04,1.206400000000000000e+04,1.212200000000000000e+04,1.218000000000000000e+04,1.223800000000000000e+04,1.229600000000000000e+04,1.235400000000000000e+04,1.241200000000000000e+04,1.247000000000000000e+04,1.252800000000000000e+04,1.258600000000000000e+04,1.264400000000000000e+04,1.270200000000000000e+04,1.276000000000000000e+04,1.281800000000000000e+04,1.287600000000000000e+04,1.293400000000000000e+04,1.299200000000000000e+04,1.305000000000000000e+04,1.310800000000000000e+04,1.316600000000000000e+04,1.322400000000000000e+04,1.328200000000000000e+04,1.334000000000000000e+04,1.339800000000000000e+04,1.345600000000000000e+04,1.351400000000000000e+04,1.357200000000000000e+04,1.363000000000000000e+04,1.368800000000000000e+04,1.374600000000000000e+04,1.380400000000000000e+04,1.386200000000000000e+04,1.392000000000000000e+04,1.397800000000000000e+04,1.403600000000000000e+04,1.409400000000000000e+04,1.415200000000000000e+04,1.421000000000000000e+04,1.426800000000000000e+04,1.432600000000000000e+04,1.438400000000000000e+04,1.444200000000000000e+04,1.450000000000000000e+04,1.455800000000000000e+04,1.461600000000000000e+04,1.467400000000000000e+04,1.473200000000000000e+04,1.479000000000000000e+04,1.484800000000000000e+04,1.490600000000000000e+04,1.496400000000000000e+04,1.502200000000000000e+04,1.508000000000000000e+04,1.513800000000000000e+04,1.519600000000000000e+04,1.525400000000000000e+04,1.531200000000000000e+04,1.537000000000000000e+04,1.542800000000000000e+04,1.548600000000000000e+04,1.554400000000000000e+04,1.560200000000000000e+04,1.566000000000000000e+04,1.571800000000000000e+04,1.577600000000000000e+04,1.583400000000000000e+04,1.589200000000000000e+04,1.595000000000000000e+04,1.600800000000000000e+04,1.606600000000000000e+04,1.612400000000000000e+04,1.618200000000000000e+04,1.624000000000000000e+04,1.629800000000000000e+04,1.635600000000000000e+04,1.641400000000000000e+04,1.647200000000000000e+04,1.653000000000000000e+04,1.658800000000000000e+04,1.664600000000000000e+04,1.670400000000000000e+04,1.676200000000000000e+04,1.682000000000000000e+04,1.687800000000000000e+04,1.693600000000000000e+04,1.699400000000000000e+04,1.705200000000000000e+04,1.711000000000000000e+04,1.716800000000000000e+04,1.722600000000000000e+04,1.728400000000000000e+04,1.734200000000000000e+04
0.000000000000000000e+00,5.900000000000000000e+01,1.180000000000000000e+02,1.770000000000000000e+02,2.360000000000000000e+02,2.950000000000000000e+02,3.540000000000000000e+02,4.130000000000000000e+02,4.720000000000000000e+02,5.310000000000000000e+02,5.900000000000000000e+02,6.490000000000000000e+02,7.080000000000000000e+02,7.670000000000000000e+02,8.260000000000000000e+02,8.850000000000000000e+02,9.440000000000000000e+02,1.003000000000000000e+03,1.062000000000000000e+03,1.121000000000000000e+03,1.180000000000000000e+03,1.239000000000000000e+03,1.298000000000000000e+03,1.357000000000000000e+03,1.416000000000000000e+03,1.475000000000000000e+03,1.534000000000000000e+03,1.593000000000000000e+03,1.652000000000000000e+03,1.711000000000000000e+03,1.770000000000000000e+03,1.829000000000000000e+03,1.888000000000000000e+03,1.947000000000000000e+03,2.006000000000000000e+03,2.065000000000000000e+03,2.124000000000000000e+03,2.183000000000000000e+03,2.242000000000000000e+03,2.301000000000000000e+03,2.360000000000000000e+03,2.419000000000000000e+03,2.478000000000000000e+03,2.537000000000000000e+03,2.596000000000000000e+03,2.655000000000000000e+03,2.714000000000000000e+03,2.773000000000000000e+03,2.832000000000000000e+03,2.891000000000000000e+03,2.950000000000000000e+03,3.009000000000000000e+03,3.068000000000000000e+03,3.127000000000000000e+03,3.186000000000000000e+03,3.245000000000000000e+03,3.304000000000000000e+03,3.363000000000000000e+03,3.422000000000000000e+03,3.481000000000000000e+03,3.540000000000000000e+03,3.599000000000000000e+03,3.658000000000000000e+03,3.717000000000000000e+03,3.776000000000000000e+03,3.835000000000000000e+03,3.894000000000000000e+03,3.953000000000000000e+03,4.012000000000000000e+03,4.071000000000000000e+03,4.130000000000000000e+03,4.189000000000000000e+03,4.248000000000000000e+03,4.307000000000000000e+03,4.366000000000000000e+03,4.425000000000000000e+03,4.484000000000000000e+03,4.543000000000000000e+03,4.602000000000000000e+03,4.661000000000000000e+03,4.720000000000000000e+03,4.779000000000000000e+03,4.838000000000000000e+03,4.897000000000000000e+03,4.956000000000000000e+03,5.015000000000000000e+03,5.074000000000000000e+03,5.133000000000000000e+03,5.192000000000000000e+03,5.251000000000000000e+03,5.310000000000000000e+03,5.369000000000000000e+03,5.428000000000000000e+03,5.487000000000000000e+03,5.546000000000000000e+03,5.605000000000000000e+03,5.664000000000000000e+03,5.723000000000000000e+03,5.782000000000000000e+03,5.841000000000000000e+03,5.900000000000000000e+03,5.959000000000000000e+03,6.018000000000000000e+03,6.077000000000000000e+03,6.136000000000000000e+03,6.195000000000000000e+03,6.254000000000000000e+03,6.313000000000000000e+03,6.372000000000000000e+03,6.431000000000000000e+03,6.490000000000000000e+03,6.549000000000000000e+03,6.608000000000000000e+03,6.667000000000000000e+03,6.726000000000000000e+03,6.785000000000000000e+03,6.844000000000000000e+03,6.903000000000000000e+03,6.962000000000000000e+03,7.021000000000000000e+03,7.080000000000000000e+03,7.139000000000000000e+03,7.198000000000000000e+03,7.257000000000000000e+03,7.316000000000000000e+03,7.375000000000000000e+03,7.434000000000000000e+03,7.493000000000000000e+03,7.552000000000000000e+03,7.611000000000000000e+03,7.670000000000000000e+03,7.729000000000000000e+03,7.788000000000000000e+03,7.847000000000000000e+03,7.906000000000000000e+03,7.965000000000000000e+03,8.024000000000000000e+03,8.083000000000000000e+03,8.142000000000000000e+03,8.201000000000000000e+03,8.260000000000000000e+03,8.319000000000000000e+03,8.378000000000000000e+03,8.437000000000000000e+03,8.496000000000000000e+03,8.555000000000000000e+03,8.614000000000000000e+03,8.673000000000000000e+03,8.732000000000000000e+03,8.791000000000000000e+03,8.850000000000000000e+03,8.909000000000000000e+03,8.968000000000000000e+03,9.027000000000000000e+03,9.086000000000000000e+03,9.145000000000000000e+03,9.204000000000000000e+03,9.263000000000000000e+03,9.322000000000000000e+03,9.381000000000000000e+03,9.440000000000000000e+03,9.499000000000000000e+03,9.558000000000000000e+03,9.617000000000000000e+03,9.676000000000000000e+03,9.735000000000000000e+03,9.794000000000000000e+03,9.853000000000000000e+03,9.912000000000000000e+03,9.971000000000000000e+03,1.003000000000000000e+04,1.008900000000000000e+04,1.014800000000000000e+04,1.020700000000000000e+04,1.026600000000000000e+04,1.032500000000000000e+04,1.038400000000000000e+04,1.044300000000000000e+04,1.050200000000000000e+04,1.056100000000000000e+04,1.062000000000000000e+04,1.067900000000000000e+04,1.073800000000000000e+04,1.079700000000000000e+04,1.085600000000000000e+04,1.091500000000000000e+04,1.097400000000000000e+04,1.103300000000000000e+04,1.109200000000000000e+04,1.115100000000000000e+04,1.121000000000000000e+04,1.126900000000000000e+04,1.132800000000000000e+04,1.138700000000000000e+04,1.144600000000000000e+04,1.150500000000000000e+04,1.156400000000000000e+04,1.162300000000000000e+04,1.168200000000000000e+04,1.174100000000000000e+04,1.180000000000000000e+04,1.185900000000000000e+04,1.191800000000000000e+04,1.197700000000000000e+04,1.203600000000000000e+04,1.209500000000000000e+04,1.215400000000000000e+04,1.221300000000000000e+04,1.227200000000000000e+04,1.233100000000000000e+04,1.239000000000000000e+04,1.244900000000000000e+04,1.250800000000000000e+04,1.256700000000000000e+04,1.262600000000000000e+04,1.268500000000000000e+04,1.274400000000000000e+04,1.280300000000000000e+04,1.286200000000000000e+04,1.292100000000000000e+04,1.298000000000000000e+04,1.303900000000000000e+04,1.309800000000000000e+04,1.315700000000000000e+04,1.321600000000000000e+04,1.327500000000000000e+04,1.333400000000000000e+04,1.339300000000000000e+04,1.345200000000000000e+04,1.351100000000000000e+04,1.357000000000000000e+04,1.362900000000000000e+04,1.368800000000000000e+04,1.374700000000000000e+04,1.380600000000000000e+04,1.386500000000000000e+04,1.392400000000000000e+04,1.398300000000000000e+04,1.404200000000000000e+04,1.410100000000000000e+04,1.416000000000000000e+04,1.421900000000000000e+04,1.427800000000000000e+04,1.433700000000000000e+04,1.439600000000000000e+04,1.445500000000000000e+04,1.451400000000000000e+04,1.457300000000000000e+04,1.463200000000000000e+04,1.469100000000000000e+04,1.475000000000000000e+04,1.480900000000000000e+04,1.486800000000000000e+04,1.492700000000000000e+04,1.498600000000000000e+04,1.504500000000000000e+04,1.510400000000000000e+04,1.516300000000000000e+04,1.522200000000000000e+04,1.528100000000000000e+04,1.534000000000000000e+04,1.539900000000000000e+04,1.545800000000000000e+04,1.551700000000000000e+04,1.557600000000000000e+04,1.563500000000000000e+04,1.569400000000000000e+04,1.575300000000000000e+04,1.581200000000000000e+04,1.587100000000000000e+04,1.593000000000000000e+04,1.598900000000000000e+04,1.604800000000000000e+04,1.610700000000000000e+04,1.616600000000000000e+04,1.622500000000000000e+04,1.628400000000000000e+04,1.634300000000000000e+04,1.640200000000000000e+04,1.646100000000000000e+04,1.652000000000000000e+04,1.657900000000000000e+04,1.663800000000000000e+04,1.669700000000000000e+04,1.675600000000000000e+04,1.681500000000000000e+04,1.687400000000000000e+04,1.693300000000000000e+04,1.699200000000000000e+04,1.705100000000000000e+04,1.711000000000000000e+04,1.716900000000000000e+04,1.722800000000000000e+04,1.728700000000000000e+04,1.734600000000000000e+04,1.740500000000000000e+04,1.746400000000000000e+04,1.752300000000000000e+04,1.758200000000000000e+04,1.764100000000000000e+04
0.000000000000000000e+00,6.000000000000000000e+01,1.200000000000000000e+02,1.800000000000000000e+02,2.400000000000000000e+02,3.000000000000000000e+02,3.600000000000000000e+02,4.200000000000000000e+02,4.800000000000000000e+02,5.400000000000000000e+02,6.000000000000000000e+02,6.600000000000000000e+02,7.200000000000000000e+02,7.800000000000000000e+02,8.400000000000000000e+02,9.000000000000000000e+02,9.600000000000000000e+02,1.020000000000000000e+03,1.080000000000000000e+03,1.140000000000000000e+03,1.200000000000000000e+03,1.260000000000000000e+03,1.320000000000000000e+03,1.380000000000000000e+03,1.440000000000000000e+03,1.500000000000000000e+03,1.560000000000000000e+03,1.620000000000000000e+03,1.680000000000000000e+03,1.740000000000000000e+03,1.800000000000000000e+03,1.860000000000000000e+03,1.920000000000000000e+03,1.980000000000000000e+03,2.040000000000000000e+03,2.100000000000000000e+03,2.160000000000000000e+03,2.220000000000000000e+03,2.280000000000000000e+03,2.340000000000000000e+03,2.400000000000000000e+03,2.460000000000000000e+03,2.520000000000000000e+03,2.580000000000000000e+03,2.640000000000000000e+03,2.700000000000000000e+03,2.760000000000000000e+03,2.820000000000000000e+03,2.880000000000000000e+03,2.940000000000000000e+03,3.000000000000000000e+03,3.060000000000000000e+03,3.120000000000000000e+03,3.180000000000000000e+03,3.240000000000000000e+03,3.300000000000000000e+03,3.360000000000000000e+03,3.420000000000000000e+03,3.480000000000000000e+03,3.540000000000000000e+03,3.600000000000000000e+03,3.660000000000000000e+03,3.720000000000000000e+03,3.780000000000000000e+03,3.840000000000000000e+03,3.900000000000000000e+03,3.960000000000000000e+03,4.020000000000000000e+03,4.080000000000000000e+03,4.140000000000000000e+03,4.200000000000000000e+03,4.260000000000000000e+03,4.320000000000000000e+03,4.380000000000000000e+03,4.440000000000000000e+03,4.500000000000000000e+03,4.560000000000000000e+03,4.620000000000000000e+03,4.680000000000000000e+03,4.740000000000000000e+03,4.800000000000000000e+03,4.860000000000000000e+03,4.920000000000000000e+03,4.980000000000000000e+03,5.040000000000000000e+03,5.100000000000000000e+03,5.160000000000000000e+03,5.220000000000000000e+03,5.280000000000000000e+03,5.340000000000000000e+03,5.400000000000000000e+03,5.460000000000000000e+03,5.520000000000000000e+03,5.580000000000000000e+03,5.640000000000000000e+03,5.700000000000000000e+03,5.760000000000000000e+03,5.820000000000000000e+03,5.880000000000000000e+03,5.940000000000000000e+03,6.000000000000000000e+03,6.060000000000000000e+03,6.120000000000000000e+03,6.180000000000000000e+03,6.240000000000000000e+03,6.300000000000000000e+03,6.360000000000000000e+03,6.420000000000000000e+03,6.480000000000000000e+03,6.540000000000000000e+03,6.600000000000000000e+03,6.660000000000000000e+03,6.720000000000000000e+03,6.780000000000000000e+03,6.840000000000000000e+03,6.900000000000000000e+03,6.960000000000000000e+03,7.020000000000000000e+03,7.080000000000000000e+03,7.140000000000000000e+03,7.200000000000000000e+03,7.260000000000000000e+03,7.320000000000000000e+03,7.380000000000000000e+03,7.440000000000000000e+03,7.500000000000000000e+03,7.560000000000000000e+03,7.620000000000000000e+03,7.680000000000000000e+03,7.740000000000000000e+03,7.800000000000000000e+03,7.860000000000000000e+03,7.920000000000000000e+03,7.980000000000000000e+03,8.040000000000000000e+03,8.100000000000000000e+03,8.160000000000000000e+03,8.220000000000000000e+03,8.280000000000000000e+03,8.340000000000000000e+03,8.400000000000000000e+03,8.460000000000000000e+03,8.520000000000000000e+03,8.580000000000000000e+03,8.640000000000000000e+03,8.700000000000000000e+03,8.760000000000000000e+03,8.820000000000000000e+03,8.880000000000000000e+03,8.940000000000000000e+03,9.000000000000000000e+03,9.060000000000000000e+03,9.120000000000000000e+03,9.180000000000000000e+03,9.240000000000000000e+03,9.300000000000000000e+03,9.360000000000000000e+03,9.420000000000000000e+03,9.480000000000000000e+03,9.540000000000000000e+03,9.600000000000000000e+03,9.660000000000000000e+03,9.720000000000000000e+03,9.780000000000000000e+03,9.840000000000000000e+03,9.900000000000000000e+03,9.960000000000000000e+03,1.002000000000000000e+04,1.008000000000000000e+04,1.014000000000000000e+04,1.020000000000000000e+04,1.026000000000000000e+04,1.032000000000000000e+04,1.038000000000000000e+04,1.044000000000000000e+04,1.050000000000000000e+04,1.056000000000000000e+04,1.062000000000000000e+04,1.068000000000000000e+04,1.074000000000000000e+04,1.080000000000000000e+04,1.086000000000000000e+04,1.092000000000000000e+04,1.098000000000000000e+04,1.104000000000000000e+04,1.110000000000000000e+04,1.116000000000000000e+04,1.122000000000000000e+04,1.128000000000000000e+04,1.134000000000000000e+04,1.140000000000000000e+04,1.146000000000000000e+04,1.152000000000000000e+04,1.158000000000000000e+04,1.164000000000000000e+04,1.170000000000000000e+04,1.176000000000000000e+04,1.182000000000000000e+04,1.188000000000000000e+04,1.194000000000000000e+04,1.200000000000000000e+04,1.206000000000000000e+04,1.212000000000000000e+04,1.218000000000000000e+04,1.224000000000000000e+04,1.230000000000000000e+04,1.236000000000000000e+04,1.242000000000000000e+04,1.248000000000000000e+04,1.254000000000000000e+04,1.260000000000000000e+04,1.266000000000000000e+04,1.272000000000000000e+04,1.278000000000000000e+04,1.284000000000000000e+04,1.290000000000000000e+04,1.296000000000000000e+04,1.302000000000000000e+04,1.308000000000000000e+04,1.314000000000000000e+04,1.320000000000000000e+04,1.326000000000000000e+04,1.332000000000000000e+04,1.338000000000000000e+04,1.344000000000000000e+04,1.350000000000000000e+04,1.356000000000000000e+04,1.362000000000000000e+04,1.368000000000000000e+04,1.374000000000000000e+04,1.380000000000000000e+04,1.386000000000000000e+04,1.392000000000000000e+04,1.398000000000000000e+04,1.404000000000000000e+04,1.410000000000000000e+04,1.416000000000000000e+04,1.422000000000000000e+04,1.428000000000000000e+04,1.434000000000000000e+04,1.440000000000000000e+04,1.446000000000000000e+04,1.452000000000000000e+04,1.458000000000000000e+04,1.464000000000000000e+04,1.470000000000000000e+04,1.476000000000000000e+04,1.482000000000000000e+04,1.488000000000000000e+04,1.494000000000000000e+04,1.500000000000000000e+04,1.506000000000000000e+04,1.512000000000000000e+04,1.518000000000000000e+04,1.524000000000000000e+04,1.530000000000000000e+04,1.536000000000000000e+04,1.542000000000000000e+04,1.548000000000000000e+04,1.554000000000000000e+04,1.560000000000000000e+04,1.566000000000000000e+04,1.572000000000000000e+04,1.578000000000000000e+04,1.584000000000000000e+04,1.590000000000000000e+04,1.596000000000000000e+04,1.602000000000000000e+04,1.608000000000000000e+04,1.614000000000000000e+04,1.620000000000000000e+04,1.626000000000000000e+04,1.632000000000000000e+04,1.638000000000000000e+04,1.644000000000000000e+04,1.650000000000000000e+04,1.656000000000000000e+04,1.662000000000000000e+04,1.668000000000000000e+04,1.674000000000000000e+04,1.680000000000000000e+04,1.686000000000000000e+04,1.692000000000000000e+04,1.698000000000000000e+04,1.704000000000000000e+04,1.710000000000000000e+04,1.716000000000000000e+04,1.722000000000000000e+04,1.728000000000000000e+04,1.734000000000000000e+04,1.740000000000000000e+04,1.746000000000000000e+04,1.752000000000000000e+04,1.758000000000000000e+04,1.764000000000000000e+04,1.770000000000000000e+04,1.776000000000000000e+04,1.782000000000000000e+04,1.788000000000000000e+04,1.794000000000000000e+04
0.000000000000000000e+00,6.100000000000000000e+01,1.220000000000000000e+02,1.830000000000000000e+02,2.440000000000000000e+02,3.050000000000000000e+02,3.660000000000000000e+02,4.270000000000000000e+02,4.880000000000000000e+02,5.490000000000000000e+02,6.100000000000000000e+02,6.710000000000000000e+02,7.320000000000000000e+02,7.930000000000000000e+02,8.540000000000000000e+02,9.150000000000000000e+02,9.760000000000000000e+02,1.037000000000000000e+03,1.098000000000000000e+03,1.159000000000000000e+03,1.220000000000000000e+03,1.281000000000000000e+03,1.342000000000000000e+03,1.403000000000000000e+03,1.464000000000000000e+03,1.525000000000000000e+03,1.586000000000000000e+03,1.647000000000000000e+03,1.708000000000000000e+03,1.769000000000000000e+03,1.830000000000000000e+03,1.891000000000000000e+03,1.952000000000000000e+03,2.013000000000000000e+03,2.074000000000000000e+03,2.135000000000000000e+03,2.196000000000000000e+03,2.257000000000000000e+03,2.318000000000000000e+03,2.379000000000000000e+03,2.440000000000000000e+03,2.501000000000000000e+03,2.562000000000000000e+03,2.623000000000000000e+03,2.684000000000000000e+03,2.745000000000000000e+03,2.806000000000000000e+03,2.867000000000000000e+03,2.928000000000000000e+03,2.989000000000000000e+03,3.050000000000000000e+03,3.111000000000000000e+03,3.172000000000000000e+03,3.233000000000000000e+03,3.294000000000000000e+03,3.355000000000000000e+03,3.416000000000000000e+03,3.477000000000000000e+03,3.538000000000000000e+03,3.599000000000000000e+03,3.660000000000000000e+03,3.721000000000000000e+03,3.782000000000000000e+03,3.843000000000000000e+03,3.904000000000000000e+03,3.965000000000000000e+03,4.026000000000000000e+03,4.087000000000000000e+03,4.148000000000000000e+03,4.209000000000000000e+03,4.270000000000000000e+03,4.331000000000000000e+03,4.392000000000000000e+03,4.453000000000000000e+03,4.514000000000000000e+03,4.575000000000000000e+03,4.636000000000000000e+03,4.697000000000000000e+03,4.758000000000000000e+03,4.819000000000000000e+03,4.880000000000000000e+03,4.941000000000000000e+03,5.002000000000000000e+03,5.063000000000000000e+03,5.124000000000000000e+03,5.185000000000000000e+03,5.246000000000000000e+03,5.307000000000000000e+03,5.368000000000000000e+03,5.429000000000000000e+03,5.490000000000000000e+03,5.551000000000000000e+03,5.612000000000000000e+03,5.673000000000000000e+03,5.734000000000000000e+03,5.795000000000000000e+03,5.856000000000000000e+03,5.917000000000000000e+03,5.978000000000000000e+03,6.039000000000000000e+03,6.100000000000000000e+03,6.161000000000000000e+03,6.222000000000000000e+03,6.283000000000000000e+03,6.344000000000000000e+03,6.405000000000000000e+03,6.466000000000000000e+03,6.527000000000000000e+03,6.588000000000000000e+03,6.649000000000000000e+03,6.710000000000000000e+03,6.771000000000000000e+03,6.832000000000000000e+03,6.893000000000000000e+03,6.954000000000000000e+03,7.015000000000000000e+03,7.076000000000000000e+03,7.137000000000000000e+03,7.198000000000000000e+03,7.259000000000000000e+03,7.320000000000000000e+03,7.381000000000000000e+03,7.442000000000000000e+03,7.503000000000000000e+03,7.564000000000000000e+03,7.625000000000000000e+03,7.686000000000000000e+03,7.747000000000000000e+03,7.808000000000000000e+03,7.869000000000000000e+03,7.930000000000000000e+03,7.991000000000000000e+03,8.052000000000000000e+03,8.113000000000000000e+03,8.174000000000000000e+03,8.235000000000000000e+03,8.296000000000000000e+03,8.357000000000000000e+03,8.418000000000000000e+03,8.479000000000000000e+03,8.540000000000000000e+03,8.601000000000000000e+03,8.662000000000000000e+03,8.723000000000000000e+03,8.784000000000000000e+03,8.845000000000000000e+03,8.906000000000000000e+03,8.967000000000000000e+03,9.028000000000000000e+03,9.089000000000000000e+03,9.150000000000000000e+03,9.211000000000000000e+03,9.272000000000000000e+03,9.333000000000000000e+03,9.394000000000000000e+03,9.455000000000000000e+03,9.516000000000000000e+03,9.577000000000000000e+03,9.638000000000000000e+03,9.699000000000000000e+03,9.760000000000000000e+03,9.821000000000000000e+03,9.882000000000000000e+03,9.943000000000000000e+03,1.000400000000000000e+04,1.006500000000000000e+04,1.012600000000000000e+04,1.018700000000000000e+04,1.024800000000000000e+04,1.030900000000000000e+04,1.037000000000000000e+04,1.043100000000000000e+04,1.049200000000000000e+04,1.055300000000000000e+04,1.061400000000000000e+04,1.067500000000000000e+04,1.073600000000000000e+04,1.079700000000000000e+04,1.085800000000000000e+04,1.091900000000000000e+04,1.098000000000000000e+04,1.104100000000000000e+04,1.110200000000000000e+04,1.116300000000000000e+04,1.122400000000000000e+04,1.128500000000000000e+04,1.134600000000000000e+04,1.140700000000000000e+04,1.146800000000000000e+04,1.152900000000000000e+04,1.159000000000000000e+04,1.165100000000000000e+04,1.171200000000000000e+04,1.177300000000000000e+04,1.183400000000000000e+04,1.189500000000000000e+04,1.195600000000000000e+04,1.201700000000000000e+04,1.207800000000000000e+04,1.213900000000000000e+04,1.220000000000000000e+04,1.226100000000000000e+04,1.232200000000000000e+04,1.238300000000000000e+04,1.244400000000000000e+04,1.250500000000000000e+04,1.256600000000000000e+04,1.262700000000000000e+04,1.268800000000000000e+04,1.274900000000000000e+04,1.281000000000000000e+04,1.287100000000000000e+04,1.293200000000000000e+04,1.299300000000000000e+04,1.305400000000000000e+04,1.311500000000000000e+04,1.317600000000000000e+04,1.323700000000000000e+04,1.329800000000000000e+04,1.335900000000000000e+04,1.342000000000000000e+04,1.348100000000000000e+04,1.354200000000000000e+04,1.360300000000000000e+04,1.366400000000000000e+04,1.372500000000000000e+04,1.378600000000000000e+04,1.384700000000000000e+04,1.390800000000000000e+04,1.396900000000000000e+04,1.403000000000000000e+04,1.409100000000000000e+04,1.415200000000000000e+04,1.421300000000000000e+04,1.427400000000000000e+04,1.433500000000000000e+04,1.439600000000000000e+04,1.445700000000000000e+04,1.451800000000000000e+04,1.457900000000000000e+04,1.464000000000000000e+04,1.470100000000000000e+04,1.476200000000000000e+04,1.482300000000000000e+04,1.488400000000000000e+04,1.494500000000000000e+04,1.500600000000000000e+04,1.506700000000000000e+04,1.512800000000000000e+04,1.518900000000000000e+04,1.525000000000000000e+04,1.531100000000000000e+04,1.537200000000000000e+04,1.543300000000000000e+04,1.549400000000000000e+04,1.555500000000000000e+04,1.561600000000000000e+04,1.567700000000000000e+04,1.573800000000000000e+04,1.579900000000000000e+04,1.586000000000000000e+04,1.592100000000000000e+04,1.598200000000000000e+04,1.604300000000000000e+04,1.610400000000000000e+04,1.616500000000000000e+04,1.622600000000000000e+04,1.628700000000000000e+04,1.634800000000000000e+04,1.640900000000000000e+04,1.647000000000000000e+04,1.653100000000000000e+04,1.659200000000000000e+04,1.665300000000000000e+04,1.671400000000000000e+04,1.677500000000000000e+04,1.683600000000000000e+04,1.689700000000000000e+04,1.695800000000000000e+04,1.701900000000000000e+04,1.708000000000000000e+04,1.714100000000000000e+04,1.720200000000000000e+04,1.726300000000000000e+04,1.732400000000000000e+04,1.738500000000000000e+04,1.744600000000000000e+04,1.750700000000000000e+04,1.756800000000000000e+04,1.762900000000000000e+04,1.769000000000000000e+04,1.775100000000000000e+04,1.781200000000000000e+04,1.787300000000000000e+04,1.793400000000000000e+04,1.799500000000000000e+04,1.805600000000000000e+04,1.811700000000000000e+04,1.817800000000000000e+04,1.823900000000000000e+04
0.000000000000000000e+00,6.200000000000000000e+01,1.240000000000000000e+02,1.860000000000000000e+02,2.480000000000000000e+02,3.100000000000000000e+02,3.720000000000000000e+02,4.340000000000000000e+02,4.960000000000000000e+02,5.580000000000000000e+02,6.200000000000000000e+02,6.820000000000000000e+02,7.440000000000000000e+02,8.060000000000000000e+02,8.680000000000000000e+02,9.300000000000000000e+02,9.920000000000000000e+02,1.054000000000000000e+03,1.116000000000000000e+03,1.178000000000000000e+03,1.240000000000000000e+03,1.302000000000000000e+03,1.364000000000000000e+03,1.426000000000000000e+03,1.488000000000000000e+03,1.550000000000000000e+03,1.612000000000000000e+03,1.674000000000000000e+03,1.736000000000000000e+03,1.798000000000000000e+03,1.860000000000000000e+03,1.922000000000000000e+03,1.984000000000000000e+03,2.046000000000000000e+03,2.108000000000000000e+03,2.170000000000000000e+03,2.232000000000000000e+03,2.294000000000000000e+03,2.356000000000000000e+03,2.418000000000000000e+03,2.480000000000000000e+03,2.542000000000000000e+03,2.604000000000000000e+03,2.666000000000000000e+03,2.728000000000000000e+03,2.790000000000000000e+03,2.852000000000000000e+03,2.914000000000000000e+03,2.976000000000000000e+03,3.038000000000000000e+03,3.100000000000000000e+03,3.162000000000000000e+03,3.224000000000000000e+03,3.286000000000000000e+03,3.348000000000000000e+03,3.410000000000000000e+03,3.472000000000000000e+03,3.534000000000000000e+03,3.596000000000000000e+03,3.658000000000000000e+03,3.720000000000000000e+03,3.782000000000000000e+03,3.844000000000000000e+03,3.906000000000000000e+03,3.968000000000000000e+03,4.030000000000000000e+03,4.092000000000000000e+03,4.154000000000000000e+03,4.216000000000000000e+03,4.278000000000000000e+03,4.340000000000000000e+03,4.402000000000000000e+03,4.464000000000000000e+03,4.526000000000000000e+03,4.588000000000000000e+03,4.650000000000000000e+03,4.712000000000000000e+03,4.774000000000000000e+03,4.836000000000000000e+03,4.898000000000000000e+03,4.960000000000000000e+03,5.022000000000000000e+03,5.084000000000000000e+03,5.146000000000000000e+03,5.208000000000000000e+03,5.270000000000000000e+03,5.332000000000000000e+03,5.394000000000000000e+03,5.456000000000000000e+03,5.518000000000000000e+03,5.580000000000000000e+03,5.642000000000000000e+03,5.704000000000000000e+03,5.766000000000000000e+03,5.828000000000000000e+03,5.890000000000000000e+03,5.952000000000000000e+03,6.014000000000000000e+03,6.076000000000000000e+03,6.138000000000000000e+03,6.200000000000000000e+03,6.262000000000000000e+03,6.324000000000000000e+03,6.386000000000000000e+03,6.448000000000000000e+03,6.510000000000000000e+03,6.572000000000000000e+03,6.634000000000000000e+03,6.696000000000000000e+03,6.758000000000000000e+03,6.820000000000000000e+03,6.882000000000000000e+03,6.944000000000000000e+03,7.006000000000000000e+03,7.068000000000000000e+03,7.130000000000000000e+03,7.192000000000000000e+03,7.254000000000000000e+03,7.316000000000000000e+03,7.378000000000000000e+03,7.440000000000000000e+03,7.502000000000000000e+03,7.564000000000000000e+03,7.626000000000000000e+03,7.688000000000000000e+03,7.750000000000000000e+03,7.812000000000000000e+03,7.874000000000000000e+03,7.936000000000000000e+03,7.998000000000000000e+03,8.060000000000000000e+03,8.122000000000000000e+03,8.184000000000000000e+03,8.246000000000000000e+03,8.308000000000000000e+03,8.370000000000000000e+03,8.432000000000000000e+03,8.494000000000000000e+03,8.556000000000000000e+03,8.618000000000000000e+03,8.680000000000000000e+03,8.742000000000000000e+03,8.804000000000000000e+03,8.866000000000000000e+03,8.928000000000000000e+03,8.990000000000000000e+03,9.052000000000000000e+03,9.114000000000000000e+03,9.176000000000000000e+03,9.238000000000000000e+03,9.300000000000000000e+03,9.362000000000000000e+03,9.424000000000000000e+03,9.486000000000000000e+03,9.548000000000000000e+03,9.610000000000000000e+03,9.672000000000000000e+03,9.734000000000000000e+03,9.796000000000000000e+03,9.858000000000000000e+03,9.920000000000000000e+03,9.982000000000000000e+03,1.004400000000000000e+04,1.010600000000000000e+04,1.016800000000000000e+04,1.023000000000000000e+04,1.029200000000000000e+04,1.035400000000000000e+04,1.041600000000000000e+04,1.047800000000000000e+04,1.054000000000000000e+04,1.060200000000000000e+04,1.066400000000000000e+04,1.072600000000000000e+04,1.078800000000000000e+04,1.085000000000000000e+04,1.091200000000000000e+04,1.097400000000000000e+04,1.103600000000000000e+04,1.109800000000000000e+04,1.116000000000000000e+04,1.122200000000000000e+04,1.128400000000000000e+04,1.134600000000000000e+04,1.140800000000000000e+04,1.147000000000000000e+04,1.153200000000000000e+04,1.159400000000000000e+04,1.165600000000000000e+04,1.171800000000000000e+04,1.178000000000000000e+04,1.184200000000000000e+04,1.190400000000000000e+04,1.196600000000000000e+04,1.202800000000000000e+04,1.209000000000000000e+04,1.215200000000000000e+04,1.221400000000000000e+04,1.227600000000000000e+04,1.233800000000000000e+04,1.240000000000000000e+04,1.246200000000000000e+04,1.252400000000000000e+04,1.258600000000000000e+04,1.264800000000000000e+04,1.271000000000000000e+04,1.277200000000000000e+04,1.283400000000000000e+04,1.289600000000000000e+04,1.295800000000000000e+04,1.302000000000000000e+04,1.308200000000000000e+04,1.314400000000000000e+04,1.320600000000000000e+04,1.326800000000000000e+04,1.333000000000000000e+04,1.339200000000000000e+04,1.345400000000000000e+04,1.351600000000000000e+04,1.357800000000000000e+04,1.364000000000000000e+04,1.370200000000000000e+04,1.376400000000000000e+04,1.382600000000000000e+04,1.388800000000000000e+04,1.395000000000000000e+04,1.401200000000000000e+04,1.407400000000000000e+04,1.413600000000000000e+04,1.419800000000000000e+04,1.426000000000000000e+04,1.432200000000000000e+04,1.438400000000000000e+04,1.444600000000000000e+04,1.450800000000000000e+04,1.457000000000000000e+04,1.463200000000000000e+04,1.469400000000000000e+04,1.475600000000000000e+04,1.481800000000000000e+04,1.488000000000000000e+04,1.494200000000000000e+04,1.500400000000000000e+04,1.506600000000000000e+04,1.512800000000000000e+04,1.519000000000000000e+04,1.525200000000000000e+04,1.531400000000000000e+04,1.537600000000000000e+04,1.543800000000000000e+04,1.550000000000000000e+04,1.556200000000000000e+04,1.562400000000000000e+04,1.568600000000000000e+04,1.574800000000000000e+04,1.581000000000000000e+04,1.587200000000000000e+04,1.593400000000000000e+04,1.599600000000000000e+04,1.605800000000000000e+04,1.612000000000000000e+04,1.618200000000000000e+04,1.624400000000000000e+04,1.630600000000000000e+04,1.636800000000000000e+04,1.643000000000000000e+04,1.649200000000000000e+04,1.655400000000000000e+04,1.661600000000000000e+04,1.667800000000000000e+04,1.674000000000000000e+04,1.680200000000000000e+04,1.686400000000000000e+04,1.692600000000000000e+04,1.698800000000000000e+04,1.705000000000000000e+04,1.711200000000000000e+04,1.717400000000000000e+04,1.723600000000000000e+04,1.729800000000000000e+04,1.736000000000000000e+04,1.742200000000000000e+04,1.748400000000000000e+04,1.754600000000000000e+04,1.760800000000000000e+04,1.767000000000000000e+04,1.773200000000000000e+04,1.779400000000000000e+04,1.785600000000000000e+04,1.791800000000000000e+04,1.798000000000000000e+04,1.804200000000000000e+04,1.810400000000000000e+04,1.816600000000000000e+04,1.822800000000000000e+04,1.829000000000000000e+04,1.835200000000000000e+04,1.841400000000000000e+04,1.847600000000000000e+04,1.853800000000000000e+04
0.000000000000000000e+00,6.300000000000000000e+01,1.260000000000000000e+02,1.890000000000000000e+02,2.520000000000000000e+02,3.150000000000000000e+02,3.780000000000000000e+02,4.410000000000000000e+02,5.040000000000000000e+02,5.670000000000000000e+02,6.300000000000000000e+02,6.930000000000000000e+02,7.560000000000000000e+02,8.190000000000000000e+02,8.820000000000000000e+02,9.450000000000000000e+02,1.008000000000000000e+03,1.071000000000000000e+03,1.134000000000000000e+03,1.197000000000000000e+03,1.260000000000000000e+03,1.323000000000000000e+03,1.386000000000000000e+03,1.449000000000000000e+03,1.512000000000000000e+03,1.575000000000000000e+03,1.638000000000000000e+03,1.701000000000000000e+03,1.764000000000000000e+03,1.827000000000000000e+03,1.890000000000000000e+03,1.953000000000000000e+03,2.016000000000000000e+03,2.079000000000000000e+03,2.142000000000000000e+03,2.205000000000000000e+03,2.268000000000000000e+03,2.331000000000000000e+03,2.394000000000000000e+03,2.457000000000000000e+03,2.520000000000000000e+03,2.583000000000000000e+03,2.646000000000000000e+03,2.709000000000000000e+03,2.772000000000000000e+03,2.835000000000000000e+03,2.898000000000000000e+03,2.961000000000000000e+03,3.024000000000000000e+03,3.087000000000000000e+03,3.150000000000000000e+03,3.213000000000000000e+03,3.276000000000000000e+03,3.339000000000000000e+03,3.402000000000000000e+03,3.465000000000000000e+03,3.528000000000000000e+03,3.591000000000000000e+03,3.654000000000000000e+03,3.717000000000000000e+03,3.780000000000000000e+03,3.843000000000000000e+03,3.906000000000000000e+03,3.969000000000000000e+03,4.032000000000000000e+03,4.095000000000000000e+03,4.158000000000000000e+03,4.221000000000000000e+03,4.284000000000000000e+03,4.347000000000000000e+03,4.410000000000000000e+03,4.473000000000000000e+03,4.536000000000000000e+03,4.599000000000000000e+03,4.662000000000000000e+03,4.725000000000000000e+03,4.788000000000000000e+03,4.851000000000000000e+03,4.914000000000000000e+03,4.977000000000000000e+03,5.040000000000000000e+03,5.103000000000000000e+03,5.166000000000000000e+03,5.229000000000000000e+03,5.292000000000000000e+03,5.355000000000000000e+03,5.418000000000000000e+03,5.481000000000000000e+03,5.544000000000000000e+03,5.607000000000000000e+03,5.670000000000000000e+03,5.733000000000000000e+03,5.796000000000000000e+03,5.859000000000000000e+03,5.922000000000000000e+03,5.985000000000000000e+03,6.048000000000000000e+03,6.111000000000000000e+03,6.174000000000000000e+03,6.237000000000000000e+03,6.300000000000000000e+03,6.363000000000000000e+03,6.426000000000000000e+03,6.489000000000000000e+03,6.552000000000000000e+03,6.615000000000000000e+03,6.678000000000000000e+03,6.741000000000000000e+03,6.804000000000000000e+03,6.867000000000000000e+03,6.930000000000000000e+03,6.993000000000000000e+03,7.056000000000000000e+03,7.119000000000000000e+03,7.182000000000000000e+03,7.245000000000000000e+03,7.308000000000000000e+03,7.371000000000000000e+03,7.434000000000000000e+03,7.497000000000000000e+03,7.560000000000000000e+03,7.623000000000000000e+03,7.686000000000000000e+03,7.749000000000000000e+03,7.812000000000000000e+03,7.875000000000000000e+03,7.938000000000000000e+03,8.001000000000000000e+03,8.064000000000000000e+03,8.127000000000000000e+03,8.190000000000000000e+03,8.253000000000000000e+03,8.316000000000000000e+03,8.379000000000000000e+03,8.442000000000000000e+03,8.505000000000000000e+03,8.568000000000000000e+03,8.631000000000000000e+03,8.694000000000000000e+03,8.757000000000000000e+03,8.820000000000000000e+03,8.883000000000000000e+03,8.946000000000000000e+03,9.009000000000000000e+03,9.072000000000000000e+03,9.135000000000000000e+03,9.198000000000000000e+03,9.261000000000000000e+03,9.324000000000000000e+03,9.387000000000000000e+03,9.450000000000000000e+03,9.513000000000000000e+03,9.576000000000000000e+03,9.639000000000000000e+03,9.702000000000000000e+03,9.765000000000000000e+03,9.828000000000000000e+03,9.891000000000000000e+03,9.954000000000000000e+03,1.001700000000000000e+04,1.008000000000000000e+04,1.014300000000000000e+04,1.020600000000000000e+04,1.026900000000000000e+04,1.033200000000000000e+04,1.039500000000000000e+04,1.045800000000000000e+04,1.052100000000000000e+04,1.058400000000000000e+04,1.064700000000000000e+04,1.071000000000000000e+04,1.077300000000000000e+04,1.083600000000000000e+04,1.089900000000000000e+04,1.096200000000000000e+04,1.102500000000000000e+04,1.108800000000000000e+04,1.115100000000000000e+04,1.121400000000000000e+04,1.127700000000000000e+04,1.134000000000000000e+04,1.140300000000000000e+04,1.146600000000000000e+04,1.152900000000000000e+04,1.159200000000000000e+04,1.165500000000000000e+04,1.171800000000000000e+04,1.178100000000000000e+04,1.184400000000000000e+04,1.190700000000000000e+04,1.197000000000000000e+04,1.203300000000000000e+04,1.209600000000000000e+04,1.215900000000000000e+04,1.222200000000000000e+04,1.228500000000000000e+04,1.234800000000000000e+04,1.241100000000000000e+04,1.247400000000000000e+04,1.253700000000000000e+04,1.260000000000000000e+04,1.266300000000000000e+04,1.272600000000000000e+04,1.278900000000000000e+04,1.285200000000000000e+04,1.291500000000000000e+04,1.297800000000000000e+04,1.304100000000000000e+04,1.310400000000000000e+04,1.316700000000000000e+04,1.323000000000000000e+04,1.329300000000000000e+04,1.335600000000000000e+04,1.341900000000000000e+04,1.348200000000000000e+04,1.354500000000000000e+04,1.360800000000000000e+04,1.367100000000000000e+04,1.373400000000000000e+04,1.379700000000000000e+04,1.386000000000000000e+04,1.392300000000000000e+04,1.398600000000000000e+04,1.404900000000000000e+04,1.411200000000000000e+04,1.417500000000000000e+04,1.423800000000000000e+04,1.430100000000000000e+04,1.436400000000000000e+04,1.442700000000000000e+04,1.449000000000000000e+04,1.455300000000000000e+04,1.461600000000000000e+04,1.467900000000000000e+04,1.474200000000000000e+04,1.480500000000000000e+04,1.486800000000000000e+04,1.493100000000000000e+04,1.499400000000000000e+04,1.505700000000000000e+04,1.512000000000000000e+04,1.518300000000000000e+04,1.524600000000000000e+04,1.530900000000000000e+04,1.537200000000000000e+04,1.543500000000000000e+04,1.549800000000000000e+04,1.556100000000000000e+04,1.562400000000000000e+04,1.568700000000000000e+04,1.575000000000000000e+04,1.581300000000000000e+04,1.587600000000000000e+04,1.593900000000000000e+04,1.600200000000000000e+04,1.606500000000000000e+04,1.612800000000000000e+04,1.619100000000000000e+04,1.625400000000000000e+04,1.631700000000000000e+04,1.638000000000000000e+04,1.644300000000000000e+04,1.650600000000000000e+04,1.656900000000000000e+04,1.663200000000000000e+04,1.669500000000000000e+04,1.675800000000000000e+04,1.682100000000000000e+04,1.688400000000000000e+04,1.694700000000000000e+04,1.701000000000000000e+04,1.707300000000000000e+04,1.713600000000000000e+04,1.719900000000000000e+04,1.726200000000000000e+04,1.732500000000000000e+04,1.738800000000000000e+04,1.745100000000000000e+04,1.751400000000000000e+04,1.757700000000000000e+04,1.764000000000000000e+04,1.770300000000000000e+04,1.776600000000000000e+04,1.782900000000000000e+04,1.789200000000000000e+04,1.795500000000000000e+04,1.801800000000000000e+04,1.808100000000000000e+04,1.814400000000000000e+04,1.820700000000000000e+04,1.827000000000000000e+04,1.833300000000000000e+04,1.839600000000000000e+04,1.845900000000000000e+04,1.852200000000000000e+04,1.858500000000000000e+04,1.864800000000000000e+04,1.871100000000000000e+04,1.877400000000000000e+04,1.883700000000000000e+04
0.000000000000000000e+00,6.400000000000000000e+01,1.280000000000000000e+02,1.920000000000000000e+02,2.560000000000000000e+02,3.200000000000000000e+02,3.840000000000000000e+02,4.480000000000000000e+02,5.120000000000000000e+02,5.760000000000000000e+02,6.400000000000000000e+02,7.040000000000000000e+02,7.680000000000000000e+02,8.320000000000000000e+02,8.960000000000000000e+02,9.600000000000000000e+02,1.024000000000000000e+03,1.088000000000000000e+03,1.152000000000000000e+03,1.216000000000000000e+03,1.280000000000000000e+03,1.344000000000000000e+03,1.408000000000000000e+03,1.472000000000000000e+03,1.536000000000000000e+03,1.600000000000000000e+03,1.664000000000000000e+03,1.728000000000000000e+03,1.792000000000000000e+03,1.856000000000000000e+03,1.920000000000000000e+03,1.984000000000000000e+03,2.048000000000000000e+03,2.112000000000000000e+03,2.176000000000000000e+03,2.240000000000000000e+03,2.304000000000000000e+03,2.368000000000000000e+03,2.432000000000000000e+03,2.496000000000000000e+03,2.560000000000000000e+03,2.624000000000000000e+03,2.688000000000000000e+03,2.752000000000000000e+03,2.816000000000000000e+03,2.880000000000000000e+03,2.944000000000000000e+03,3.008000000000000000e+03,3.072000000000000000e+03,3.136000000000000000e+03,3.200000000000000000e+03,3.264000000000000000e+03,3.328000000000000000e+03,3.392000000000000000e+03,3.456000000000000000e+03,3.520000000000000000e+03,3.584000000000000000e+03,3.648000000000000000e+03,3.712000000000000000e+03,3.776000000000000000e+03,3.840000000000000000e+03,3.904000000000000000e+03,3.968000000000000000e+03,4.032000000000000000e+03,4.096000000000000000e+03,4.160000000000000000e+03,4.224000000000000000e+03,4.288000000000000000e+03,4.352000000000000000e+03,4.416000000000000000e+03,4.480000000000000000e+03,4.544000000000000000e+03,4.608000000000000000e+03,4.672000000000000000e+03,4.736000000000000000e+03,4.800000000000000000e+03,4.864000000000000000e+03,4.928000000000000000e+03,4.992000000000000000e+03,5.056000000000000000e+03,5.120000000000000000e+03,5.184000000000000000e+03,5.248000000000000000e+03,5.312000000000000000e+03,5.376000000000000000e+03,5.440000000000000000e+03,5.504000000000000000e+03,5.568000000000000000e+03,5.632000000000000000e+03,5.696000000000000000e+03,5.760000000000000000e+03,5.824000000000000000e+03,5.888000000000000000e+03,5.952000000000000000e+03,6.016000000000000000e+03,6.080000000000000000e+03,6.144000000000000000e+03,6.208000000000000000e+03,6.272000000000000000e+03,6.336000000000000000e+03,6.400000000000000000e+03,6.464000000000000000e+03,6.528000000000000000e+03,6.592000000000000000e+03,6.656000000000000000e+03,6.720000000000000000e+03,6.784000000000000000e+03,6.848000000000000000e+03,6.912000000000000000e+03,6.976000000000000000e+03,7.040000000000000000e+03,7.104000000000000000e+03,7.168000000000000000e+03,7.232000000000000000e+03,7.296000000000000000e+03,7.360000000000000000e+03,7.424000000000000000e+03,7.488000000000000000e+03,7.552000000000000000e+03,7.616000000000000000e+03,7.680000000000000000e+03,7.744000000000000000e+03,7.808000000000000000e+03,7.872000000000000000e+03,7.936000000000000000e+03,8.000000000000000000e+03,8.064000000000000000e+03,8.128000000000000000e+03,8.192000000000000000e+03,8.256000000000000000e+03,8.320000000000000000e+03,8.384000000000000000e+03,8.448000000000000000e+03,8.512000000000000000e+03,8.576000000000000000e+03,8.640000000000000000e+03,8.704000000000000000e+03,8.768000000000000000e+03,8.832000000000000000e+03,8.896000000000000000e+03,8.960000000000000000e+03,9.024000000000000000e+03,9.088000000000000000e+03,9.152000000000000000e+03,9.216000000000000000e+03,9.280000000000000000e+03,9.344000000000000000e+03,9.408000000000000000e+03,9.472000000000000000e+03,9.536000000000000000e+03,9.600000000000000000e+03,9.664000000000000000e+03,9.728000000000000000e+03,9.792000000000000000e+03,9.856000000000000000e+03,9.920000000000000000e+03,9.984000000000000000e+03,1.004800000000000000e+04,1.011200000000000000e+04,1.017600000000000000e+04,1.024000000000000000e+04,1.030400000000000000e+04,1.036800000000000000e+04,1.043200000000000000e+04,1.049600000000000000e+04,1.056000000000000000e+04,1.062400000000000000e+04,1.068800000000000000e+04,1.075200000000000000e+04,1.081600000000000000e+04,1.088000000000000000e+04,1.094400000000000000e+04,1.100800000000000000e+04,1.107200000000000000e+04,1.113600000000000000e+04,1.120000000000000000e+04,1.126400000000000000e+04,1.132800000000000000e+04,1.139200000000000000e+04,1.145600000000000000e+04,1.152000000000000000e+04,1.158400000000000000e+04,1.164800000000000000e+04,1.171200000000000000e+04,1.177600000000000000e+04,1.184000000000000000e+04,1.190400000000000000e+04,1.196800000000000000e+04,1.203200000000000000e+04,1.209600000000000000e+04,1.216000000000000000e+04,1.222400000000000000e+04,1.228800000000000000e+04,1.235200000000000000e+04,1.241600000000000000e+04,1.248000000000000000e+04,1.254400000000000000e+04,1.260800000000000000e+04,1.267200000000000000e+04,1.273600000000000000e+04,1.280000000000000000e+04,1.286400000000000000e+04,1.292800000000000000e+04,1.299200000000000000e+04,1.305600000000000000e+04,1.312000000000000000e+04,1.318400000000000000e+04,1.324800000000000000e+04,1.331200000000000000e+04,1.337600000000000000e+04,1.344000000000000000e+04,1.350400000000000000e+04,1.356800000000000000e+04,1.363200000000000000e+04,1.369600000000000000e+04,1.376000000000000000e+04,1.382400000000000000e+04,1.388800000000000000e+04,1.395200000000000000e+04,1.401600000000000000e+04,1.408000000000000000e+04,1.414400000000000000e+04,1.420800000000000000e+04,1.427200000000000000e+04,1.433600000000000000e+04,1.440000000000000000e+04,1.446400000000000000e+04,1.452800000000000000e+04,1.459200000000000000e+04,1.465600000000000000e+04,1.472000000000000000e+04,1.478400000000000000e+04,1.484800000000000000e+04,1.491200000000000000e+04,1.497600000000000000e+04,1.504000000000000000e+04,1.510400000000000000e+04,1.516800000000000000e+04,1.523200000000000000e+04,1.529600000000000000e+04,1.536000000000000000e+04,1.542400000000000000e+04,1.548800000000000000e+04,1.555200000000000000e+04,1.561600000000000000e+04,1.568000000000000000e+04,1.574400000000000000e+04,1.580800000000000000e+04,1.587200000000000000e+04,1.593600000000000000e+04,1.600000000000000000e+04,1.606400000000000000e+04,1.612800000000000000e+04,1.619200000000000000e+04,1.625600000000000000e+04,1.632000000000000000e+04,1.638400000000000000e+04,1.644800000000000000e+04,1.651200000000000000e+04,1.657600000000000000e+04,1.664000000000000000e+04,1.670400000000000000e+04,1.676800000000000000e+04,1.683200000000000000e+04,1.689600000000000000e+04,1.696000000000000000e+04,1.702400000000000000e+04,1.708800000000000000e+04,1.715200000000000000e+04,1.721600000000000000e+04,1.728000000000000000e+04,1.734400000000000000e+04,1.740800000000000000e+04,1.747200000000000000e+04,1.753600000000000000e+04,1.760000000000000000e+04,1.766400000000000000e+04,1.772800000000000000e+04,1.779200000000000000e+04,1.785600000000000000e+04,1.792000000000000000e+04,1.798400000000000000e+04,1.804800000000000000e+04,1.811200000000000000e+04,1.817600000000000000e+04,1.824000000000000000e+04,1.830400000000000000e+04,1.836800000000000000e+04,1.843200000000000000e+04,1.849600000000000000e+04,1.856000000000000000e+04,1.862400000000000000e+04,1.868800000000000000e+04,1.875200000000000000e+04,1.881600000000000000e+04,1.888000000000000000e+04,1.894400000000000000e+04,1.900800000000000000e+04,1.907200000000000000e+04,1.913600000000000000e+04
0.000000000000000000e+00,6.500000000000000000e+01,1.300000000000000000e+02,1.950000000000000000e+02,2.600000000000000000e+02,3.250000000000000000e+02,3.900000000000000000e+02,4.550000000000000000e+02,5.200000000000000000e+02,5.850000000000000000e+02,6.500000000000000000e+02,7.150000000000000000e+02,7.800000000000000000e+02,8.450000000000000000e+02,9.100000000000000000e+02,9.750000000000000000e+02,1.040000000000000000e+03,1.105000000000000000e+03,1.170000000000000000e+03,1.235000000000000000e+03,1.300000000000000000e+03,1.365000000000000000e+03,1.430000000000000000e+03,1.495000000000000000e+03,1.560000000000000000e+03,1.625000000000000000e+03,1.690000000000000000e+03,1.755000000000000000e+03,1.820000000000000000e+03,1.885000000000000000e+03,1.950000000000000000e+03,2.015000000000000000e+03,2.080000000000000000e+03,2.145000000000000000e+03,2.210000000000000000e+03,2.275000000000000000e+03,2.340000000000000000e+03,2.405000000000000000e+03,2.470000000000000000e+03,2.535000000000000000e+03,2.600000000000000000e+03,2.665000000000000000e+03,2.730000000000000000e+03,2.795000000000000000e+03,2.860000000000000000e+03,2.925000000000000000e+03,2.990000000000000000e+03,3.055000000000000000e+03,3.120000000000000000e+03,3.185000000000000000e+03,3.250000000000000000e+03,3.315000000000000000e+03,3.380000000000000000e+03,3.445000000000000000e+03,3.510000000000000000e+03,3.575000000000000000e+03,3.640000000000000000e+03,3.705000000000000000e+03,3.770000000000000000e+03,3.835000000000000000e+03,3.900000000000000000e+03,3.965000000000000000e+03,4.030000000000000000e+03,4.095000000000000000e+03,4.160000000000000000e+03,4.225000000000000000e+03,4.290000000000000000e+03,4.355000000000000000e+03,4.420000000000000000e+03,4.485000000000000000e+03,4.550000000000000000e+03,4.615000000000000000e+03,4.680000000000000000e+03,4.745000000000000000e+03,4.810000000000000000e+03,4.875000000000000000e+03,4.940000000000000000e+03,5.005000000000000000e+03,5.070000000000000000e+03,5.135000000000000000e+03,5.200000000000000000e+03,5.265000000000000000e+03,5.330000000000000000e+03,5.395000000000000000e+03,5.460000000000000000e+03,5.525000000000000000e+03,5.590000000000000000e+03,5.655000000000000000e+03,5.720000000000000000e+03,5.785000000000000000e+03,5.850000000000000000e+03,5.915000000000000000e+03,5.980000000000000000e+03,6.045000000000000000e+03,6.110000000000000000e+03,6.175000000000000000e+03,6.240000000000000000e+03,6.305000000000000000e+03,6.370000000000000000e+03,6.435000000000000000e+03,6.500000000000000000e+03,6.565000000000000000e+03,6.630000000000000000e+03,6.695000000000000000e+03,6.760000000000000000e+03,6.825000000000000000e+03,6.890000000000000000e+03,6.955000000000000000e+03,7.020000000000000000e+03,7.085000000000000000e+03,7.150000000000000000e+03,7.215000000000000000e+03,7.280000000000000000e+03,7.345000000000000000e+03,7.410000000000000000e+03,7.475000000000000000e+03,7.540000000000000000e+03,7.605000000000000000e+03,7.670000000000000000e+03,7.735000000000000000e+03,7.800000000000000000e+03,7.865000000000000000e+03,7.930000000000000000e+03,7.995000000000000000e+03,8.060000000000000000e+03,8.125000000000000000e+03,8.190000000000000000e+03,8.255000000000000000e+03,8.320000000000000000e+03,8.385000000000000000e+03,8.450000000000000000e+03,8.515000000000000000e+03,8.580000000000000000e+03,8.645000000000000000e+03,8.710000000000000000e+03,8.775000000000000000e+03,8.840000000000000000e+03,8.905000000000000000e+03,8.970000000000000000e+03,9.035000000000000000e+03,9.100000000000000000e+03,9.165000000000000000e+03,9.230000000000000000e+03,9.295000000000000000e+03,9.360000000000000000e+03,9.425000000000000000e+03,9.490000000000000000e+03,9.555000000000000000e+03,9.620000000000000000e+03,9.685000000000000000e+03,9.750000000000000000e+03,9.815000000000000000e+03,9.880000000000000000e+03,9.945000000000000000e+03,1.001000000000000000e+04,1.007500000000000000e+04,1.014000000000000000e+04,1.020500000000000000e+04,1.027000000000000000e+04,1.033500000000000000e+04,1.040000000000000000e+04,1.046500000000000000e+04,1.053000000000000000e+04,1.059500000000000000e+04,1.066000000000000000e+04,1.072500000000000000e+04,1.079000000000000000e+04,1.085500000000000000e+04,1.092000000000000000e+04,1.098500000000000000e+04,1.105000000000000000e+04,1.111500000000000000e+04,1.118000000000000000e+04,1.124500000000000000e+04,1.131000000000000000e+04,1.137500000000000000e+04,1.144000000000000000e+04,1.150500000000000000e+04,1.157000000000000000e+04,1.163500000000000000e+04,1.170000000000000000e+04,1.176500000000000000e+04,1.183000000000000000e+04,1.189500000000000000e+04,1.196000000000000000e+04,1.202500000000000000e+04,1.209000000000000000e+04,1.215500000000000000e+04,1.222000000000000000e+04,1.228500000000000000e+04,1.235000000000000000e+04,1.241500000000000000e+04,1.248000000000000000e+04,1.254500000000000000e+04,1.261000000000000000e+04,1.267500000000000000e+04,1.274000000000000000e+04,1.280500000000000000e+04,1.287000000000000000e+04,1.293500000000000000e+04,1.300000000000000000e+04,1.306500000000000000e+04,1.313000000000000000e+04,1.319500000000000000e+04,1.326000000000000000e+04,1.332500000000000000e+04,1.339000000000000000e+04,1.345500000000000000e+04,1.352000000000000000e+04,1.358500000000000000e+04,1.365000000000000000e+04,1.371500000000000000e+04,1.378000000000000000e+04,1.384500000000000000e+04,1.391000000000000000e+04,1.397500000000000000e+04,1.404000000000000000e+04,1.410500000000000000e+04,1.417000000000000000e+04,1.423500000000000000e+04,1.430000000000000000e+04,1.436500000000000000e+04,1.443000000000000000e+04,1.449500000000000000e+04,1.456000000000000000e+04,1.462500000000000000e+04,1.469000000000000000e+04,1.475500000000000000e+04,1.482000000000000000e+04,1.488500000000000000e+04,1.495000000000000000e+04,1.501500000000000000e+04,1.508000000000000000e+04,1.514500000000000000e+04,1.521000000000000000e+04,1.527500000000000000e+04,1.534000000000000000e+04,1.540500000000000000e+04,1.547000000000000000e+04,1.553500000000000000e+04,1.560000000000000000e+04,1.566500000000000000e+04,1.573000000000000000e+04,1.579500000000000000e+04,1.586000000000000000e+04,1.592500000000000000e+04,1.599000000000000000e+04,1.605500000000000000e+04,1.612000000000000000e+04,1.618500000000000000e+04,1.625000000000000000e+04,1.631500000000000000e+04,1.638000000000000000e+04,1.644500000000000000e+04,1.651000000000000000e+04,1.657500000000000000e+04,1.664000000000000000e+04,1.670500000000000000e+04,1.677000000000000000e+04,1.683500000000000000e+04,1.690000000000000000e+04,1.696500000000000000e+04,1.703000000000000000e+04,1.709500000000000000e+04,1.716000000000000000e+04,1.722500000000000000e+04,1.729000000000000000e+04,1.735500000000000000e+04,1.742000000000000000e+04,1.748500000000000000e+04,1.755000000000000000e+04,1.761500000000000000e+04,1.768000000000000000e+04,1.774500000000000000e+04,1.781000000000000000e+04,1.787500000000000000e+04,1.794000000000000000e+04,1.800500000000000000e+04,1.807000000000000000e+04,1.813500000000000000e+04,1.820000000000000000e+04,1.826500000000000000e+04,1.833000000000000000e+04,1.839500000000000000e+04,1.846000000000000000e+04,1.852500000000000000e+04,1.859000000000000000e+04,1.865500000000000000e+04,1.872000000000000000e+04,1.878500000000000000e+04,1.885000000000000000e+04,1.891500000000000000e+04,1.898000000000000000e+04,1.904500000000000000e+04,1.911000000000000000e+04,1.917500000000000000e+04,1.924000000000000000e+04,1.930500000000000000e+04,1.937000000000000000e+04,1.943500000000000000e+04
0.000000000000000000e+00,6.600000000000000000e+01,1.320000000000000000e+02,1.980000000000000000e+02,2.640000000000000000e+02,3.300000000000000000e+02,3.960000000000000000e+02,4.620000000000000000e+02,5.280000000000000000e+02,5.940000000000000000e+02,6.600000000000000000e+02,7.260000000000000000e+02,7.920000000000000000e+02,8.580000000000000000e+02,9.240000000000000000e+02,9.900000000000000000e+02,1.056000000000000000e+03,1.122000000000000000e+03,1.188000000000000000e+03,1.254000000000000000e+03,1.320000000000000000e+03,1.386000000000000000e+03,1.452000000000000000e+03,1.518000000000000000e+03,1.584000000000000000e+03,1.650000000000000000e+03,1.716000000000000000e+03,1.782000000000000000e+03,1.848000000000000000e+03,1.914000000000000000e+03,1.980000000000000000e+03,2.046000000000000000e+03,2.112000000000000000e+03,2.178000000000000000e+03,2.244000000000000000e+03,2.310000000000000000e+03,2.376000000000000000e+03,2.442000000000000000e+03,2.508000000000000000e+03,2.574000000000000000e+03,2.640000000000000000e+03,2.706000000000000000e+03,2.772000000000000000e+03,2.838000000000000000e+03,2.904000000000000000e+03,2.970000000000000000e+03,3.036000000000000000e+03,3.102000000000000000e+03,3.168000000000000000e+03,3.234000000000000000e+03,3.300000000000000000e+03,3.366000000000000000e+03,3.432000000000000000e+03,3.498000000000000000e+03,3.564000000000000000e+03,3.630000000000000000e+03,3.696000000000000000e+03,3.762000000000000000e+03,3.828000000000000000e+03,3.894000000000000000e+03,3.960000000000000000e+03,4.026000000000000000e+03,4.092000000000000000e+03,4.158000000000000000e+03,4.224000000000000000e+03,4.290000000000000000e+03,4.356000000000000000e+03,4.422000000000000000e+03,4.488000000000000000e+03,4.554000000000000000e+03,4.620000000000000000e+03,4.686000000000000000e+03,4.752000000000000000e+03,4.818000000000000000e+03,4.884000000000000000e+03,4.950000000000000000e+03,5.016000000000000000e+03,5.082000000000000000e+03,5.148000000000000000e+03,5.214000000000000000e+03,5.280000000000000000e+03,5.346000000000000000e+03,5.412000000000000000e+03,5.478000000000000000e+03,5.544000000000000000e+03,5.610000000000000000e+03,5.676000000000000000e+03,5.742000000000000000e+03,5.808000000000000000e+03,5.874000000000000000e+03,5.940000000000000000e+03,6.006000000000000000e+03,6.072000000000000000e+03,6.138000000000000000e+03,6.204000000000000000e+03,6.270000000000000000e+03,6.336000000000000000e+03,6.402000000000000000e+03,6.468000000000000000e+03,6.534000000000000000e+03,6.600000000000000000e+03,6.666000000000000000e+03,6.732000000000000000e+03,6.798000000000000000e+03,6.864000000000000000e+03,6.930000000000000000e+03,6.996000000000000000e+03,7.062000000000000000e+03,7.128000000000000000e+03,7.194000000000000000e+03,7.260000000000000000e+03,7.326000000000000000e+03,7.392000000000000000e+03,7.458000000000000000e+03,7.524000000000000000e+03,7.590000000000000000e+03,7.656000000000000000e+03,7.722000000000000000e+03,7.788000000000000000e+03,7.854000000000000000e+03,7.920000000000000000e+03,7.986000000000000000e+03,8.052000000000000000e+03,8.118000000000000000e+03,8.184000000000000000e+03,8.250000000000000000e+03,8.316000000000000000e+03,8.382000000000000000e+03,8.448000000000000000e+03,8.514000000000000000e+03,8.580000000000000000e+03,8.646000000000000000e+03,8.712000000000000000e+03,8.778000000000000000e+03,8.844000000000000000e+03,8.910000000000000000e+03,8.976000000000000000e+03,9.042000000000000000e+03,9.108000000000000000e+03,9.174000000000000000e+03,9.240000000000000000e+03,9.306000000000000000e+03,9.372000000000000000e+03,9.438000000000000000e+03,9.504000000000000000e+03,9.570000000000000000e+03,9.636000000000000000e+03,9.702000000000000000e+03,9.768000000000000000e+03,9.834000000000000000e+03,9.900000000000000000e+03,9.966000000000000000e+03,1.003200000000000000e+04,1.009800000000000000e+04,1.016400000000000000e+04,1.023000000000000000e+04,1.029600000000000000e+04,1.036200000000000000e+04,1.042800000000000000e+04,1.049400000000000000e+04,1.056000000000000000e+04,1.062600000000000000e+04,1.069200000000000000e+04,1.075800000000000000e+04,1.082400000000000000e+04,1.089000000000000000e+04,1.095600000000000000e+04,1.102200000000000000e+04,1.108800000000000000e+04,1.115400000000000000e+04,1.122000000000000000e+04,1.128600000000000000e+04,1.135200000000000000e+04,1.141800000000000000e+04,1.148400000000000000e+04,1.155000000000000000e+04,1.161600000000000000e+04,1.168200000000000000e+04,1.174800000000000000e+04,1.181400000000000000e+04,1.188000000000000000e+04,1.194600000000000000e+04,1.201200000000000000e+04,1.207800000000000000e+04,1.214400000000000000e+04,1.221000000000000000e+04,1.227600000000000000e+04,1.234200000000000000e+04,1.240800000000000000e+04,1.247400000000000000e+04,1.254000000000000000e+04,1.260600000000000000e+04,1.267200000000000000e+04,1.273800000000000000e+04,1.280400000000000000e+04,1.287000000000000000e+04,1.293600000000000000e+04,1.300200000000000000e+04,1.306800000000000000e+04,1.313400000000000000e+04,1.320000000000000000e+04,1.326600000000000000e+04,1.333200000000000000e+04,1.339800000000000000e+04,1.346400000000000000e+04,1.353000000000000000e+04,1.359600000000000000e+04,1.366200000000000000e+04,1.372800000000000000e+04,1.379400000000000000e+04,1.386000000000000000e+04,1.392600000000000000e+04,1.399200000000000000e+04,1.405800000000000000e+04,1.412400000000000000e+04,1.419000000000000000e+04,1.425600000000000000e+04,1.432200000000000000e+04,1.438800000000000000e+04,1.445400000000000000e+04,1.452000000000000000e+04,1.458600000000000000e+04,1.465200000000000000e+04,1.471800000000000000e+04,1.478400000000000000e+04,1.485000000000000000e+04,1.491600000000000000e+04,1.498200000000000000e+04,1.504800000000000000e+04,1.511400000000000000e+04,1.518000000000000000e+04,1.524600000000000000e+04,1.531200000000000000e+04,1.537800000000000000e+04,1.544400000000000000e+04,1.551000000000000000e+04,1.557600000000000000e+04,1.564200000000000000e+04,1.570800000000000000e+04,1.577400000000000000e+04,1.584000000000000000e+04,1.590600000000000000e+04,1.597200000000000000e+04,1.603800000000000000e+04,1.610400000000000000e+04,1.617000000000000000e+04,1.623600000000000000e+04,1.630200000000000000e+04,1.636800000000000000e+04,1.643400000000000000e+04,1.650000000000000000e+04,1.656600000000000000e+04,1.663200000000000000e+04,1.669800000000000000e+04,1.676400000000000000e+04,1.683000000000000000e+04,1.689600000000000000e+04,1.696200000000000000e+04,1.702800000000000000e+04,1.709400000000000000e+04,1.716000000000000000e+04,1.722600000000000000e+04,1.729200000000000000e+04,1.735800000000000000e+04,1.742400000000000000e+04,1.749000000000000000e+04,1.755600000000000000e+04,1.762200000000000000e+04,1.768800000000000000e+04,1.775400000000000000e+04,1.782000000000000000e+04,1.788600000000000000e+04,1.795200000000000000e+04,1.801800000000000000e+04,1.808400000000000000e+04,1.815000000000000000e+04,1.821600000000000000e+04,1.828200000000000000e+04,1.834800000000000000e+04,1.841400000000000000e+04,1.848000000000000000e+04,1.854600000000000000e+04,1.861200000000000000e+04,1.867800000000000000e+04,1.874400000000000000e+04,1.881000000000000000e+04,1.887600000000000000e+04,1.894200000000000000e+04,1.900800000000000000e+04,1.907400000000000000e+04,1.914000000000000000e+04,1.920600000000000000e+04,1.927200000000000000e+04,1.933800000000000000e+04,1.940400000000000000e+04,1.947000000000000000e+04,1.953600000000000000e+04,1.960200000000000000e+04,1.966800000000000000e+04,1.973400000000000000e+04
0.000000000000000000e+00,6.700000000000000000e+01,1.340000000000000000e+02,2.010000000000000000e+02,2.680000000000000000e+02,3.350000000000000000e+02,4.020000000000000000e+02,4.690000000000000000e+02,5.360000000000000000e+02,6.030000000000000000e+02,6.700000000000000000e+02,7.370000000000000000e+02,8.040000000000000000e+02,8.710000000000000000e+02,9.380000000000000000e+02,1.005000000000000000e+03,1.072000000000000000e+03,1.139000000000000000e+03,1.206000000000000000e+03,1.273000000000000000e+03,1.340000000000000000e+03,1.407000000000000000e+03,1.474000000000000000e+03,1.541000000000000000e+03,1.608000000000000000e+03,1.675000000000000000e+03,1.742000000000000000e+03,1.809000000000000000e+03,1.876000000000000000e+03,1.943000000000000000e+03,2.010000000000000000e+03,2.077000000000000000e+03,2.144000000000000000e+03,2.211000000000000000e+03,2.278000000000000000e+03,2.345000000000000000e+03,2.412000000000000000e+03,2.479000000000000000e+03,2.546000000000000000e+03,2.613000000000000000e+03,2.680000000000000000e+03,2.747000000000000000e+03,2.814000000000000000e+03,2.881000000000000000e+03,2.948000000000000000e+03,3.015000000000000000e+03,3.082000000000000000e+03,3.149000000000000000e+03,3.216000000000000000e+03,3.283000000000000000e+03,3.350000000000000000e+03,3.417000000000000000e+03,3.484000000000000000e+03,3.551000000000000000e+03,3.618000000000000000e+03,3.685000000000000000e+03,3.752000000000000000e+03,3.819000000000000000e+03,3.886000000000000000e+03,3.953000000000000000e+03,4.020000000000000000e+03,4.087000000000000000e+03,4.154000000000000000e+03,4.221000000000000000e+03,4.288000000000000000e+03,4.355000000000000000e+03,4.422000000000000000e+03,4.489000000000000000e+03,4.556000000000000000e+03,4.623000000000000000e+03,4.690000000000000000e+03,4.757000000000000000e+03,4.824000000000000000e+03,4.891000000000000000e+03,4.958000000000000000e+03,5.025000000000000000e+03,5.092000000000000000e+03,5.159000000000000000e+03,5.226000000000000000e+03,5.293000000000000000e+03,5.360000000000000000e+03,5.427000000000000000e+03,5.494000000000000000e+03,5.561000000000000000e+03,5.628000000000000000e+03,5.695000000000000000e+03,5.762000000000000000e+03,5.829000000000000000e+03,5.896000000000000000e+03,5.963000000000000000e+03,6.030000000000000000e+03,6.097000000000000000e+03,6.164000000000000000e+03,6.231000000000000000e+03,6.298000000000000000e+03,6.365000000000000000e+03,6.432000000000000000e+03,6.499000000000000000e+03,6.566000000000000000e+03,6.633000000000000000e+03,6.700000000000000000e+03,6.767000000000000000e+03,6.834000000000000000e+03,6.901000000000000000e+03,6.968000000000000000e+03,7.035000000000000000e+03,7.102000000000000000e+03,7.169000000000000000e+03,7.236000000000000000e+03,7.303000000000000000e+03,7.370000000000000000e+03,7.437000000000000000e+03,7.504000000000000000e+03,7.571000000000000000e+03,7.638000000000000000e+03,7.705000000000000000e+03,7.772000000000000000e+03,7.839000000000000000e+03,7.906000000000000000e+03,7.973000000000000000e+03,8.040000000000000000e+03,8.107000000000000000e+03,8.174000000000000000e+03,8.241000000000000000e+03,8.308000000000000000e+03,8.375000000000000000e+03,8.442000000000000000e+03,8.509000000000000000e+03,8.576000000000000000e+03,8.643000000000000000e+03,8.710000000000000000e+03,8.777000000000000000e+03,8.844000000000000000e+03,8.911000000000000000e+03,8.978000000000000000e+03,9.045000000000000000e+03,9.112000000000000000e+03,9.179000000000000000e+03,9.246000000000000000e+03,9.313000000000000000e+03,9.380000000000000000e+03,9.447000000000000000e+03,9.514000000000000000e+03,9.581000000000000000e+03,9.648000000000000000e+03,9.715000000000000000e+03,9.782000000000000000e+03,9.849000000000000000e+03,9.916000000000000000e+03,9.983000000000000000e+03,1.005000000000000000e+04,1.011700000000000000e+04,1.018400000000000000e+04,1.025100000000000000e+04,1.031800000000000000e+04,1.038500000000000000e+04,1.045200000000000000e+04,1.051900000000000000e+04,1.058600000000000000e+04,1.065300000000000000e+04,1.072000000000000000e+04,1.078700000000000000e+04,1.085400000000000000e+04,1.092100000000000000e+04,1.098800000000000000e+04,1.105500000000000000e+04,1.112200000000000000e+04,1.118900000000000000e+04,1.125600000000000000e+04,1.132300000000000000e+04,1.139000000000000000e+04,1.145700000000000000e+04,1.152400000000000000e+04,1.159100000000000000e+04,1.165800000000000000e+04,1.172500000000000000e+04,1.179200000000000000e+04,1.185900000000000000e+04,1.192600000000000000e+04,1.199300000000000000e+04,1.206000000000000000e+04,1.212700000000000000e+04,1.219400000000000000e+04,1.226100000000000000e+04,1.232800000000000000e+04,1.239500000000000000e+04,1.246200000000000000e+04,1.252900000000000000e+04,1.259600000000000000e+04,1.266300000000000000e+04,1.273000000000000000e+04,1.279700000000000000e+04,1.286400000000000000e+04,1.293100000000000000e+04,1.299800000000000000e+04,1.306500000000000000e+04,1.313200000000000000e+04,1.319900000000000000e+04,1.326600000000000000e+04,1.333300000000000000e+04,1.340000000000000000e+04,1.346700000000000000e+04,1.353400000000000000e+04,1.360100000000000000e+04,1.366800000000000000e+04,1.373500000000000000e+04,1.380200000000000000e+04,1.386900000000000000e+04,1.393600000000000000e+04,1.400300000000000000e+04,1.407000000000000000e+04,1.413700000000000000e+04,1.420400000000000000e+04,1.427100000000000000e+04,1.433800000000000000e+04,1.440500000000000000e+04,1.447200000000000000e+04,1.453900000000000000e+04,1.460600000000000000e+04,1.467300000000000000e+04,1.474000000000000000e+04,1.480700000000000000e+04,1.487400000000000000e+04,1.494100000000000000e+04,1.500800000000000000e+04,1.507500000000000000e+04,1.514200000000000000e+04,1.520900000000000000e+04,1.527600000000000000e+04,1.534300000000000000e+04,1.541000000000000000e+04,1.547700000000000000e+04,1.554400000000000000e+04,1.561100000000000000e+04,1.567800000000000000e+04,1.574500000000000000e+04,1.581200000000000000e+04,1.587900000000000000e+04,1.594600000000000000e+04,1.601300000000000000e+04,1.608000000000000000e+04,1.614700000000000000e+04,1.621400000000000000e+04,1.628100000000000000e+04,1.634800000000000000e+04,1.641500000000000000e+04,1.648200000000000000e+04,1.654900000000000000e+04,1.661600000000000000e+04,1.668300000000000000e+04,1.675000000000000000e+04,1.681700000000000000e+04,1.688400000000000000e+04,1.695100000000000000e+04,1.701800000000000000e+04,1.708500000000000000e+04,1.715200000000000000e+04,1.721900000000000000e+04,1.728600000000000000e+04,1.735300000000000000e+04,1.742000000000000000e+04,1.748700000000000000e+04,1.755400000000000000e+04,1.762100000000000000e+04,1.768800000000000000e+04,1.775500000000000000e+04,1.782200000000000000e+04,1.788900000000000000e+04,1.795600000000000000e+04,1.802300000000000000e+04,1.809000000000000000e+04,1.815700000000000000e+04,1.822400000000000000e+04,1.829100000000000000e+04,1.835800000000000000e+04,1.842500000000000000e+04,1.849200000000000000e+04,1.855900000000000000e+04,1.862600000000000000e+04,1.869300000000000000e+04,1.876000000000000000e+04,1.882700000000000000e+04,1.889400000000000000e+04,1.896100000000000000e+04,1.902800000000000000e+04,1.909500000000000000e+04,1.916200000000000000e+04,1.922900000000000000e+04,1.929600000000000000e+04,1.936300000000000000e+04,1.943000000000000000e+04,1.949700000000000000e+04,1.956400000000000000e+04,1.963100000000000000e+04,1.969800000000000000e+04,1.976500000000000000e+04,1.983200000000000000e+04,1.989900000000000000e+04,1.996600000000000000e+04,2.003300000000000000e+04
0.000000000000000000e+00,6.800000000000000000e+01,1.360000000000000000e+02,2.040000000000000000e+02,2.720000000000000000e+02,3.400000000000000000e+02,4.080000000000000000e+02,4.760000000000000000e+02,5.440000000000000000e+02,6.120000000000000000e+02,6.800000000000000000e+02,7.480000000000000000e+02,8.160000000000000000e+02,8.840000000000000000e+02,9.520000000000000000e+02,1.020000000000000000e+03,1.088000000000000000e+03,1.156000000000000000e+03,1.224000000000000000e+03,1.292000000000000000e+03,1.360000000000000000e+03,1.428000000000000000e+03,1.496000000000000000e+03,1.564000000000000000e+03,1.632000000000000000e+03,1.700000000000000000e+03,1.768000000000000000e+03,1.836000000000000000e+03,1.904000000000000000e+03,1.972000000000000000e+03,2.040000000000000000e+03,2.108000000000000000e+03,2.176000000000000000e+03,2.244000000000000000e+03,2.312000000000000000e+03,2.380000000000000000e+03,2.448000000000000000e+03,2.516000000000000000e+03,2.584000000000000000e+03,2.652000000000000000e+03,2.720000000000000000e+03,2.788000000000000000e+03,2.856000000000000000e+03,2.924000000000000000e+03,2.992000000000000000e+03,3.060000000000000000e+03,3.128000000000000000e+03,3.196000000000000000e+03,3.264000000000000000e+03,3.332000000000000000e+03,3.400000000000000000e+03,3.468000000000000000e+03,3.536000000000000000e+03,3.604000000000000000e+03,3.672000000000000000e+03,3.740000000000000000e+03,3.808000000000000000e+03,3.876000000000000000e+03,3.944000000000000000e+03,4.012000000000000000e+03,4.080000000000000000e+03,4.148000000000000000e+03,4.216000000000000000e+03,4.284000000000000000e+03,4.352000000000000000e+03,4.420000000000000000e+03,4.488000000000000000e+03,4.556000000000000000e+03,4.624000000000000000e+03,4.692000000000000000e+03,4.760000000000000000e+03,4.828000000000000000e+03,4.896000000000000000e+03,4.964000000000000000e+03,5.032000000000000000e+03,5.100000000000000000e+03,5.168000000000000000e+03,5.236000000000000000e+03,5.304000000000000000e+03,5.372000000000000000e+03,5.440000000000000000e+03,5.508000000000000000e+03,5.576000000000000000e+03,5.644000000000000000e+03,5.712000000000000000e+03,5.780000000000000000e+03,5.848000000000000000e+03,5.916000000000000000e+03,5.984000000000000000e+03,6.052000000000000000e+03,6.120000000000000000e+03,6.188000000000000000e+03,6.256000000000000000e+03,6.324000000000000000e+03,6.392000000000000000e+03,6.460000000000000000e+03,6.528000000000000000e+03,6.596000000000000000e+03,6.664000000000000000e+03,6.732000000000000000e+03,6.800000000000000000e+03,6.868000000000000000e+03,6.936000000000000000e+03,7.004000000000000000e+03,7.072000000000000000e+03,7.140000000000000000e+03,7.208000000000000000e+03,7.276000000000000000e+03,7.344000000000000000e+03,7.412000000000000000e+03,7.480000000000000000e+03,7.548000000000000000e+03,7.616000000000000000e+03,7.684000000000000000e+03,7.752000000000000000e+03,7.820000000000000000e+03,7.888000000000000000e+03,7.956000000000000000e+03,8.024000000000000000e+03,8.092000000000000000e+03,8.160000000000000000e+03,8.228000000000000000e+03,8.296000000000000000e+03,8.364000000000000000e+03,8.432000000000000000e+03,8.500000000000000000e+03,8.568000000000000000e+03,8.636000000000000000e+03,8.704000000000000000e+03,8.772000000000000000e+03,8.840000000000000000e+03,8.908000000000000000e+03,8.976000000000000000e+03,9.044000000000000000e+03,9.112000000000000000e+03,9.180000000000000000e+03,9.248000000000000000e+03,9.316000000000000000e+03,9.384000000000000000e+03,9.452000000000000000e+03,9.520000000000000000e+03,9.588000000000000000e+03,9.656000000000000000e+03,9.724000000000000000e+03,9.792000000000000000e+03,9.860000000000000000e+03,9.928000000000000000e+03,9.996000000000000000e+03,1.006400000000000000e+04,1.013200000000000000e+04,1.020000000000000000e+04,1.026800000000000000e+04,1.033600000000000000e+04,1.040400000000000000e+04,1.047200000000000000e+04,1.054000000000000000e+04,1.060800000000000000e+04,1.067600000000000000e+04,1.074400000000000000e+04,1.081200000000000000e+04,1.088000000000000000e+04,1.094800000000000000e+04,1.101600000000000000e+04,1.108400000000000000e+04,1.115200000000000000e+04,1.122000000000000000e+04,1.128800000000000000e+04,1.135600000000000000e+04,1.142400000000000000e+04,1.149200000000000000e+04,1.156000000000000000e+04,1.162800000000000000e+04,1.169600000000000000e+04,1.176400000000000000e+04,1.183200000000000000e+04,1.190000000000000000e+04,1.196800000000000000e+04,1.203600000000000000e+04,1.210400000000000000e+04,1.217200000000000000e+04,1.224000000000000000e+04,1.230800000000000000e+04,1.237600000000000000e+04,1.244400000000000000e+04,1.251200000000000000e+04,1.258000000000000000e+04,1.264800000000000000e+04,1.271600000000000000e+04,1.278400000000000000e+04,1.285200000000000000e+04,1.292000000000000000e+04,1.298800000000000000e+04,1.305600000000000000e+04,1.312400000000000000e+04,1.319200000000000000e+04,1.326000000000000000e+04,1.332800000000000000e+04,1.339600000000000000e+04,1.346400000000000000e+04,1.353200000000000000e+04,1.360000000000000000e+04,1.366800000000000000e+04,1.373600000000000000e+04,1.380400000000000000e+04,1.387200000000000000e+04,1.394000000000000000e+04,1.400800000000000000e+04,1.407600000000000000e+04,1.414400000000000000e+04,1.421200000000000000e+04,1.428000000000000000e+04,1.434800000000000000e+04,1.441600000000000000e+04,1.448400000000000000e+04,1.455200000000000000e+04,1.462000000000000000e+04,1.468800000000000000e+04,1.475600000000000000e+04,1.482400000000000000e+04,1.489200000000000000e+04,1.496000000000000000e+04,1.502800000000000000e+04,1.509600000000000000e+04,1.516400000000000000e+04,1.523200000000000000e+04,1.530000000000000000e+04,1.536800000000000000e+04,1.543600000000000000e+04,1.550400000000000000e+04,1.557200000000000000e+04,1.564000000000000000e+04,1.570800000000000000e+04,1.577600000000000000e+04,1.584400000000000000e+04,1.591200000000000000e+04,1.598000000000000000e+04,1.604800000000000000e+04,1.611600000000000000e+04,1.618400000000000000e+04,1.625200000000000000e+04,1.632000000000000000e+04,1.638800000000000000e+04,1.645600000000000000e+04,1.652400000000000000e+04,1.659200000000000000e+04,1.666000000000000000e+04,1.672800000000000000e+04,1.679600000000000000e+04,1.686400000000000000e+04,1.693200000000000000e+04,1.700000000000000000e+04,1.706800000000000000e+04,1.713600000000000000e+04,1.720400000000000000e+04,1.727200000000000000e+04,1.734000000000000000e+04,1.740800000000000000e+04,1.747600000000000000e+04,1.754400000000000000e+04,1.761200000000000000e+04,1.768000000000000000e+04,1.774800000000000000e+04,1.781600000000000000e+04,1.788400000000000000e+04,1.795200000000000000e+04,1.802000000000000000e+04,1.808800000000000000e+04,1.815600000000000000e+04,1.822400000000000000e+04,1.829200000000000000e+04,1.836000000000000000e+04,1.842800000000000000e+04,1.849600000000000000e+04,1.856400000000000000e+04,1.863200000000000000e+04,1.870000000000000000e+04,1.876800000000000000e+04,1.883600000000000000e+04,1.890400000000000000e+04,1.897200000000000000e+04,1.904000000000000000e+04,1.910800000000000000e+04,1.917600000000000000e+04,1.924400000000000000e+04,1.931200000000000000e+04,1.938000000000000000e+04,1.944800000000000000e+04,1.951600000000000000e+04,1.958400000000000000e+04,1.965200000000000000e+04,1.972000000000000000e+04,1.978800000000000000e+04,1.985600000000000000e+04,1.992400000000000000e+04,1.999200000000000000e+04,2.006000000000000000e+04,2.012800000000000000e+04,2.019600000000000000e+04,2.026400000000000000e+04,2.033200000000000000e+04
0.000000000000000000e+00,6.900000000000000000e+01,1.380000000000000000e+02,2.070000000000000000e+02,2.760000000000000000e+02,3.450000000000000000e+02,4.140000000000000000e+02,4.830000000000000000e+02,5.520000000000000000e+02,6.210000000000000000e+02,6.900000000000000000e+02,7.590000000000000000e+02,8.280000000000000000e+02,8.970000000000000000e+02,9.660000000000000000e+02,1.035000000000000000e+03,1.104000000000000000e+03,1.173000000000000000e+03,1.242000000000000000e+03,1.311000000000000000e+03,1.380000000000000000e+03,1.449000000000000000e+03,1.518000000000000000e+03,1.587000000000000000e+03,1.656000000000000000e+03,1.725000000000000000e+03,1.794000000000000000e+03,1.863000000000000000e+03,1.932000000000000000e+03,2.001000000000000000e+03,2.070000000000000000e+03,2.139000000000000000e+03,2.208000000000000000e+03,2.277000000000000000e+03,2.346000000000000000e+03,2.415000000000000000e+03,2.484000000000000000e+03,2.553000000000000000e+03,2.622000000000000000e+03,2.691000000000000000e+03,2.760000000000000000e+03,2.829000000000000000e+03,2.898000000000000000e+03,2.967000000000000000e+03,3.036000000000000000e+03,3.105000000000000000e+03,3.174000000000000000e+03,3.243000000000000000e+03,3.312000000000000000e+03,3.381000000000000000e+03,3.450000000000000000e+03,3.519000000000000000e+03,3.588000000000000000e+03,3.657000000000000000e+03,3.726000000000000000e+03,3.795000000000000000e+03,3.864000000000000000e+03,3.933000000000000000e+03,4.002000000000000000e+03,4.071000000000000000e+03,4.140000000000000000e+03,4.209000000000000000e+03,4.278000000000000000e+03,4.347000000000000000e+03,4.416000000000000000e+03,4.485000000000000000e+03,4.554000000000000000e+03,4.623000000000000000e+03,4.692000000000000000e+03,4.761000000000000000e+03,4.830000000000000000e+03,4.899000000000000000e+03,4.968000000000000000e+03,5.037000000000000000e+03,5.106000000000000000e+03,5.175000000000000000e+03,5.244000000000000000e+03,5.313000000000000000e+03,5.382000000000000000e+03,5.451000000000000000e+03,5.520000000000000000e+03,5.589000000000000000e+03,5.658000000000000000e+03,5.727000000000000000e+03,5.796000000000000000e+03,5.865000000000000000e+03,5.934000000000000000e+03,6.003000000000000000e+03,6.072000000000000000e+03,6.141000000000000000e+03,6.210000000000000000e+03,6.279000000000000000e+03,6.348000000000000000e+03,6.417000000000000000e+03,6.486000000000000000e+03,6.555000000000000000e+03,6.624000000000000000e+03,6.693000000000000000e+03,6.762000000000000000e+03,6.831000000000000000e+03,6.900000000000000000e+03,6.969000000000000000e+03,7.038000000000000000e+03,7.107000000000000000e+03,7.176000000000000000e+03,7.245000000000000000e+03,7.314000000000000000e+03,7.383000000000000000e+03,7.452000000000000000e+03,7.521000000000000000e+03,7.590000000000000000e+03,7.659000000000000000e+03,7.728000000000000000e+03,7.797000000000000000e+03,7.866000000000000000e+03,7.935000000000000000e+03,8.004000000000000000e+03,8.073000000000000000e+03,8.142000000000000000e+03,8.211000000000000000e+03,8.280000000000000000e+03,8.349000000000000000e+03,8.418000000000000000e+03,8.487000000000000000e+03,8.556000000000000000e+03,8.625000000000000000e+03,8.694000000000000000e+03,8.763000000000000000e+03,8.832000000000000000e+03,8.901000000000000000e+03,8.970000000000000000e+03,9.039000000000000000e+03,9.108000000000000000e+03,9.177000000000000000e+03,9.246000000000000000e+03,9.315000000000000000e+03,9.384000000000000000e+03,9.453000000000000000e+03,9.522000000000000000e+03,9.591000000000000000e+03,9.660000000000000000e+03,9.729000000000000000e+03,9.798000000000000000e+03,9.867000000000000000e+03,9.936000000000000000e+03,1.000500000000000000e+04,1.007400000000000000e+04,1.014300000000000000e+04,1.021200000000000000e+04,1.028100000000000000e+04,1.035000000000000000e+04,1.041900000000000000e+04,1.048800000000000000e+04,1.055700000000000000e+04,1.062600000000000000e+04,1.069500000000000000e+04,1.076400000000000000e+04,1.083300000000000000e+04,1.090200000000000000e+04,1.097100000000000000e+04,1.104000000000000000e+04,1.110900000000000000e+04,1.117800000000000000e+04,1.124700000000000000e+04,1.131600000000000000e+04,1.138500000000000000e+04,1.145400000000000000e+04,1.152300000000000000e+04,1.159200000000000000e+04,1.166100000000000000e+04,1.173000000000000000e+04,1.179900000000000000e+04,1.186800000000000000e+04,1.193700000000000000e+04,1.200600000000000000e+04,1.207500000000000000e+04,1.214400000000000000e+04,1.221300000000000000e+04,1.228200000000000000e+04,1.235100000000000000e+04,1.242000000000000000e+04,1.248900000000000000e+04,1.255800000000000000e+04,1.262700000000000000e+04,1.269600000000000000e+04,1.276500000000000000e+04,1.283400000000000000e+04,1.290300000000000000e+04,1.297200000000000000e+04,1.304100000000000000e+04,1.311000000000000000e+04,1.317900000000000000e+04,1.324800000000000000e+04,1.331700000000000000e+04,1.338600000000000000e+04,1.345500000000000000e+04,1.352400000000000000e+04,1.359300000000000000e+04,1.366200000000000000e+04,1.373100000000000000e+04,1.380000000000000000e+04,1.386900000000000000e+04,1.393800000000000000e+04,1.400700000000000000e+04,1.407600000000000000e+04,1.414500000000000000e+04,1.421400000000000000e+04,1.428300000000000000e+04,1.435200000000000000e+04,1.442100000000000000e+04,1.449000000000000000e+04,1.455900000000000000e+04,1.462800000000000000e+04,1.469700000000000000e+04,1.476600000000000000e+04,1.483500000000000000e+04,1.490400000000000000e+04,1.497300000000000000e+04,1.504200000000000000e+04,1.511100000000000000e+04,1.518000000000000000e+04,1.524900000000000000e+04,1.531800000000000000e+04,1.538700000000000000e+04,1.545600000000000000e+04,1.552500000000000000e+04,1.559400000000000000e+04,1.566300000000000000e+04,1.573200000000000000e+04,1.580100000000000000e+04,1.587000000000000000e+04,1.593900000000000000e+04,1.600800000000000000e+04,1.607700000000000000e+04,1.614600000000000000e+04,1.621500000000000000e+04,1.628400000000000000e+04,1.635300000000000000e+04,1.642200000000000000e+04,1.649100000000000000e+04,1.656000000000000000e+04,1.662900000000000000e+04,1.669800000000000000e+04,1.676700000000000000e+04,1.683600000000000000e+04,1.690500000000000000e+04,1.697400000000000000e+04,1.704300000000000000e+04,1.711200000000000000e+04,1.718100000000000000e+04,1.725000000000000000e+04,1.731900000000000000e+04,1.738800000000000000e+04,1.745700000000000000e+04,1.752600000000000000e+04,1.759500000000000000e+04,1.766400000000000000e+04,1.773300000000000000e+04,1.780200000000000000e+04,1.787100000000000000e+04,1.794000000000000000e+04,1.800900000000000000e+04,1.807800000000000000e+04,1.814700000000000000e+04,1.821600000000000000e+04,1.828500000000000000e+04,1.835400000000000000e+04,1.842300000000000000e+04,1.849200000000000000e+04,1.856100000000000000e+04,1.863000000000000000e+04,1.869900000000000000e+04,1.876800000000000000e+04,1.883700000000000000e+04,1.890600000000000000e+04,1.897500000000000000e+04,1.904400000000000000e+04,1.911300000000000000e+04,1.918200000000000000e+04,1.925100000000000000e+04,1.932000000000000000e+04,1.938900000000000000e+04,1.945800000000000000e+04,1.952700000000000000e+04,1.959600000000000000e+04,1.966500000000000000e+04,1.973400000000000000e+04,1.980300000000000000e+04,1.987200000000000000e+04,1.994100000000000000e+04,2.001000000000000000e+04,2.007900000000000000e+04,2.014800000000000000e+04,2.021700000000000000e+04,2.028600000000000000e+04,2.035500000000000000e+04,2.042400000000000000e+04,2.049300000000000000e+04,2.056200000000000000e+04,2.063100000000000000e+04
0.000000000000000000e+00,7.000000000000000000e+01,1.400000000000000000e+02,2.100000000000000000e+02,2.800000000000000000e+02,3.500000000000000000e+02,4.200000000000000000e+02,4.900000000000000000e+02,5.600000000000000000e+02,6.300000000000000000e+02,7.000000000000000000e+02,7.700000000000000000e+02,8.400000000000000000e+02,9.100000000000000000e+02,9.800000000000000000e+02,1.050000000000000000e+03,1.120000000000000000e+03,1.190000000000000000e+03,1.260000000000000000e+03,1.330000000000000000e+03,1.400000000000000000e+03,1.470000000000000000e+03,1.540000000000000000e+03,1.610000000000000000e+03,1.680000000000000000e+03,1.750000000000000000e+03,1.820000000000000000e+03,1.890000000000000000e+03,1.960000000000000000e+03,2.030000000000000000e+03,2.100000000000000000e+03,2.170000000000000000e+03,2.240000000000000000e+03,2.310000000000000000e+03,2.380000000000000000e+03,2.450000000000000000e+03,2.520000000000000000e+03,2.590000000000000000e+03,2.660000000000000000e+03,2.730000000000000000e+03,2.800000000000000000e+03,2.870000000000000000e+03,2.940000000000000000e+03,3.010000000000000000e+03,3.080000000000000000e+03,3.150000000000000000e+03,3.220000000000000000e+03,3.290000000000000000e+03,3.360000000000000000e+03,3.430000000000000000e+03,3.500000000000000000e+03,3.570000000000000000e+03,3.640000000000000000e+03,3.710000000000000000e+03,3.780000000000000000e+03,3.850000000000000000e+03,3.920000000000000000e+03,3.990000000000000000e+03,4.060000000000000000e+03,4.130000000000000000e+03,4.200000000000000000e+03,4.270000000000000000e+03,4.340000000000000000e+03,4.410000000000000000e+03,4.480000000000000000e+03,4.550000000000000000e+03,4.620000000000000000e+03,4.690000000000000000e+03,4.760000000000000000e+03,4.830000000000000000e+03,4.900000000000000000e+03,4.970000000000000000e+03,5.040000000000000000e+03,5.110000000000000000e+03,5.180000000000000000e+03,5.250000000000000000e+03,5.320000000000000000e+03,5.390000000000000000e+03,5.460000000000000000e+03,5.530000000000000000e+03,5.600000000000000000e+03,5.670000000000000000e+03,5.740000000000000000e+03,5.810000000000000000e+03,5.880000000000000000e+03,5.950000000000000000e+03,6.020000000000000000e+03,6.090000000000000000e+03,6.160000000000000000e+03,6.230000000000000000e+03,6.300000000000000000e+03,6.370000000000000000e+03,6.440000000000000000e+03,6.510000000000000000e+03,6.580000000000000000e+03,6.650000000000000000e+03,6.720000000000000000e+03,6.790000000000000000e+03,6.860000000000000000e+03,6.930000000000000000e+03,7.000000000000000000e+03,7.070000000000000000e+03,7.140000000000000000e+03,7.210000000000000000e+03,7.280000000000000000e+03,7.350000000000000000e+03,7.420000000000000000e+03,7.490000000000000000e+03,7.560000000000000000e+03,7.630000000000000000e+03,7.700000000000000000e+03,7.770000000000000000e+03,7.840000000000000000e+03,7.910000000000000000e+03,7.980000000000000000e+03,8.050000000000000000e+03,8.120000000000000000e+03,8.190000000000000000e+03,8.260000000000000000e+03,8.330000000000000000e+03,8.400000000000000000e+03,8.470000000000000000e+03,8.540000000000000000e+03,8.610000000000000000e+03,8.680000000000000000e+03,8.750000000000000000e+03,8.820000000000000000e+03,8.890000000000000000e+03,8.960000000000000000e+03,9.030000000000000000e+03,9.100000000000000000e+03,9.170000000000000000e+03,9.240000000000000000e+03,9.310000000000000000e+03,9.380000000000000000e+03,9.450000000000000000e+03,9.520000000000000000e+03,9.590000000000000000e+03,9.660000000000000000e+03,9.730000000000000000e+03,9.800000000000000000e+03,9.870000000000000000e+03,9.940000000000000000e+03,1.001000000000000000e+04,1.008000000000000000e+04,1.015000000000000000e+04,1.022000000000000000e+04,1.029000000000000000e+04,1.036000000000000000e+04,1.043000000000000000e+04,1.050000000000000000e+04,1.057000000000000000e+04,1.064000000000000000e+04,1.071000000000000000e+04,1.078000000000000000e+04,1.085000000000000000e+04,1.092000000000000000e+04,1.099000000000000000e+04,1.106000000000000000e+04,1.113000000000000000e+04,1.120000000000000000e+04,1.127000000000000000e+04,1.134000000000000000e+04,1.141000000000000000e+04,1.148000000000000000e+04,1.155000000000000000e+04,1.162000000000000000e+04,1.169000000000000000e+04,1.176000000000000000e+04,1.183000000000000000e+04,1.190000000000000000e+04,1.197000000000000000e+04,1.204000000000000000e+04,1.211000000000000000e+04,1.218000000000000000e+04,1.225000000000000000e+04,1.232000000000000000e+04,1.239000000000000000e+04,1.246000000000000000e+04,1.253000000000000000e+04,1.260000000000000000e+04,1.267000000000000000e+04,1.274000000000000000e+04,1.281000000000000000e+04,1.288000000000000000e+04,1.295000000000000000e+04,1.302000000000000000e+04,1.309000000000000000e+04,1.316000000000000000e+04,1.323000000000000000e+04,1.330000000000000000e+04,1.337000000000000000e+04,1.344000000000000000e+04,1.351000000000000000e+04,1.358000000000000000e+04,1.365000000000000000e+04,1.372000000000000000e+04,1.379000000000000000e+04,1.386000000000000000e+04,1.393000000000000000e+04,1.400000000000000000e+04,1.407000000000000000e+04,1.414000000000000000e+04,1.421000000000000000e+04,1.428000000000000000e+04,1.435000000000000000e+04,1.442000000000000000e+04,1.449000000000000000e+04,1.456000000000000000e+04,1.463000000000000000e+04,1.470000000000000000e+04,1.477000000000000000e+04,1.484000000000000000e+04,1.491000000000000000e+04,1.498000000000000000e+04,1.505000000000000000e+04,1.512000000000000000e+04,1.519000000000000000e+04,1.526000000000000000e+04,1.533000000000000000e+04,1.540000000000000000e+04,1.547000000000000000e+04,1.554000000000000000e+04,1.561000000000000000e+04,1.568000000000000000e+04,1.575000000000000000e+04,1.582000000000000000e+04,1.589000000000000000e+04,1.596000000000000000e+04,1.603000000000000000e+04,1.610000000000000000e+04,1.617000000000000000e+04,1.624000000000000000e+04,1.631000000000000000e+04,1.638000000000000000e+04,1.645000000000000000e+04,1.652000000000000000e+04,1.659000000000000000e+04,1.666000000000000000e+04,1.673000000000000000e+04,1.680000000000000000e+04,1.687000000000000000e+04,1.694000000000000000e+04,1.701000000000000000e+04,1.708000000000000000e+04,1.715000000000000000e+04,1.722000000000000000e+04,1.729000000000000000e+04,1.736000000000000000e+04,1.743000000000000000e+04,1.750000000000000000e+04,1.757000000000000000e+04,1.764000000000000000e+04,1.771000000000000000e+04,1.778000000000000000e+04,1.785000000000000000e+04,1.792000000000000000e+04,1.799000000000000000e+04,1.806000000000000000e+04,1.813000000000000000e+04,1.820000000000000000e+04,1.827000000000000000e+04,1.834000000000000000e+04,1.841000000000000000e+04,1.848000000000000000e+04,1.855000000000000000e+04,1.862000000000000000e+04,1.869000000000000000e+04,1.876000000000000000e+04,1.883000000000000000e+04,1.890000000000000000e+04,1.897000000000000000e+04,1.904000000000000000e+04,1.911000000000000000e+04,1.918000000000000000e+04,1.925000000000000000e+04,1.932000000000000000e+04,1.939000000000000000e+04,1.946000000000000000e+04,1.953000000000000000e+04,1.960000000000000000e+04,1.967000000000000000e+04,1.974000000000000000e+04,1.981000000000000000e+04,1.988000000000000000e+04,1.995000000000000000e+04,2.002000000000000000e+04,2.009000000000000000e+04,2.016000000000000000e+04,2.023000000000000000e+04,2.030000000000000000e+04,2.037000000000000000e+04,2.044000000000000000e+04,2.051000000000000000e+04,2.058000000000000000e+04,2.065000000000000000e+04,2.072000000000000000e+04,2.079000000000000000e+04,2.086000000000000000e+04,2.093000000000000000e+04
0.000000000000000000e+00,7.100000000000000000e+01,1.420000000000000000e+02,2.130000000000000000e+02,2.840000000000000000e+02,3.550000000000000000e+02,4.260000000000000000e+02,4.970000000000000000e+02,5.680000000000000000e+02,6.390000000000000000e+02,7.100000000000000000e+02,7.810000000000000000e+02,8.520000000000000000e+02,9.230000000000000000e+02,9.940000000000000000e+02,1.065000000000000000e+03,1.136000000000000000e+03,1.207000000000000000e+03,1.278000000000000000e+03,1.349000000000000000e+03,1.420000000000000000e+03,1.491000000000000000e+03,1.562000000000000000e+03,1.633000000000000000e+03,1.704000000000000000e+03,1.775000000000000000e+03,1.846000000000000000e+03,1.917000000000000000e+03,1.988000000000000000e+03,2.059000000000000000e+03,2.130000000000000000e+03,2.201000000000000000e+03,2.272000000000000000e+03,2.343000000000000000e+03,2.414000000000000000e+03,2.485000000000000000e+03,2.556000000000000000e+03,2.627000000000000000e+03,2.698000000000000000e+03,2.769000000000000000e+03,2.840000000000000000e+03,2.911000000000000000e+03,2.982000000000000000e+03,3.053000000000000000e+03,3.124000000000000000e+03,3.195000000000000000e+03,3.266000000000000000e+03,3.337000000000000000e+03,3.408000000000000000e+03,3.479000000000000000e+03,3.550000000000000000e+03,3.621000000000000000e+03,3.692000000000000000e+03,3.763000000000000000e+03,3.834000000000000000e+03,3.905000000000000000e+03,3.976000000000000000e+03,4.047000000000000000e+03,4.118000000000000000e+03,4.189000000000000000e+03,4.260000000000000000e+03,4.331000000000000000e+03,4.402000000000000000e+03,4.473000000000000000e+03,4.544000000000000000e+03,4.615000000000000000e+03,4.686000000000000000e+03,4.757000000000000000e+03,4.828000000000000000e+03,4.899000000000000000e+03,4.970000000000000000e+03,5.041000000000000000e+03,5.112000000000000000e+03,5.183000000000000000e+03,5.254000000000000000e+03,5.325000000000000000e+03,5.396000000000000000e+03,5.467000000000000000e+03,5.538000000000000000e+03,5.609000000000000000e+03,5.680000000000000000e+03,5.751000000000000000e+03,5.822000000000000000e+03,5.893000000000000000e+03,5.964000000000000000e+03,6.035000000000000000e+03,6.106000000000000000e+03,6.177000000000000000e+03,6.248000000000000000e+03,6.319000000000000000e+03,6.390000000000000000e+03,6.461000000000000000e+03,6.532000000000000000e+03,6.603000000000000000e+03,6.674000000000000000e+03,6.745000000000000000e+03,6.816000000000000000e+03,6.887000000000000000e+03,6.958000000000000000e+03,7.029000000000000000e+03,7.100000000000000000e+03,7.171000000000000000e+03,7.242000000000000000e+03,7.313000000000000000e+03,7.384000000000000000e+03,7.455000000000000000e+03,7.526000000000000000e+03,7.597000000000000000e+03,7.668000000000000000e+03,7.739000000000000000e+03,7.810000000000000000e+03,7.881000000000000000e+03,7.952000000000000000e+03,8.023000000000000000e+03,8.094000000000000000e+03,8.165000000000000000e+03,8.236000000000000000e+03,8.307000000000000000e+03,8.378000000000000000e+03,8.449000000000000000e+03,8.520000000000000000e+03,8.591000000000000000e+03,8.662000000000000000e+03,8.733000000000000000e+03,8.804000000000000000e+03,8.875000000000000000e+03,8.946000000000000000e+03,9.017000000000000000e+03,9.088000000000000000e+03,9.159000000000000000e+03,9.230000000000000000e+03,9.301000000000000000e+03,9.372000000000000000e+03,9.443000000000000000e+03,9.514000000000000000e+03,9.585000000000000000e+03,9.656000000000000000e+03,9.727000000000000000e+03,9.798000000000000000e+03,9.869000000000000000e+03,9.940000000000000000e+03,1.001100000000000000e+04,1.008200000000000000e+04,1.015300000000000000e+04,1.022400000000000000e+04,1.029500000000000000e+04,1.036600000000000000e+04,1.043700000000000000e+04,1.050800000000000000e+04,1.057900000000000000e+04,1.065000000000000000e+04,1.072100000000000000e+04,1.079200000000000000e+04,1.086300000000000000e+04,1.093400000000000000e+04,1.100500000000000000e+04,1.107600000000000000e+04,1.114700000000000000e+04,1.121800000000000000e+04,1.128900000000000000e+04,1.136000000000000000e+04,1.143100000000000000e+04,1.150200000000000000e+04,1.157300000000000000e+04,1.164400000000000000e+04,1.171500000000000000e+04,1.178600000000000000e+04,1.185700000000000000e+04,1.192800000000000000e+04,1.199900000000000000e+04,1.207000000000000000e+04,1.214100000000000000e+04,1.221200000000000000e+04,1.228300000000000000e+04,1.235400000000000000e+04,1.242500000000000000e+04,1.249600000000000000e+04,1.256700000000000000e+04,1.263800000000000000e+04,1.270900000000000000e+04,1.278000000000000000e+04,1.285100000000000000e+04,1.292200000000000000e+04,1.299300000000000000e+04,1.306400000000000000e+04,1.313500000000000000e+04,1.320600000000000000e+04,1.327700000000000000e+04,1.334800000000000000e+04,1.341900000000000000e+04,1.349000000000000000e+04,1.356100000000000000e+04,1.363200000000000000e+04,1.370300000000000000e+04,1.377400000000000000e+04,1.384500000000000000e+04,1.391600000000000000e+04,1.398700000000000000e+04,1.405800000000000000e+04,1.412900000000000000e+04,1.420000000000000000e+04,1.427100000000000000e+04,1.434200000000000000e+04,1.441300000000000000e+04,1.448400000000000000e+04,1.455500000000000000e+04,1.462600000000000000e+04,1.469700000000000000e+04,1.476800000000000000e+04,1.483900000000000000e+04,1.491000000000000000e+04,1.498100000000000000e+04,1.505200000000000000e+04,1.512300000000000000e+04,1.519400000000000000e+04,1.526500000000000000e+04,1.533600000000000000e+04,1.540700000000000000e+04,1.547800000000000000e+04,1.554900000000000000e+04,1.562000000000000000e+04,1.569100000000000000e+04,1.576200000000000000e+04,1.583300000000000000e+04,1.590400000000000000e+04,1.597500000000000000e+04,1.604600000000000000e+04,1.611700000000000000e+04,1.618800000000000000e+04,1.625900000000000000e+04,1.633000000000000000e+04,1.640100000000000000e+04,1.647200000000000000e+04,1.654300000000000000e+04,1.661400000000000000e+04,1.668500000000000000e+04,1.675600000000000000e+04,1.682700000000000000e+04,1.689800000000000000e+04,1.696900000000000000e+04,1.704000000000000000e+04,1.711100000000000000e+04,1.718200000000000000e+04,1.725300000000000000e+04,1.732400000000000000e+04,1.739500000000000000e+04,1.746600000000000000e+04,1.753700000000000000e+04,1.760800000000000000e+04,1.767900000000000000e+04,1.775000000000000000e+04,1.782100000000000000e+04,1.789200000000000000e+04,1.796300000000000000e+04,1.803400000000000000e+04,1.810500000000000000e+04,1.817600000000000000e+04,1.824700000000000000e+04,1.831800000000000000e+04,1.838900000000000000e+04,1.846000000000000000e+04,1.853100000000000000e+04,1.860200000000000000e+04,1.867300000000000000e+04,1.874400000000000000e+04,1.881500000000000000e+04,1.888600000000000000e+04,1.895700000000000000e+04,1.902800000000000000e+04,1.909900000000000000e+04,1.917000000000000000e+04,1.924100000000000000e+04,1.931200000000000000e+04,1.938300000000000000e+04,1.945400000000000000e+04,1.952500000000000000e+04,1.959600000000000000e+04,1.966700000000000000e+04,1.973800000000000000e+04,1.980900000000000000e+04,1.988000000000000000e+04,1.995100000000000000e+04,2.002200000000000000e+04,2.009300000000000000e+04,2.016400000000000000e+04,2.023500000000000000e+04,2.030600000000000000e+04,2.037700000000000000e+04,2.044800000000000000e+04,2.051900000000000000e+04,2.059000000000000000e+04,2.066100000000000000e+04,2.073200000000000000e+04,2.080300000000000000e+04,2.087400000000000000e+04,2.094500000000000000e+04,2.101600000000000000e+04,2.108700000000000000e+04,2.115800000000000000e+04,2.122900000000000000e+04
0.000000000000000000e+00,7.200000000000000000e+01,1.440000000000000000e+02,2.160000000000000000e+02,2.880000000000000000e+02,3.600000000000000000e+02,4.320000000000000000e+02,5.040000000000000000e+02,5.760000000000000000e+02,6.480000000000000000e+02,7.200000000000000000e+02,7.920000000000000000e+02,8.640000000000000000e+02,9.360000000000000000e+02,1.008000000000000000e+03,1.080000000000000000e+03,1.152000000000000000e+03,1.224000000000000000e+03,1.296000000000000000e+03,1.368000000000000000e+03,1.440000000000000000e+03,1.512000000000000000e+03,1.584000000000000000e+03,1.656000000000000000e+03,1.728000000000000000e+03,1.800000000000000000e+03,1.872000000000000000e+03,1.944000000000000000e+03,2.016000000000000000e+03,2.088000000000000000e+03,2.160000000000000000e+03,2.232000000000000000e+03,2.304000000000000000e+03,2.376000000000000000e+03,2.448000000000000000e+03,2.520000000000000000e+03,2.592000000000000000e+03,2.664000000000000000e+03,2.736000000000000000e+03,2.808000000000000000e+03,2.880000000000000000e+03,2.952000000000000000e+03,3.024000000000000000e+03,3.096000000000000000e+03,3.168000000000000000e+03,3.240000000000000000e+03,3.312000000000000000e+03,3.384000000000000000e+03,3.456000000000000000e+03,3.528000000000000000e+03,3.600000000000000000e+03,3.672000000000000000e+03,3.744000000000000000e+03,3.816000000000000000e+03,3.888000000000000000e+03,3.960000000000000000e+03,4.032000000000000000e+03,4.104000000000000000e+03,4.176000000000000000e+03,4.248000000000000000e+03,4.320000000000000000e+03,4.392000000000000000e+03,4.464000000000000000e+03,4.536000000000000000e+03,4.608000000000000000e+03,4.680000000000000000e+03,4.752000000000000000e+03,4.824000000000000000e+03,4.896000000000000000e+03,4.968000000000000000e+03,5.040000000000000000e+03,5.112000000000000000e+03,5.184000000000000000e+03,5.256000000000000000e+03,5.328000000000000000e+03,5.400000000000000000e+03,5.472000000000000000e+03,5.544000000000000000e+03,5.616000000000000000e+03,5.688000000000000000e+03,5.760000000000000000e+03,5.832000000000000000e+03,5.904000000000000000e+03,5.976000000000000000e+03,6.048000000000000000e+03,6.120000000000000000e+03,6.192000000000000000e+03,6.264000000000000000e+03,6.336000000000000000e+03,6.408000000000000000e+03,6.480000000000000000e+03,6.552000000000000000e+03,6.624000000000000000e+03,6.696000000000000000e+03,6.768000000000000000e+03,6.840000000000000000e+03,6.912000000000000000e+03,6.984000000000000000e+03,7.056000000000000000e+03,7.128000000000000000e+03,7.200000000000000000e+03,7.272000000000000000e+03,7.344000000000000000e+03,7.416000000000000000e+03,7.488000000000000000e+03,7.560000000000000000e+03,7.632000000000000000e+03,7.704000000000000000e+03,7.776000000000000000e+03,7.848000000000000000e+03,7.920000000000000000e+03,7.992000000000000000e+03,8.064000000000000000e+03,8.136000000000000000e+03,8.208000000000000000e+03,8.280000000000000000e+03,8.352000000000000000e+03,8.424000000000000000e+03,8.496000000000000000e+03,8.568000000000000000e+03,8.640000000000000000e+03,8.712000000000000000e+03,8.784000000000000000e+03,8.856000000000000000e+03,8.928000000000000000e+03,9.000000000000000000e+03,9.072000000000000000e+03,9.144000000000000000e+03,9.216000000000000000e+03,9.288000000000000000e+03,9.360000000000000000e+03,9.432000000000000000e+03,9.504000000000000000e+03,9.576000000000000000e+03,9.648000000000000000e+03,9.720000000000000000e+03,9.792000000000000000e+03,9.864000000000000000e+03,9.936000000000000000e+03,1.000800000000000000e+04,1.008000000000000000e+04,1.015200000000000000e+04,1.022400000000000000e+04,1.029600000000000000e+04,1.036800000000000000e+04,1.044000000000000000e+04,1.051200000000000000e+04,1.058400000000000000e+04,1.065600000000000000e+04,1.072800000000000000e+04,1.080000000000000000e+04,1.087200000000000000e+04,1.094400000000000000e+04,1.101600000000000000e+04,1.108800000000000000e+04,1.116000000000000000e+04,1.123200000000000000e+04,1.130400000000000000e+04,1.137600000000000000e+04,1.144800000000000000e+04,1.152000000000000000e+04,1.159200000000000000e+04,1.166400000000000000e+04,1.173600000000000000e+04,1.180800000000000000e+04,1.188000000000000000e+04,1.195200000000000000e+04,1.202400000000000000e+04,1.209600000000000000e+04,1.216800000000000000e+04,1.224000000000000000e+04,1.231200000000000000e+04,1.238400000000000000e+04,1.245600000000000000e+04,1.252800000000000000e+04,1.260000000000000000e+04,1.267200000000000000e+04,1.274400000000000000e+04,1.281600000000000000e+04,1.288800000000000000e+04,1.296000000000000000e+04,1.303200000000000000e+04,1.310400000000000000e+04,1.317600000000000000e+04,1.324800000000000000e+04,1.332000000000000000e+04,1.339200000000000000e+04,1.346400000000000000e+04,1.353600000000000000e+04,1.360800000000000000e+04,1.368000000000000000e+04,1.375200000000000000e+04,1.382400000000000000e+04,1.389600000000000000e+04,1.396800000000000000e+04,1.404000000000000000e+04,1.411200000000000000e+04,1.418400000000000000e+04,1.425600000000000000e+04,1.432800000000000000e+04,1.440000000000000000e+04,1.447200000000000000e+04,1.454400000000000000e+04,1.461600000000000000e+04,1.468800000000000000e+04,1.476000000000000000e+04,1.483200000000000000e+04,1.490400000000000000e+04,1.497600000000000000e+04,1.504800000000000000e+04,1.512000000000000000e+04,1.519200000000000000e+04,1.526400000000000000e+04,1.533600000000000000e+04,1.540800000000000000e+04,1.548000000000000000e+04,1.555200000000000000e+04,1.562400000000000000e+04,1.569600000000000000e+04,1.576800000000000000e+04,1.584000000000000000e+04,1.591200000000000000e+04,1.598400000000000000e+04,1.605600000000000000e+04,1.612800000000000000e+04,1.620000000000000000e+04,1.627200000000000000e+04,1.634400000000000000e+04,1.641600000000000000e+04,1.648800000000000000e+04,1.656000000000000000e+04,1.663200000000000000e+04,1.670400000000000000e+04,1.677600000000000000e+04,1.684800000000000000e+04,1.692000000000000000e+04,1.699200000000000000e+04,1.706400000000000000e+04,1.713600000000000000e+04,1.720800000000000000e+04,1.728000000000000000e+04,1.735200000000000000e+04,1.742400000000000000e+04,1.749600000000000000e+04,1.756800000000000000e+04,1.764000000000000000e+04,1.771200000000000000e+04,1.778400000000000000e+04,1.785600000000000000e+04,1.792800000000000000e+04,1.800000000000000000e+04,1.807200000000000000e+04,1.814400000000000000e+04,1.821600000000000000e+04,1.828800000000000000e+04,1.836000000000000000e+04,1.843200000000000000e+04,1.850400000000000000e+04,1.857600000000000000e+04,1.864800000000000000e+04,1.872000000000000000e+04,1.879200000000000000e+04,1.886400000000000000e+04,1.893600000000000000e+04,1.900800000000000000e+04,1.908000000000000000e+04,1.915200000000000000e+04,1.922400000000000000e+04,1.929600000000000000e+04,1.936800000000000000e+04,1.944000000000000000e+04,1.951200000000000000e+04,1.958400000000000000e+04,1.965600000000000000e+04,1.972800000000000000e+04,1.980000000000000000e+04,1.987200000000000000e+04,1.994400000000000000e+04,2.001600000000000000e+04,2.008800000000000000e+04,2.016000000000000000e+04,2.023200000000000000e+04,2.030400000000000000e+04,2.037600000000000000e+04,2.044800000000000000e+04,2.052000000000000000e+04,2.059200000000000000e+04,2.066400000000000000e+04,2.073600000000000000e+04,2.080800000000000000e+04,2.088000000000000000e+04,2.095200000000000000e+04,2.102400000000000000e+04,2.109600000000000000e+04,2.116800000000000000e+04,2.124000000000000000e+04,2.131200000000000000e+04,2.138400000000000000e+04,2.145600000000000000e+04,2.152800000000000000e+04
0.000000000000000000e+00,7.300000000000000000e+01,1.460000000000000000e+02,2.190000000000000000e+02,2.920000000000000000e+02,3.650000000000000000e+02,4.380000000000000000e+02,5.110000000000000000e+02,5.840000000000000000e+02,6.570000000000000000e+02,7.300000000000000000e+02,8.030000000000000000e+02,8.760000000000000000e+02,9.490000000000000000e+02,1.022000000000000000e+03,1.095000000000000000e+03,1.168000000000000000e+03,1.241000000000000000e+03,1.314000000000000000e+03,1.387000000000000000e+03,1.460000000000000000e+03,1.533000000000000000e+03,1.606000000000000000e+03,1.679000000000000000e+03,1.752000000000000000e+03,1.825000000000000000e+03,1.898000000000000000e+03,1.971000000000000000e+03,2.044000000000000000e+03,2.117000000000000000e+03,2.190000000000000000e+03,2.263000000000000000e+03,2.336000000000000000e+03,2.409000000000000000e+03,2.482000000000000000e+03,2.555000000000000000e+03,2.628000000000000000e+03,2.701000000000000000e+03,2.774000000000000000e+03,2.847000000000000000e+03,2.920000000000000000e+03,2.993000000000000000e+03,3.066000000000000000e+03,3.139000000000000000e+03,3.212000000000000000e+03,3.285000000000000000e+03,3.358000000000000000e+03,3.431000000000000000e+03,3.504000000000000000e+03,3.577000000000000000e+03,3.650000000000000000e+03,3.723000000000000000e+03,3.796000000000000000e+03,3.869000000000000000e+03,3.942000000000000000e+03,4.015000000000000000e+03,4.088000000000000000e+03,4.161000000000000000e+03,4.234000000000000000e+03,4.307000000000000000e+03,4.380000000000000000e+03,4.453000000000000000e+03,4.526000000000000000e+03,4.599000000000000000e+03,4.672000000000000000e+03,4.745000000000000000e+03,4.818000000000000000e+03,4.891000000000000000e+03,4.964000000000000000e+03,5.037000000000000000e+03,5.110000000000000000e+03,5.183000000000000000e+03,5.256000000000000000e+03,5.329000000000000000e+03,5.402000000000000000e+03,5.475000000000000000e+03,5.548000000000000000e+03,5.621000000000000000e+03,5.694000000000000000e+03,5.767000000000000000e+03,5.840000000000000000e+03,5.913000000000000000e+03,5.986000000000000000e+03,6.059000000000000000e+03,6.132000000000000000e+03,6.205000000000000000e+03,6.278000000000000000e+03,6.351000000000000000e+03,6.424000000000000000e+03,6.497000000000000000e+03,6.570000000000000000e+03,6.643000000000000000e+03,6.716000000000000000e+03,6.789000000000000000e+03,6.862000000000000000e+03,6.935000000000000000e+03,7.008000000000000000e+03,7.081000000000000000e+03,7.154000000000000000e+03,7.227000000000000000e+03,7.300000000000000000e+03,7.373000000000000000e+03,7.446000000000000000e+03,7.519000000000000000e+03,7.592000000000000000e+03,7.665000000000000000e+03,7.738000000000000000e+03,7.811000000000000000e+03,7.884000000000000000e+03,7.957000000000000000e+03,8.030000000000000000e+03,8.103000000000000000e+03,8.176000000000000000e+03,8.249000000000000000e+03,8.322000000000000000e+03,8.395000000000000000e+03,8.468000000000000000e+03,8.541000000000000000e+03,8.614000000000000000e+03,8.687000000000000000e+03,8.760000000000000000e+03,8.833000000000000000e+03,8.906000000000000000e+03,8.979000000000000000e+03,9.052000000000000000e+03,9.125000000000000000e+03,9.198000000000000000e+03,9.271000000000000000e+03,9.344000000000000000e+03,9.417000000000000000e+03,9.490000000000000000e+03,9.563000000000000000e+03,9.636000000000000000e+03,9.709000000000000000e+03,9.782000000000000000e+03,9.855000000000000000e+03,9.928000000000000000e+03,1.000100000000000000e+04,1.007400000000000000e+04,1.014700000000000000e+04,1.022000000000000000e+04,1.029300000000000000e+04,1.036600000000000000e+04,1.043900000000000000e+04,1.051200000000000000e+04,1.058500000000000000e+04,1.065800000000000000e+04,1.073100000000000000e+04,1.080400000000000000e+04,1.087700000000000000e+04,1.095000000000000000e+04,1.102300000000000000e+04,1.109600000000000000e+04,1.116900000000000000e+04,1.124200000000000000e+04,1.131500000000000000e+04,1.138800000000000000e+04,1.146100000000000000e+04,1.153400000000000000e+04,1.160700000000000000e+04,1.168000000000000000e+04,1.175300000000000000e+04,1.182600000000000000e+04,1.189900000000000000e+04,1.197200000000000000e+04,1.204500000000000000e+04,1.211800000000000000e+04,1.219100000000000000e+04,1.226400000000000000e+04,1.233700000000000000e+04,1.241000000000000000e+04,1.248300000000000000e+04,1.255600000000000000e+04,1.262900000000000000e+04,1.270200000000000000e+04,1.277500000000000000e+04,1.284800000000000000e+04,1.292100000000000000e+04,1.299400000000000000e+04,1.306700000000000000e+04,1.314000000000000000e+04,1.321300000000000000e+04,1.328600000000000000e+04,1.335900000000000000e+04,1.343200000000000000e+04,1.350500000000000000e+04,1.357800000000000000e+04,1.365100000000000000e+04,1.372400000000000000e+04,1.379700000000000000e+04,1.387000000000000000e+04,1.394300000000000000e+04,1.401600000000000000e+04,1.408900000000000000e+04,1.416200000000000000e+04,1.423500000000000000e+04,1.430800000000000000e+04,1.438100000000000000e+04,1.445400000000000000e+04,1.452700000000000000e+04,1.460000000000000000e+04,1.467300000000000000e+04,1.474600000000000000e+04,1.481900000000000000e+04,1.489200000000000000e+04,1.496500000000000000e+04,1.503800000000000000e+04,1.511100000000000000e+04,1.518400000000000000e+04,1.525700000000000000e+04,1.533000000000000000e+04,1.540300000000000000e+04,1.547600000000000000e+04,1.554900000000000000e+04,1.562200000000000000e+04,1.569500000000000000e+04,1.576800000000000000e+04,1.584100000000000000e+04,1.591400000000000000e+04,1.598700000000000000e+04,1.606000000000000000e+04,1.613300000000000000e+04,1.620600000000000000e+04,1.627900000000000000e+04,1.635200000000000000e+04,1.642500000000000000e+04,1.649800000000000000e+04,1.657100000000000000e+04,1.664400000000000000e+04,1.671700000000000000e+04,1.679000000000000000e+04,1.686300000000000000e+04,1.693600000000000000e+04,1.700900000000000000e+04,1.708200000000000000e+04,1.715500000000000000e+04,1.722800000000000000e+04,1.730100000000000000e+04,1.737400000000000000e+04,1.744700000000000000e+04,1.752000000000000000e+04,1.759300000000000000e+04,1.766600000000000000e+04,1.773900000000000000e+04,1.781200000000000000e+04,1.788500000000000000e+04,1.795800000000000000e+04,1.803100000000000000e+04,1.810400000000000000e+04,1.817700000000000000e+04,1.825000000000000000e+04,1.832300000000000000e+04,1.839600000000000000e+04,1.846900000000000000e+04,1.854200000000000000e+04,1.861500000000000000e+04,1.868800000000000000e+04,1.876100000000000000e+04,1.883400000000000000e+04,1.890700000000000000e+04,1.898000000000000000e+04,1.905300000000000000e+04,1.912600000000000000e+04,1.919900000000000000e+04,1.927200000000000000e+04,1.934500000000000000e+04,1.941800000000000000e+04,1.949100000000000000e+04,1.956400000000000000e+04,1.963700000000000000e+04,1.971000000000000000e+04,1.978300000000000000e+04,1.985600000000000000e+04,1.992900000000000000e+04,2.000200000000000000e+04,2.007500000000000000e+04,2.014800000000000000e+04,2.022100000000000000e+04,2.029400000000000000e+04,2.036700000000000000e+04,2.044000000000000000e+04,2.051300000000000000e+04,2.058600000000000000e+04,2.065900000000000000e+04,2.073200000000000000e+04,2.080500000000000000e+04,2.087800000000000000e+04,2.095100000000000000e+04,2.102400000000000000e+04,2.109700000000000000e+04,2.117000000000000000e+04,2.124300000000000000e+04,2.131600000000000000e+04,2.138900000000000000e+04,2.146200000000000000e+04,2.153500000000000000e+04,2.160800000000000000e+04,2.168100000000000000e+04,2.175400000000000000e+04,2.182700000000000000e+04
0.000000000000000000e+00,7.400000000000000000e+01,1.480000000000000000e+02,2.220000000000000000e+02,2.960000000000000000e+02,3.700000000000000000e+02,4.440000000000000000e+02,5.180000000000000000e+02,5.920000000000000000e+02,6.660000000000000000e+02,7.400000000000000000e+02,8.140000000000000000e+02,8.880000000000000000e+02,9.620000000000000000e+02,1.036000000000000000e+03,1.110000000000000000e+03,1.184000000000000000e+03,1.258000000000000000e+03,1.332000000000000000e+03,1.406000000000000000e+03,1.480000000000000000e+03,1.554000000000000000e+03,1.628000000000000000e+03,1.702000000000000000e+03,1.776000000000000000e+03,1.850000000000000000e+03,1.924000000000000000e+03,1.998000000000000000e+03,2.072000000000000000e+03,2.146000000000000000e+03,2.220000000000000000e+03,2.294000000000000000e+03,2.368000000000000000e+03,2.442000000000000000e+03,2.516000000000000000e+03,2.590000000000000000e+03,2.664000000000000000e+03,2.738000000000000000e+03,2.812000000000000000e+03,2.886000000000000000e+03,2.960000000000000000e+03,3.034000000000000000e+03,3.108000000000000000e+03,3.182000000000000000e+03,3.256000000000000000e+03,3.330000000000000000e+03,3.404000000000000000e+03,3.478000000000000000e+03,3.552000000000000000e+03,3.626000000000000000e+03,3.700000000000000000e+03,3.774000000000000000e+03,3.848000000000000000e+03,3.922000000000000000e+03,3.996000000000000000e+03,4.070000000000000000e+03,4.144000000000000000e+03,4.218000000000000000e+03,4.292000000000000000e+03,4.366000000000000000e+03,4.440000000000000000e+03,4.514000000000000000e+03,4.588000000000000000e+03,4.662000000000000000e+03,4.736000000000000000e+03,4.810000000000000000e+03,4.884000000000000000e+03,4.958000000000000000e+03,5.032000000000000000e+03,5.106000000000000000e+03,5.180000000000000000e+03,5.254000000000000000e+03,5.328000000000000000e+03,5.402000000000000000e+03,5.476000000000000000e+03,5.550000000000000000e+03,5.624000000000000000e+03,5.698000000000000000e+03,5.772000000000000000e+03,5.846000000000000000e+03,5.920000000000000000e+03,5.994000000000000000e+03,6.068000000000000000e+03,6.142000000000000000e+03,6.216000000000000000e+03,6.290000000000000000e+03,6.364000000000000000e+03,6.438000000000000000e+03,6.512000000000000000e+03,6.586000000000000000e+03,6.660000000000000000e+03,6.734000000000000000e+03,6.808000000000000000e+03,6.882000000000000000e+03,6.956000000000000000e+03,7.030000000000000000e+03,7.104000000000000000e+03,7.178000000000000000e+03,7.252000000000000000e+03,7.326000000000000000e+03,7.400000000000000000e+03,7.474000000000000000e+03,7.548000000000000000e+03,7.622000000000000000e+03,7.696000000000000000e+03,7.770000000000000000e+03,7.844000000000000000e+03,7.918000000000000000e+03,7.992000000000000000e+03,8.066000000000000000e+03,8.140000000000000000e+03,8.214000000000000000e+03,8.288000000000000000e+03,8.362000000000000000e+03,8.436000000000000000e+03,8.510000000000000000e+03,8.584000000000000000e+03,8.658000000000000000e+03,8.732000000000000000e+03,8.806000000000000000e+03,8.880000000000000000e+03,8.954000000000000000e+03,9.028000000000000000e+03,9.102000000000000000e+03,9.176000000000000000e+03,9.250000000000000000e+03,9.324000000000000000e+03,9.398000000000000000e+03,9.472000000000000000e+03,9.546000000000000000e+03,9.620000000000000000e+03,9.694000000000000000e+03,9.768000000000000000e+03,9.842000000000000000e+03,9.916000000000000000e+03,9.990000000000000000e+03,1.006400000000000000e+04,1.013800000000000000e+04,1.021200000000000000e+04,1.028600000000000000e+04,1.036000000000000000e+04,1.043400000000000000e+04,1.050800000000000000e+04,1.058200000000000000e+04,1.065600000000000000e+04,1.073000000000000000e+04,1.080400000000000000e+04,1.087800000000000000e+04,1.095200000000000000e+04,1.102600000000000000e+04,1.110000000000000000e+04,1.117400000000000000e+04,1.124800000000000000e+04,1.132200000000000000e+04,1.139600000000000000e+04,1.147000000000000000e+04,1.154400000000000000e+04,1.161800000000000000e+04,1.169200000000000000e+04,1.176600000000000000e+04,1.184000000000000000e+04,1.191400000000000000e+04,1.198800000000000000e+04,1.206200000000000000e+04,1.213600000000000000e+04,1.221000000000000000e+04,1.228400000000000000e+04,1.235800000000000000e+04,1.243200000000000000e+04,1.250600000000000000e+04,1.258000000000000000e+04,1.265400000000000000e+04,1.272800000000000000e+04,1.280200000000000000e+04,1.287600000000000000e+04,1.295000000000000000e+04,1.302400000000000000e+04,1.309800000000000000e+04,1.317200000000000000e+04,1.324600000000000000e+04,1.332000000000000000e+04,1.339400000000000000e+04,1.346800000000000000e+04,1.354200000000000000e+04,1.361600000000000000e+04,1.369000000000000000e+04,1.376400000000000000e+04,1.383800000000000000e+04,1.391200000000000000e+04,1.398600000000000000e+04,1.406000000000000000e+04,1.413400000000000000e+04,1.420800000000000000e+04,1.428200000000000000e+04,1.435600000000000000e+04,1.443000000000000000e+04,1.450400000000000000e+04,1.457800000000000000e+04,1.465200000000000000e+04,1.472600000000000000e+04,1.480000000000000000e+04,1.487400000000000000e+04,1.494800000000000000e+04,1.502200000000000000e+04,1.509600000000000000e+04,1.517000000000000000e+04,1.524400000000000000e+04,1.531800000000000000e+04,1.539200000000000000e+04,1.546600000000000000e+04,1.554000000000000000e+04,1.561400000000000000e+04,1.568800000000000000e+04,1.576200000000000000e+04,1.583600000000000000e+04,1.591000000000000000e+04,1.598400000000000000e+04,1.605800000000000000e+04,1.613200000000000000e+04,1.620600000000000000e+04,1.628000000000000000e+04,1.635400000000000000e+04,1.642800000000000000e+04,1.650200000000000000e+04,1.657600000000000000e+04,1.665000000000000000e+04,1.672400000000000000e+04,1.679800000000000000e+04,1.687200000000000000e+04,1.694600000000000000e+04,1.702000000000000000e+04,1.709400000000000000e+04,1.716800000000000000e+04,1.724200000000000000e+04,1.731600000000000000e+04,1.739000000000000000e+04,1.746400000000000000e+04,1.753800000000000000e+04,1.761200000000000000e+04,1.768600000000000000e+04,1.776000000000000000e+04,1.783400000000000000e+04,1.790800000000000000e+04,1.798200000000000000e+04,1.805600000000000000e+04,1.813000000000000000e+04,1.820400000000000000e+04,1.827800000000000000e+04,1.835200000000000000e+04,1.842600000000000000e+04,1.850000000000000000e+04,1.857400000000000000e+04,1.864800000000000000e+04,1.872200000000000000e+04,1.879600000000000000e+04,1.887000000000000000e+04,1.894400000000000000e+04,1.901800000000000000e+04,1.909200000000000000e+04,1.916600000000000000e+04,1.924000000000000000e+04,1.931400000000000000e+04,1.938800000000000000e+04,1.946200000000000000e+04,1.953600000000000000e+04,1.961000000000000000e+04,1.968400000000000000e+04,1.975800000000000000e+04,1.983200000000000000e+04,1.990600000000000000e+04,1.998000000000000000e+04,2.005400000000000000e+04,2.012800000000000000e+04,2.020200000000000000e+04,2.027600000000000000e+04,2.035000000000000000e+04,2.042400000000000000e+04,2.049800000000000000e+04,2.057200000000000000e+04,2.064600000000000000e+04,2.072000000000000000e+04,2.079400000000000000e+04,2.086800000000000000e+04,2.094200000000000000e+04,2.101600000000000000e+04,2.109000000000000000e+04,2.116400000000000000e+04,2.123800000000000000e+04,2.131200000000000000e+04,2.138600000000000000e+04,2.146000000000000000e+04,2.153400000000000000e+04,2.160800000000000000e+04,2.168200000000000000e+04,2.175600000000000000e+04,2.183000000000000000e+04,2.190400000000000000e+04,2.197800000000000000e+04,2.205200000000000000e+04,2.212600000000000000e+04
0.000000000000000000e+00,7.500000000000000000e+01,1.500000000000000000e+02,2.250000000000000000e+02,3.000000000000000000e+02,3.750000000000000000e+02,4.500000000000000000e+02,5.250000000000000000e+02,6.000000000000000000e+02,6.750000000000000000e+02,7.500000000000000000e+02,8.250000000000000000e+02,9.000000000000000000e+02,9.750000000000000000e+02,1.050000000000000000e+03,1.125000000000000000e+03,1.200000000000000000e+03,1.275000000000000000e+03,1.350000000000000000e+03,1.425000000000000000e+03,1.500000000000000000e+03,1.575000000000000000e+03,1.650000000000000000e+03,1.725000000000000000e+03,1.800000000000000000e+03,1.875000000000000000e+03,1.950000000000000000e+03,2.025000000000000000e+03,2.100000000000000000e+03,2.175000000000000000e+03,2.250000000000000000e+03,2.325000000000000000e+03,2.400000000000000000e+03,2.475000000000000000e+03,2.550000000000000000e+03,2.625000000000000000e+03,2.700000000000000000e+03,2.775000000000000000e+03,2.850000000000000000e+03,2.925000000000000000e+03,3.000000000000000000e+03,3.075000000000000000e+03,3.150000000000000000e+03,3.225000000000000000e+03,3.300000000000000000e+03,3.375000000000000000e+03,3.450000000000000000e+03,3.525000000000000000e+03,3.600000000000000000e+03,3.675000000000000000e+03,3.750000000000000000e+03,3.825000000000000000e+03,3.900000000000000000e+03,3.975000000000000000e+03,4.050000000000000000e+03,4.125000000000000000e+03,4.200000000000000000e+03,4.275000000000000000e+03,4.350000000000000000e+03,4.425000000000000000e+03,4.500000000000000000e+03,4.575000000000000000e+03,4.650000000000000000e+03,4.725000000000000000e+03,4.800000000000000000e+03,4.875000000000000000e+03,4.950000000000000000e+03,5.025000000000000000e+03,5.100000000000000000e+03,5.175000000000000000e+03,5.250000000000000000e+03,5.325000000000000000e+03,5.400000000000000000e+03,5.475000000000000000e+03,5.550000000000000000e+03,5.625000000000000000e+03,5.700000000000000000e+03,5.775000000000000000e+03,5.850000000000000000e+03,5.925000000000000000e+03,6.000000000000000000e+03,6.075000000000000000e+03,6.150000000000000000e+03,6.225000000000000000e+03,6.300000000000000000e+03,6.375000000000000000e+03,6.450000000000000000e+03,6.525000000000000000e+03,6.600000000000000000e+03,6.675000000000000000e+03,6.750000000000000000e+03,6.825000000000000000e+03,6.900000000000000000e+03,6.975000000000000000e+03,7.050000000000000000e+03,7.125000000000000000e+03,7.200000000000000000e+03,7.275000000000000000e+03,7.350000000000000000e+03,7.425000000000000000e+03,7.500000000000000000e+03,7.575000000000000000e+03,7.650000000000000000e+03,7.725000000000000000e+03,7.800000000000000000e+03,7.875000000000000000e+03,7.950000000000000000e+03,8.025000000000000000e+03,8.100000000000000000e+03,8.175000000000000000e+03,8.250000000000000000e+03,8.325000000000000000e+03,8.400000000000000000e+03,8.475000000000000000e+03,8.550000000000000000e+03,8.625000000000000000e+03,8.700000000000000000e+03,8.775000000000000000e+03,8.850000000000000000e+03,8.925000000000000000e+03,9.000000000000000000e+03,9.075000000000000000e+03,9.150000000000000000e+03,9.225000000000000000e+03,9.300000000000000000e+03,9.375000000000000000e+03,9.450000000000000000e+03,9.525000000000000000e+03,9.600000000000000000e+03,9.675000000000000000e+03,9.750000000000000000e+03,9.825000000000000000e+03,9.900000000000000000e+03,9.975000000000000000e+03,1.005000000000000000e+04,1.012500000000000000e+04,1.020000000000000000e+04,1.027500000000000000e+04,1.035000000000000000e+04,1.042500000000000000e+04,1.050000000000000000e+04,1.057500000000000000e+04,1.065000000000000000e+04,1.072500000000000000e+04,1.080000000000000000e+04,1.087500000000000000e+04,1.095000000000000000e+04,1.102500000000000000e+04,1.110000000000000000e+04,1.117500000000000000e+04,1.125000000000000000e+04,1.132500000000000000e+04,1.140000000000000000e+04,1.147500000000000000e+04,1.155000000000000000e+04,1.162500000000000000e+04,1.170000000000000000e+04,1.177500000000000000e+04,1.185000000000000000e+04,1.192500000000000000e+04,1.200000000000000000e+04,1.207500000000000000e+04,1.215000000000000000e+04,1.222500000000000000e+04,1.230000000000000000e+04,1.237500000000000000e+04,1.245000000000000000e+04,1.252500000000000000e+04,1.260000000000000000e+04,1.267500000000000000e+04,1.275000000000000000e+04,1.282500000000000000e+04,1.290000000000000000e+04,1.297500000000000000e+04,1.305000000000000000e+04,1.312500000000000000e+04,1.320000000000000000e+04,1.327500000000000000e+04,1.335000000000000000e+04,1.342500000000000000e+04,1.350000000000000000e+04,1.357500000000000000e+04,1.365000000000000000e+04,1.372500000000000000e+04,1.380000000000000000e+04,1.387500000000000000e+04,1.395000000000000000e+04,1.402500000000000000e+04,1.410000000000000000e+04,1.417500000000000000e+04,1.425000000000000000e+04,1.432500000000000000e+04,1.440000000000000000e+04,1.447500000000000000e+04,1.455000000000000000e+04,1.462500000000000000e+04,1.470000000000000000e+04,1.477500000000000000e+04,1.485000000000000000e+04,1.492500000000000000e+04,1.500000000000000000e+04,1.507500000000000000e+04,1.515000000000000000e+04,1.522500000000000000e+04,1.530000000000000000e+04,1.537500000000000000e+04,1.545000000000000000e+04,1.552500000000000000e+04,1.560000000000000000e+04,1.567500000000000000e+04,1.575000000000000000e+04,1.582500000000000000e+04,1.590000000000000000e+04,1.597500000000000000e+04,1.605000000000000000e+04,1.612500000000000000e+04,1.620000000000000000e+04,1.627500000000000000e+04,1.635000000000000000e+04,1.642500000000000000e+04,1.650000000000000000e+04,1.657500000000000000e+04,1.665000000000000000e+04,1.672500000000000000e+04,1.680000000000000000e+04,1.687500000000000000e+04,1.695000000000000000e+04,1.702500000000000000e+04,1.710000000000000000e+04,1.717500000000000000e+04,1.725000000000000000e+04,1.732500000000000000e+04,1.740000000000000000e+04,1.747500000000000000e+04,1.755000000000000000e+04,1.762500000000000000e+04,1.770000000000000000e+04,1.777500000000000000e+04,1.785000000000000000e+04,1.792500000000000000e+04,1.800000000000000000e+04,1.807500000000000000e+04,1.815000000000000000e+04,1.822500000000000000e+04,1.830000000000000000e+04,1.837500000000000000e+04,1.845000000000000000e+04,1.852500000000000000e+04,1.860000000000000000e+04,1.867500000000000000e+04,1.875000000000000000e+04,1.882500000000000000e+04,1.890000000000000000e+04,1.897500000000000000e+04,1.905000000000000000e+04,1.912500000000000000e+04,1.920000000000000000e+04,1.927500000000000000e+04,1.935000000000000000e+04,1.942500000000000000e+04,1.950000000000000000e+04,1.957500000000000000e+04,1.965000000000000000e+04,1.972500000000000000e+04,1.980000000000000000e+04,1.987500000000000000e+04,1.995000000000000000e+04,2.002500000000000000e+04,2.010000000000000000e+04,2.017500000000000000e+04,2.025000000000000000e+04,2.032500000000000000e+04,2.040000000000000000e+04,2.047500000000000000e+04,2.055000000000000000e+04,2.062500000000000000e+04,2.070000000000000000e+04,2.077500000000000000e+04,2.085000000000000000e+04,2.092500000000000000e+04,2.100000000000000000e+04,2.107500000000000000e+04,2.115000000000000000e+04,2.122500000000000000e+04,2.130000000000000000e+04,2.137500000000000000e+04,2.145000000000000000e+04,2.152500000000000000e+04,2.160000000000000000e+04,2.167500000000000000e+04,2.175000000000000000e+04,2.182500000000000000e+04,2.190000000000000000e+04,2.197500000000000000e+04,2.205000000000000000e+04,2.212500000000000000e+04,2.220000000000000000e+04,2.227500000000000000e+04,2.235000000000000000e+04,2.242500000000000000e+04
0.000000000000000000e+00,7.600000000000000000e+01,1.520000000000000000e+02,2.280000000000000000e+02,3.040000000000000000e+02,3.800000000000000000e+02,4.560000000000000000e+02,5.320000000000000000e+02,6.080000000000000000e+02,6.840000000000000000e+02,7.600000000000000000e+02,8.360000000000000000e+02,9.120000000000000000e+02,9.880000000000000000e+02,1.064000000000000000e+03,1.140000000000000000e+03,1.216000000000000000e+03,1.292000000000000000e+03,1.368000000000000000e+03,1.444000000000000000e+03,1.520000000000000000e+03,1.596000000000000000e+03,1.672000000000000000e+03,1.748000000000000000e+03,1.824000000000000000e+03,1.900000000000000000e+03,1.976000000000000000e+03,2.052000000000000000e+03,2.128000000000000000e+03,2.204000000000000000e+03,2.280000000000000000e+03,2.356000000000000000e+03,2.432000000000000000e+03,2.508000000000000000e+03,2.584000000000000000e+03,2.660000000000000000e+03,2.736000000000000000e+03,2.812000000000000000e+03,2.888000000000000000e+03,2.964000000000000000e+03,3.040000000000000000e+03,3.116000000000000000e+03,3.192000000000000000e+03,3.268000000000000000e+03,3.344000000000000000e+03,3.420000000000000000e+03,3.496000000000000000e+03,3.572000000000000000e+03,3.648000000000000000e+03,3.724000000000000000e+03,3.800000000000000000e+03,3.876000000000000000e+03,3.952000000000000000e+03,4.028000000000000000e+03,4.104000000000000000e+03,4.180000000000000000e+03,4.256000000000000000e+03,4.332000000000000000e+03,4.408000000000000000e+03,4.484000000000000000e+03,4.560000000000000000e+03,4.636000000000000000e+03,4.712000000000000000e+03,4.788000000000000000e+03,4.864000000000000000e+03,4.940000000000000000e+03,5.016000000000000000e+03,5.092000000000000000e+03,5.168000000000000000e+03,5.244000000000000000e+03,5.320000000000000000e+03,5.396000000000000000e+03,5.472000000000000000e+03,5.548000000000000000e+03,5.624000000000000000e+03,5.700000000000000000e+03,5.776000000000000000e+03,5.852000000000000000e+03,5.928000000000000000e+03,6.004000000000000000e+03,6.080000000000000000e+03,6.156000000000000000e+03,6.232000000000000000e+03,6.308000000000000000e+03,6.384000000000000000e+03,6.460000000000000000e+03,6.536000000000000000e+03,6.612000000000000000e+03,6.688000000000000000e+03,6.764000000000000000e+03,6.840000000000000000e+03,6.916000000000000000e+03,6.992000000000000000e+03,7.068000000000000000e+03,7.144000000000000000e+03,7.220000000000000000e+03,7.296000000000000000e+03,7.372000000000000000e+03,7.448000000000000000e+03,7.524000000000000000e+03,7.600000000000000000e+03,7.676000000000000000e+03,7.752000000000000000e+03,7.828000000000000000e+03,7.904000000000000000e+03,7.980000000000000000e+03,8.056000000000000000e+03,8.132000000000000000e+03,8.208000000000000000e+03,8.284000000000000000e+03,8.360000000000000000e+03,8.436000000000000000e+03,8.512000000000000000e+03,8.588000000000000000e+03,8.664000000000000000e+03,8.740000000000000000e+03,8.816000000000000000e+03,8.892000000000000000e+03,8.968000000000000000e+03,9.044000000000000000e+03,9.120000000000000000e+03,9.196000000000000000e+03,9.272000000000000000e+03,9.348000000000000000e+03,9.424000000000000000e+03,9.500000000000000000e+03,9.576000000000000000e+03,9.652000000000000000e+03,9.728000000000000000e+03,9.804000000000000000e+03,9.880000000000000000e+03,9.956000000000000000e+03,1.003200000000000000e+04,1.010800000000000000e+04,1.018400000000000000e+04,1.026000000000000000e+04,1.033600000000000000e+04,1.041200000000000000e+04,1.048800000000000000e+04,1.056400000000000000e+04,1.064000000000000000e+04,1.071600000000000000e+04,1.079200000000000000e+04,1.086800000000000000e+04,1.094400000000000000e+04,1.102000000000000000e+04,1.109600000000000000e+04,1.117200000000000000e+04,1.124800000000000000e+04,1.132400000000000000e+04,1.140000000000000000e+04,1.147600000000000000e+04,1.155200000000000000e+04,1.162800000000000000e+04,1.170400000000000000e+04,1.178000000000000000e+04,1.185600000000000000e+04,1.193200000000000000e+04,1.200800000000000000e+04,1.208400000000000000e+04,1.216000000000000000e+04,1.223600000000000000e+04,1.231200000000000000e+04,1.238800000000000000e+04,1.246400000000000000e+04,1.254000000000000000e+04,1.261600000000000000e+04,1.269200000000000000e+04,1.276800000000000000e+04,1.284400000000000000e+04,1.292000000000000000e+04,1.299600000000000000e+04,1.307200000000000000e+04,1.314800000000000000e+04,1.322400000000000000e+04,1.330000000000000000e+04,1.337600000000000000e+04,1.345200000000000000e+04,1.352800000000000000e+04,1.360400000000000000e+04,1.368000000000000000e+04,1.375600000000000000e+04,1.383200000000000000e+04,1.390800000000000000e+04,1.398400000000000000e+04,1.406000000000000000e+04,1.413600000000000000e+04,1.421200000000000000e+04,1.428800000000000000e+04,1.436400000000000000e+04,1.444000000000000000e+04,1.451600000000000000e+04,1.459200000000000000e+04,1.466800000000000000e+04,1.474400000000000000e+04,1.482000000000000000e+04,1.489600000000000000e+04,1.497200000000000000e+04,1.504800000000000000e+04,1.512400000000000000e+04,1.520000000000000000e+04,1.527600000000000000e+04,1.535200000000000000e+04,1.542800000000000000e+04,1.550400000000000000e+04,1.558000000000000000e+04,1.565600000000000000e+04,1.573200000000000000e+04,1.580800000000000000e+04,1.588400000000000000e+04,1.596000000000000000e+04,1.603600000000000000e+04,1.611200000000000000e+04,1.618800000000000000e+04,1.626400000000000000e+04,1.634000000000000000e+04,1.641600000000000000e+04,1.649200000000000000e+04,1.656800000000000000e+04,1.664400000000000000e+04,1.672000000000000000e+04,1.679600000000000000e+04,1.687200000000000000e+04,1.694800000000000000e+04,1.702400000000000000e+04,1.710000000000000000e+04,1.717600000000000000e+04,1.725200000000000000e+04,1.732800000000000000e+04,1.740400000000000000e+04,1.748000000000000000e+04,1.755600000000000000e+04,1.763200000000000000e+04,1.770800000000000000e+04,1.778400000000000000e+04,1.786000000000000000e+04,1.793600000000000000e+04,1.801200000000000000e+04,1.808800000000000000e+04,1.816400000000000000e+04,1.824000000000000000e+04,1.831600000000000000e+04,1.839200000000000000e+04,1.846800000000000000e+04,1.854400000000000000e+04,1.862000000000000000e+04,1.869600000000000000e+04,1.877200000000000000e+04,1.884800000000000000e+04,1.892400000000000000e+04,1.900000000000000000e+04,1.907600000000000000e+04,1.915200000000000000e+04,1.922800000000000000e+04,1.930400000000000000e+04,1.938000000000000000e+04,1.945600000000000000e+04,1.953200000000000000e+04,1.960800000000000000e+04,1.968400000000000000e+04,1.976000000000000000e+04,1.983600000000000000e+04,1.991200000000000000e+04,1.998800000000000000e+04,2.006400000000000000e+04,2.014000000000000000e+04,2.021600000000000000e+04,2.029200000000000000e+04,2.036800000000000000e+04,2.044400000000000000e+04,2.052000000000000000e+04,2.059600000000000000e+04,2.067200000000000000e+04,2.074800000000000000e+04,2.082400000000000000e+04,2.090000000000000000e+04,2.097600000000000000e+04,2.105200000000000000e+04,2.112800000000000000e+04,2.120400000000000000e+04,2.128000000000000000e+04,2.135600000000000000e+04,2.143200000000000000e+04,2.150800000000000000e+04,2.158400000000000000e+04,2.166000000000000000e+04,2.173600000000000000e+04,2.181200000000000000e+04,2.188800000000000000e+04,2.196400000000000000e+04,2.204000000000000000e+04,2.211600000000000000e+04,2.219200000000000000e+04,2.226800000000000000e+04,2.234400000000000000e+04,2.242000000000000000e+04,2.249600000000000000e+04,2.257200000000000000e+04,2.264800000000000000e+04,2.272400000000000000e+04
0.000000000000000000e+00,7.700000000000000000e+01,1.540000000000000000e+02,2.310000000000000000e+02,3.080000000000000000e+02,3.850000000000000000e+02,4.620000000000000000e+02,5.390000000000000000e+02,6.160000000000000000e+02,6.930000000000000000e+02,7.700000000000000000e+02,8.470000000000000000e+02,9.240000000000000000e+02,1.001000000000000000e+03,1.078000000000000000e+03,1.155000000000000000e+03,1.232000000000000000e+03,1.309000000000000000e+03,1.386000000000000000e+03,1.463000000000000000e+03,1.540000000000000000e+03,1.617000000000000000e+03,1.694000000000000000e+03,1.771000000000000000e+03,1.848000000000000000e+03,1.925000000000000000e+03,2.002000000000000000e+03,2.079000000000000000e+03,2.156000000000000000e+03,2.233000000000000000e+03,2.310000000000000000e+03,2.387000000000000000e+03,2.464000000000000000e+03,2.541000000000000000e+03,2.618000000000000000e+03,2.695000000000000000e+03,2.772000000000000000e+03,2.849000000000000000e+03,2.926000000000000000e+03,3.003000000000000000e+03,3.080000000000000000e+03,3.157000000000000000e+03,3.234000000000000000e+03,3.311000000000000000e+03,3.388000000000000000e+03,3.465000000000000000e+03,3.542000000000000000e+03,3.619000000000000000e+03,3.696000000000000000e+03,3.773000000000000000e+03,3.850000000000000000e+03,3.927000000000000000e+03,4.004000000000000000e+03,4.081000000000000000e+03,4.158000000000000000e+03,4.235000000000000000e+03,4.312000000000000000e+03,4.389000000000000000e+03,4.466000000000000000e+03,4.543000000000000000e+03,4.620000000000000000e+03,4.697000000000000000e+03,4.774000000000000000e+03,4.851000000000000000e+03,4.928000000000000000e+03,5.005000000000000000e+03,5.082000000000000000e+03,5.159000000000000000e+03,5.236000000000000000e+03,5.313000000000000000e+03,5.390000000000000000e+03,5.467000000000000000e+03,5.544000000000000000e+03,5.621000000000000000e+03,5.698000000000000000e+03,5.775000000000000000e+03,5.852000000000000000e+03,5.929000000000000000e+03,6.006000000000000000e+03,6.083000000000000000e+03,6.160000000000000000e+03,6.237000000000000000e+03,6.314000000000000000e+03,6.391000000000000000e+03,6.468000000000000000e+03,6.545000000000000000e+03,6.622000000000000000e+03,6.699000000000000000e+03,6.776000000000000000e+03,6.853000000000000000e+03,6.930000000000000000e+03,7.007000000000000000e+03,7.084000000000000000e+03,7.161000000000000000e+03,7.238000000000000000e+03,7.315000000000000000e+03,7.392000000000000000e+03,7.469000000000000000e+03,7.546000000000000000e+03,7.623000000000000000e+03,7.700000000000000000e+03,7.777000000000000000e+03,7.854000000000000000e+03,7.931000000000000000e+03,8.008000000000000000e+03,8.085000000000000000e+03,8.162000000000000000e+03,8.239000000000000000e+03,8.316000000000000000e+03,8.393000000000000000e+03,8.470000000000000000e+03,8.547000000000000000e+03,8.624000000000000000e+03,8.701000000000000000e+03,8.778000000000000000e+03,8.855000000000000000e+03,8.932000000000000000e+03,9.009000000000000000e+03,9.086000000000000000e+03,9.163000000000000000e+03,9.240000000000000000e+03,9.317000000000000000e+03,9.394000000000000000e+03,9.471000000000000000e+03,9.548000000000000000e+03,9.625000000000000000e+03,9.702000000000000000e+03,9.779000000000000000e+03,9.856000000000000000e+03,9.933000000000000000e+03,1.001000000000000000e+04,1.008700000000000000e+04,1.016400000000000000e+04,1.024100000000000000e+04,1.031800000000000000e+04,1.039500000000000000e+04,1.047200000000000000e+04,1.054900000000000000e+04,1.062600000000000000e+04,1.070300000000000000e+04,1.078000000000000000e+04,1.085700000000000000e+04,1.093400000000000000e+04,1.101100000000000000e+04,1.108800000000000000e+04,1.116500000000000000e+04,1.124200000000000000e+04,1.131900000000000000e+04,1.139600000000000000e+04,1.147300000000000000e+04,1.155000000000000000e+04,1.162700000000000000e+04,1.170400000000000000e+04,1.178100000000000000e+04,1.185800000000000000e+04,1.193500000000000000e+04,1.201200000000000000e+04,1.208900000000000000e+04,1.216600000000000000e+04,1.224300000000000000e+04,1.232000000000000000e+04,1.239700000000000000e+04,1.247400000000000000e+04,1.255100000000000000e+04,1.262800000000000000e+04,1.270500000000000000e+04,1.278200000000000000e+04,1.285900000000000000e+04,1.293600000000000000e+04,1.301300000000000000e+04,1.309000000000000000e+04,1.316700000000000000e+04,1.324400000000000000e+04,1.332100000000000000e+04,1.339800000000000000e+04,1.347500000000000000e+04,1.355200000000000000e+04,1.362900000000000000e+04,1.370600000000000000e+04,1.378300000000000000e+04,1.386000000000000000e+04,1.393700000000000000e+04,1.401400000000000000e+04,1.409100000000000000e+04,1.416800000000000000e+04,1.424500000000000000e+04,1.432200000000000000e+04,1.439900000000000000e+04,1.447600000000000000e+04,1.455300000000000000e+04,1.463000000000000000e+04,1.470700000000000000e+04,1.478400000000000000e+04,1.486100000000000000e+04,1.493800000000000000e+04,1.501500000000000000e+04,1.509200000000000000e+04,1.516900000000000000e+04,1.524600000000000000e+04,1.532300000000000000e+04,1.540000000000000000e+04,1.547700000000000000e+04,1.555400000000000000e+04,1.563100000000000000e+04,1.570800000000000000e+04,1.578500000000000000e+04,1.586200000000000000e+04,1.593900000000000000e+04,1.601600000000000000e+04,1.609300000000000000e+04,1.617000000000000000e+04,1.624700000000000000e+04,1.632400000000000000e+04,1.640100000000000000e+04,1.647800000000000000e+04,1.655500000000000000e+04,1.663200000000000000e+04,1.670900000000000000e+04,1.678600000000000000e+04,1.686300000000000000e+04,1.694000000000000000e+04,1.701700000000000000e+04,1.709400000000000000e+04,1.717100000000000000e+04,1.724800000000000000e+04,1.732500000000000000e+04,1.740200000000000000e+04,1.747900000000000000e+04,1.755600000000000000e+04,1.763300000000000000e+04,1.771000000000000000e+04,1.778700000000000000e+04,1.786400000000000000e+04,1.794100000000000000e+04,1.801800000000000000e+04,1.809500000000000000e+04,1.817200000000000000e+04,1.824900000000000000e+04,1.832600000000000000e+04,1.840300000000000000e+04,1.848000000000000000e+04,1.855700000000000000e+04,1.863400000000000000e+04,1.871100000000000000e+04,1.878800000000000000e+04,1.886500000000000000e+04,1.894200000000000000e+04,1.901900000000000000e+04,1.909600000000000000e+04,1.917300000000000000e+04,1.925000000000000000e+04,1.932700000000000000e+04,1.940400000000000000e+04,1.948100000000000000e+04,1.955800000000000000e+04,1.963500000000000000e+04,1.971200000000000000e+04,1.978900000000000000e+04,1.986600000000000000e+04,1.994300000000000000e+04,2.002000000000000000e+04,2.009700000000000000e+04,2.017400000000000000e+04,2.025100000000000000e+04,2.032800000000000000e+04,2.040500000000000000e+04,2.048200000000000000e+04,2.055900000000000000e+04,2.063600000000000000e+04,2.071300000000000000e+04,2.079000000000000000e+04,2.086700000000000000e+04,2.094400000000000000e+04,2.102100000000000000e+04,2.109800000000000000e+04,2.117500000000000000e+04,2.125200000000000000e+04,2.132900000000000000e+04,2.140600000000000000e+04,2.148300000000000000e+04,2.156000000000000000e+04,2.163700000000000000e+04,2.171400000000000000e+04,2.179100000000000000e+04,2.186800000000000000e+04,2.194500000000000000e+04,2.202200000000000000e+04,2.209900000000000000e+04,2.217600000000000000e+04,2.225300000000000000e+04,2.233000000000000000e+04,2.240700000000000000e+04,2.248400000000000000e+04,2.256100000000000000e+04,2.263800000000000000e+04,2.271500000000000000e+04,2.279200000000000000e+04,2.286900000000000000e+04,2.294600000000000000e+04,2.302300000000000000e+04
0.000000000000000000e+00,7.800000000000000000e+01,1.560000000000000000e+02,2.340000000000000000e+02,3.120000000000000000e+02,3.900000000000000000e+02,4.680000000000000000e+02,5.460000000000000000e+02,6.240000000000000000e+02,7.020000000000000000e+02,7.800000000000000000e+02,8.580000000000000000e+02,9.360000000000000000e+02,1.014000000000000000e+03,1.092000000000000000e+03,1.170000000000000000e+03,1.248000000000000000e+03,1.326000000000000000e+03,1.404000000000000000e+03,1.482000000000000000e+03,1.560000000000000000e+03,1.638000000000000000e+03,1.716000000000000000e+03,1.794000000000000000e+03,1.872000000000000000e+03,1.950000000000000000e+03,2.028000000000000000e+03,2.106000000000000000e+03,2.184000000000000000e+03,2.262000000000000000e+03,2.340000000000000000e+03,2.418000000000000000e+03,2.496000000000000000e+03,2.574000000000000000e+03,2.652000000000000000e+03,2.730000000000000000e+03,2.808000000000000000e+03,2.886000000000000000e+03,2.964000000000000000e+03,3.042000000000000000e+03,3.120000000000000000e+03,3.198000000000000000e+03,3.276000000000000000e+03,3.354000000000000000e+03,3.432000000000000000e+03,3.510000000000000000e+03,3.588000000000000000e+03,3.666000000000000000e+03,3.744000000000000000e+03,3.822000000000000000e+03,3.900000000000000000e+03,3.978000000000000000e+03,4.056000000000000000e+03,4.134000000000000000e+03,4.212000000000000000e+03,4.290000000000000000e+03,4.368000000000000000e+03,4.446000000000000000e+03,4.524000000000000000e+03,4.602000000000000000e+03,4.680000000000000000e+03,4.758000000000000000e+03,4.836000000000000000e+03,4.914000000000000000e+03,4.992000000000000000e+03,5.070000000000000000e+03,5.148000000000000000e+03,5.226000000000000000e+03,5.304000000000000000e+03,5.382000000000000000e+03,5.460000000000000000e+03,5.538000000000000000e+03,5.616000000000000000e+03,5.694000000000000000e+03,5.772000000000000000e+03,5.850000000000000000e+03,5.928000000000000000e+03,6.006000000000000000e+03,6.084000000000000000e+03,6.162000000000000000e+03,6.240000000000000000e+03,6.318000000000000000e+03,6.396000000000000000e+03,6.474000000000000000e+03,6.552000000000000000e+03,6.630000000000000000e+03,6.708000000000000000e+03,6.786000000000000000e+03,6.864000000000000000e+03,6.942000000000000000e+03,7.020000000000000000e+03,7.098000000000000000e+03,7.176000000000000000e+03,7.254000000000000000e+03,7.332000000000000000e+03,7.410000000000000000e+03,7.488000000000000000e+03,7.566000000000000000e+03,7.644000000000000000e+03,7.722000000000000000e+03,7.800000000000000000e+03,7.878000000000000000e+03,7.956000000000000000e+03,8.034000000000000000e+03,8.112000000000000000e+03,8.190000000000000000e+03,8.268000000000000000e+03,8.346000000000000000e+03,8.424000000000000000e+03,8.502000000000000000e+03,8.580000000000000000e+03,8.658000000000000000e+03,8.736000000000000000e+03,8.814000000000000000e+03,8.892000000000000000e+03,8.970000000000000000e+03,9.048000000000000000e+03,9.126000000000000000e+03,9.204000000000000000e+03,9.282000000000000000e+03,9.360000000000000000e+03,9.438000000000000000e+03,9.516000000000000000e+03,9.594000000000000000e+03,9.672000000000000000e+03,9.750000000000000000e+03,9.828000000000000000e+03,9.906000000000000000e+03,9.984000000000000000e+03,1.006200000000000000e+04,1.014000000000000000e+04,1.021800000000000000e+04,1.029600000000000000e+04,1.037400000000000000e+04,1.045200000000000000e+04,1.053000000000000000e+04,1.060800000000000000e+04,1.068600000000000000e+04,1.076400000000000000e+04,1.084200000000000000e+04,1.092000000000000000e+04,1.099800000000000000e+04,1.107600000000000000e+04,1.115400000000000000e+04,1.123200000000000000e+04,1.131000000000000000e+04,1.138800000000000000e+04,1.146600000000000000e+04,1.154400000000000000e+04,1.162200000000000000e+04,1.170000000000000000e+04,1.177800000000000000e+04,1.185600000000000000e+04,1.193400000000000000e+04,1.201200000000000000e+04,1.209000000000000000e+04,1.216800000000000000e+04,1.224600000000000000e+04,1.232400000000000000e+04,1.240200000000000000e+04,1.248000000000000000e+04,1.255800000000000000e+04,1.263600000000000000e+04,1.271400000000000000e+04,1.279200000000000000e+04,1.287000000000000000e+04,1.294800000000000000e+04,1.302600000000000000e+04,1.310400000000000000e+04,1.318200000000000000e+04,1.326000000000000000e+04,1.333800000000000000e+04,1.341600000000000000e+04,1.349400000000000000e+04,1.357200000000000000e+04,1.365000000000000000e+04,1.372800000000000000e+04,1.380600000000000000e+04,1.388400000000000000e+04,1.396200000000000000e+04,1.404000000000000000e+04,1.411800000000000000e+04,1.419600000000000000e+04,1.427400000000000000e+04,1.435200000000000000e+04,1.443000000000000000e+04,1.450800000000000000e+04,1.458600000000000000e+04,1.466400000000000000e+04,1.474200000000000000e+04,1.482000000000000000e+04,1.489800000000000000e+04,1.497600000000000000e+04,1.505400000000000000e+04,1.513200000000000000e+04,1.521000000000000000e+04,1.528800000000000000e+04,1.536600000000000000e+04,1.544400000000000000e+04,1.552200000000000000e+04,1.560000000000000000e+04,1.567800000000000000e+04,1.575600000000000000e+04,1.583400000000000000e+04,1.591200000000000000e+04,1.599000000000000000e+04,1.606800000000000000e+04,1.614600000000000000e+04,1.622400000000000000e+04,1.630200000000000000e+04,1.638000000000000000e+04,1.645800000000000000e+04,1.653600000000000000e+04,1.661400000000000000e+04,1.669200000000000000e+04,1.677000000000000000e+04,1.684800000000000000e+04,1.692600000000000000e+04,1.700400000000000000e+04,1.708200000000000000e+04,1.716000000000000000e+04,1.723800000000000000e+04,1.731600000000000000e+04,1.739400000000000000e+04,1.747200000000000000e+04,1.755000000000000000e+04,1.762800000000000000e+04,1.770600000000000000e+04,1.778400000000000000e+04,1.786200000000000000e+04,1.794000000000000000e+04,1.801800000000000000e+04,1.809600000000000000e+04,1.817400000000000000e+04,1.825200000000000000e+04,1.833000000000000000e+04,1.840800000000000000e+04,1.848600000000000000e+04,1.856400000000000000e+04,1.864200000000000000e+04,1.872000000000000000e+04,1.879800000000000000e+04,1.887600000000000000e+04,1.895400000000000000e+04,1.903200000000000000e+04,1.911000000000000000e+04,1.918800000000000000e+04,1.926600000000000000e+04,1.934400000000000000e+04,1.942200000000000000e+04,1.950000000000000000e+04,1.957800000000000000e+04,1.965600000000000000e+04,1.973400000000000000e+04,1.981200000000000000e+04,1.989000000000000000e+04,1.996800000000000000e+04,2.004600000000000000e+04,2.012400000000000000e+04,2.020200000000000000e+04,2.028000000000000000e+04,2.035800000000000000e+04,2.043600000000000000e+04,2.051400000000000000e+04,2.059200000000000000e+04,2.067000000000000000e+04,2.074800000000000000e+04,2.082600000000000000e+04,2.090400000000000000e+04,2.098200000000000000e+04,2.106000000000000000e+04,2.113800000000000000e+04,2.121600000000000000e+04,2.129400000000000000e+04,2.137200000000000000e+04,2.145000000000000000e+04,2.152800000000000000e+04,2.160600000000000000e+04,2.168400000000000000e+04,2.176200000000000000e+04,2.184000000000000000e+04,2.191800000000000000e+04,2.199600000000000000e+04,2.207400000000000000e+04,2.215200000000000000e+04,2.223000000000000000e+04,2.230800000000000000e+04,2.238600000000000000e+04,2.246400000000000000e+04,2.254200000000000000e+04,2.262000000000000000e+04,2.269800000000000000e+04,2.277600000000000000e+04,2.285400000000000000e+04,2.293200000000000000e+04,2.301000000000000000e+04,2.308800000000000000e+04,2.316600000000000000e+04,2.324400000000000000e+04,2.332200000000000000e+04
0.000000000000000000e+00,7.900000000000000000e+01,1.580000000000000000e+02,2.370000000000000000e+02,3.160000000000000000e+02,3.950000000000000000e+02,4.740000000000000000e+02,5.530000000000000000e+02,6.320000000000000000e+02,7.110000000000000000e+02,7.900000000000000000e+02,8.690000000000000000e+02,9.480000000000000000e+02,1.027000000000000000e+03,1.106000000000000000e+03,1.185000000000000000e+03,1.264000000000000000e+03,1.343000000000000000e+03,1.422000000000000000e+03,1.501000000000000000e+03,1.580000000000000000e+03,1.659000000000000000e+03,1.738000000000000000e+03,1.817000000000000000e+03,1.896000000000000000e+03,1.975000000000000000e+03,2.054000000000000000e+03,2.133000000000000000e+03,2.212000000000000000e+03,2.291000000000000000e+03,2.370000000000000000e+03,2.449000000000000000e+03,2.528000000000000000e+03,2.607000000000000000e+03,2.686000000000000000e+03,2.765000000000000000e+03,2.844000000000000000e+03,2.923000000000000000e+03,3.002000000000000000e+03,3.081000000000000000e+03,3.160000000000000000e+03,3.239000000000000000e+03,3.318000000000000000e+03,3.397000000000000000e+03,3.476000000000000000e+03,3.555000000000000000e+03,3.634000000000000000e+03,3.713000000000000000e+03,3.792000000000000000e+03,3.871000000000000000e+03,3.950000000000000000e+03,4.029000000000000000e+03,4.108000000000000000e+03,4.187000000000000000e+03,4.266000000000000000e+03,4.345000000000000000e+03,4.424000000000000000e+03,4.503000000000000000e+03,4.582000000000000000e+03,4.661000000000000000e+03,4.740000000000000000e+03,4.819000000000000000e+03,4.898000000000000000e+03,4.977000000000000000e+03,5.056000000000000000e+03,5.135000000000000000e+03,5.214000000000000000e+03,5.293000000000000000e+03,5.372000000000000000e+03,5.451000000000000000e+03,5.530000000000000000e+03,5.609000000000000000e+03,5.688000000000000000e+03,5.767000000000000000e+03,5.846000000000000000e+03,5.925000000000000000e+03,6.004000000000000000e+03,6.083000000000000000e+03,6.162000000000000000e+03,6.241000000000000000e+03,6.320000000000000000e+03,6.399000000000000000e+03,6.478000000000000000e+03,6.557000000000000000e+03,6.636000000000000000e+03,6.715000000000000000e+03,6.794000000000000000e+03,6.873000000000000000e+03,6.952000000000000000e+03,7.031000000000000000e+03,7.110000000000000000e+03,7.189000000000000000e+03,7.268000000000000000e+03,7.347000000000000000e+03,7.426000000000000000e+03,7.505000000000000000e+03,7.584000000000000000e+03,7.663000000000000000e+03,7.742000000000000000e+03,7.821000000000000000e+03,7.900000000000000000e+03,7.979000000000000000e+03,8.058000000000000000e+03,8.137000000000000000e+03,8.216000000000000000e+03,8.295000000000000000e+03,8.374000000000000000e+03,8.453000000000000000e+03,8.532000000000000000e+03,8.611000000000000000e+03,8.690000000000000000e+03,8.769000000000000000e+03,8.848000000000000000e+03,8.927000000000000000e+03,9.006000000000000000e+03,9.085000000000000000e+03,9.164000000000000000e+03,9.243000000000000000e+03,9.322000000000000000e+03,9.401000000000000000e+03,9.480000000000000000e+03,9.559000000000000000e+03,9.638000000000000000e+03,9.717000000000000000e+03,9.796000000000000000e+03,9.875000000000000000e+03,9.954000000000000000e+03,1.003300000000000000e+04,1.011200000000000000e+04,1.019100000000000000e+04,1.027000000000000000e+04,1.034900000000000000e+04,1.042800000000000000e+04,1.050700000000000000e+04,1.058600000000000000e+04,1.066500000000000000e+04,1.074400000000000000e+04,1.082300000000000000e+04,1.090200000000000000e+04,1.098100000000000000e+04,1.106000000000000000e+04,1.113900000000000000e+04,1.121800000000000000e+04,1.129700000000000000e+04,1.137600000000000000e+04,1.145500000000000000e+04,1.153400000000000000e+04,1.161300000000000000e+04,1.169200000000000000e+04,1.177100000000000000e+04,1.185000000000000000e+04,1.192900000000000000e+04,1.200800000000000000e+04,1.208700000000000000e+04,1.216600000000000000e+04,1.224500000000000000e+04,1.232400000000000000e+04,1.240300000000000000e+04,1.248200000000000000e+04,1.256100000000000000e+04,1.264000000000000000e+04,1.271900000000000000e+04,1.279800000000000000e+04,1.287700000000000000e+04,1.295600000000000000e+04,1.303500000000000000e+04,1.311400000000000000e+04,1.319300000000000000e+04,1.327200000000000000e+04,1.335100000000000000e+04,1.343000000000000000e+04,1.350900000000000000e+04,1.358800000000000000e+04,1.366700000000000000e+04,1.374600000000000000e+04,1.382500000000000000e+04,1.390400000000000000e+04,1.398300000000000000e+04,1.406200000000000000e+04,1.414100000000000000e+04,1.422000000000000000e+04,1.429900000000000000e+04,1.437800000000000000e+04,1.445700000000000000e+04,1.453600000000000000e+04,1.461500000000000000e+04,1.469400000000000000e+04,1.477300000000000000e+04,1.485200000000000000e+04,1.493100000000000000e+04,1.501000000000000000e+04,1.508900000000000000e+04,1.516800000000000000e+04,1.524700000000000000e+04,1.532600000000000000e+04,1.540500000000000000e+04,1.548400000000000000e+04,1.556300000000000000e+04,1.564200000000000000e+04,1.572100000000000000e+04,1.580000000000000000e+04,1.587900000000000000e+04,1.595800000000000000e+04,1.603700000000000000e+04,1.611600000000000000e+04,1.619500000000000000e+04,1.627400000000000000e+04,1.635300000000000000e+04,1.643200000000000000e+04,1.651100000000000000e+04,1.659000000000000000e+04,1.666900000000000000e+04,1.674800000000000000e+04,1.682700000000000000e+04,1.690600000000000000e+04,1.698500000000000000e+04,1.706400000000000000e+04,1.714300000000000000e+04,1.722200000000000000e+04,1.730100000000000000e+04,1.738000000000000000e+04,1.745900000000000000e+04,1.753800000000000000e+04,1.761700000000000000e+04,1.769600000000000000e+04,1.777500000000000000e+04,1.785400000000000000e+04,1.793300000000000000e+04,1.801200000000000000e+04,1.809100000000000000e+04,1.817000000000000000e+04,1.824900000000000000e+04,1.832800000000000000e+04,1.840700000000000000e+04,1.848600000000000000e+04,1.856500000000000000e+04,1.864400000000000000e+04,1.872300000000000000e+04,1.880200000000000000e+04,1.888100000000000000e+04,1.896000000000000000e+04,1.903900000000000000e+04,1.911800000000000000e+04,1.919700000000000000e+04,1.927600000000000000e+04,1.935500000000000000e+04,1.943400000000000000e+04,1.951300000000000000e+04,1.959200000000000000e+04,1.967100000000000000e+04,1.975000000000000000e+04,1.982900000000000000e+04,1.990800000000000000e+04,1.998700000000000000e+04,2.006600000000000000e+04,2.014500000000000000e+04,2.022400000000000000e+04,2.030300000000000000e+04,2.038200000000000000e+04,2.046100000000000000e+04,2.054000000000000000e+04,2.061900000000000000e+04,2.069800000000000000e+04,2.077700000000000000e+04,2.085600000000000000e+04,2.093500000000000000e+04,2.101400000000000000e+04,2.109300000000000000e+04,2.117200000000000000e+04,2.125100000000000000e+04,2.133000000000000000e+04,2.140900000000000000e+04,2.148800000000000000e+04,2.156700000000000000e+04,2.164600000000000000e+04,2.172500000000000000e+04,2.180400000000000000e+04,2.188300000000000000e+04,2.196200000000000000e+04,2.204100000000000000e+04,2.212000000000000000e+04,2.219900000000000000e+04,2.227800000000000000e+04,2.235700000000000000e+04,2.243600000000000000e+04,2.251500000000000000e+04,2.259400000000000000e+04,2.267300000000000000e+04,2.275200000000000000e+04,2.283100000000000000e+04,2.291000000000000000e+04,2.298900000000000000e+04,2.306800000000000000e+04,2.314700000000000000e+04,2.322600000000000000e+04,2.330500000000000000e+04,2.338400000000000000e+04,2.346300000000000000e+04,2.354200000000000000e+04,2.362100000000000000e+04
0.000000000000000000e+00,8.000000000000000000e+01,1.600000000000000000e+02,2.400000000000000000e+02,3.200000000000000000e+02,4.000000000000000000e+02,4.800000000000000000e+02,5.600000000000000000e+02,6.400000000000000000e+02,7.200000000000000000e+02,8.000000000000000000e+02,8.800000000000000000e+02,9.600000000000000000e+02,1.040000000000000000e+03,1.120000000000000000e+03,1.200000000000000000e+03,1.280000000000000000e+03,1.360000000000000000e+03,1.440000000000000000e+03,1.520000000000000000e+03,1.600000000000000000e+03,1.680000000000000000e+03,1.760000000000000000e+03,1.840000000000000000e+03,1.920000000000000000e+03,2.000000000000000000e+03,2.080000000000000000e+03,2.160000000000000000e+03,2.240000000000000000e+03,2.320000000000000000e+03,2.400000000000000000e+03,2.480000000000000000e+03,2.560000000000000000e+03,2.640000000000000000e+03,2.720000000000000000e+03,2.800000000000000000e+03,2.880000000000000000e+03,2.960000000000000000e+03,3.040000000000000000e+03,3.120000000000000000e+03,3.200000000000000000e+03,3.280000000000000000e+03,3.360000000000000000e+03,3.440000000000000000e+03,3.520000000000000000e+03,3.600000000000000000e+03,3.680000000000000000e+03,3.760000000000000000e+03,3.840000000000000000e+03,3.920000000000000000e+03,4.000000000000000000e+03,4.080000000000000000e+03,4.160000000000000000e+03,4.240000000000000000e+03,4.320000000000000000e+03,4.400000000000000000e+03,4.480000000000000000e+03,4.560000000000000000e+03,4.640000000000000000e+03,4.720000000000000000e+03,4.800000000000000000e+03,4.880000000000000000e+03,4.960000000000000000e+03,5.040000000000000000e+03,5.120000000000000000e+03,5.200000000000000000e+03,5.280000000000000000e+03,5.360000000000000000e+03,5.440000000000000000e+03,5.520000000000000000e+03,5.600000000000000000e+03,5.680000000000000000e+03,5.760000000000000000e+03,5.840000000000000000e+03,5.920000000000000000e+03,6.000000000000000000e+03,6.080000000000000000e+03,6.160000000000000000e+03,6.240000000000000000e+03,6.320000000000000000e+03,6.400000000000000000e+03,6.480000000000000000e+03,6.560000000000000000e+03,6.640000000000000000e+03,6.720000000000000000e+03,6.800000000000000000e+03,6.880000000000000000e+03,6.960000000000000000e+03,7.040000000000000000e+03,7.120000000000000000e+03,7.200000000000000000e+03,7.280000000000000000e+03,7.360000000000000000e+03,7.440000000000000000e+03,7.520000000000000000e+03,7.600000000000000000e+03,7.680000000000000000e+03,7.760000000000000000e+03,7.840000000000000000e+03,7.920000000000000000e+03,8.000000000000000000e+03,8.080000000000000000e+03,8.160000000000000000e+03,8.240000000000000000e+03,8.320000000000000000e+03,8.400000000000000000e+03,8.480000000000000000e+03,8.560000000000000000e+03,8.640000000000000000e+03,8.720000000000000000e+03,8.800000000000000000e+03,8.880000000000000000e+03,8.960000000000000000e+03,9.040000000000000000e+03,9.120000000000000000e+03,9.200000000000000000e+03,9.280000000000000000e+03,9.360000000000000000e+03,9.440000000000000000e+03,9.520000000000000000e+03,9.600000000000000000e+03,9.680000000000000000e+03,9.760000000000000000e+03,9.840000000000000000e+03,9.920000000000000000e+03,1.000000000000000000e+04,1.008000000000000000e+04,1.016000000000000000e+04,1.024000000000000000e+04,1.032000000000000000e+04,1.040000000000000000e+04,1.048000000000000000e+04,1.056000000000000000e+04,1.064000000000000000e+04,1.072000000000000000e+04,1.080000000000000000e+04,1.088000000000000000e+04,1.096000000000000000e+04,1.104000000000000000e+04,1.112000000000000000e+04,1.120000000000000000e+04,1.128000000000000000e+04,1.136000000000000000e+04,1.144000000000000000e+04,1.152000000000000000e+04,1.160000000000000000e+04,1.168000000000000000e+04,1.176000000000000000e+04,1.184000000000000000e+04,1.192000000000000000e+04,1.200000000000000000e+04,1.208000000000000000e+04,1.216000000000000000e+04,1.224000000000000000e+04,1.232000000000000000e+04,1.240000000000000000e+04,1.248000000000000000e+04,1.256000000000000000e+04,1.264000000000000000e+04,1.272000000000000000e+04,1.280000000000000000e+04,1.288000000000000000e+04,1.296000000000000000e+04,1.304000000000000000e+04,1.312000000000000000e+04,1.320000000000000000e+04,1.328000000000000000e+04,1.336000000000000000e+04,1.344000000000000000e+04,1.352000000000000000e+04,1.360000000000000000e+04,1.368000000000000000e+04,1.376000000000000000e+04,1.384000000000000000e+04,1.392000000000000000e+04,1.400000000000000000e+04,1.408000000000000000e+04,1.416000000000000000e+04,1.424000000000000000e+04,1.432000000000000000e+04,1.440000000000000000e+04,1.448000000000000000e+04,1.456000000000000000e+04,1.464000000000000000e+04,1.472000000000000000e+04,1.480000000000000000e+04,1.488000000000000000e+04,1.496000000000000000e+04,1.504000000000000000e+04,1.512000000000000000e+04,1.520000000000000000e+04,1.528000000000000000e+04,1.536000000000000000e+04,1.544000000000000000e+04,1.552000000000000000e+04,1.560000000000000000e+04,1.568000000000000000e+04,1.576000000000000000e+04,1.584000000000000000e+04,1.592000000000000000e+04,1.600000000000000000e+04,1.608000000000000000e+04,1.616000000000000000e+04,1.624000000000000000e+04,1.632000000000000000e+04,1.640000000000000000e+04,1.648000000000000000e+04,1.656000000000000000e+04,1.664000000000000000e+04,1.672000000000000000e+04,1.680000000000000000e+04,1.688000000000000000e+04,1.696000000000000000e+04,1.704000000000000000e+04,1.712000000000000000e+04,1.720000000000000000e+04,1.728000000000000000e+04,1.736000000000000000e+04,1.744000000000000000e+04,1.752000000000000000e+04,1.760000000000000000e+04,1.768000000000000000e+04,1.776000000000000000e+04,1.784000000000000000e+04,1.792000000000000000e+04,1.800000000000000000e+04,1.808000000000000000e+04,1.816000000000000000e+04,1.824000000000000000e+04,1.832000000000000000e+04,1.840000000000000000e+04,1.848000000000000000e+04,1.856000000000000000e+04,1.864000000000000000e+04,1.872000000000000000e+04,1.880000000000000000e+04,1.888000000000000000e+04,1.896000000000000000e+04,1.904000000000000000e+04,1.912000000000000000e+04,1.920000000000000000e+04,1.928000000000000000e+04,1.936000000000000000e+04,1.944000000000000000e+04,1.952000000000000000e+04,1.960000000000000000e+04,1.968000000000000000e+04,1.976000000000000000e+04,1.984000000000000000e+04,1.992000000000000000e+04,2.000000000000000000e+04,2.008000000000000000e+04,2.016000000000000000e+04,2.024000000000000000e+04,2.032000000000000000e+04,2.040000000000000000e+04,2.048000000000000000e+04,2.056000000000000000e+04,2.064000000000000000e+04,2.072000000000000000e+04,2.080000000000000000e+04,2.088000000000000000e+04,2.096000000000000000e+04,2.104000000000000000e+04,2.112000000000000000e+04,2.120000000000000000e+04,2.128000000000000000e+04,2.136000000000000000e+04,2.144000000000000000e+04,2.152000000000000000e+04,2.160000000000000000e+04,2.168000000000000000e+04,2.176000000000000000e+04,2.184000000000000000e+04,2.192000000000000000e+04,2.200000000000000000e+04,2.208000000000000000e+04,2.216000000000000000e+04,2.224000000000000000e+04,2.232000000000000000e+04,2.240000000000000000e+04,2.248000000000000000e+04,2.256000000000000000e+04,2.264000000000000000e+04,2.272000000000000000e+04,2.280000000000000000e+04,2.288000000000000000e+04,2.296000000000000000e+04,2.304000000000000000e+04,2.312000000000000000e+04,2.320000000000000000e+04,2.328000000000000000e+04,2.336000000000000000e+04,2.344000000000000000e+04,2.352000000000000000e+04,2.360000000000000000e+04,2.368000000000000000e+04,2.376000000000000000e+04,2.384000000000000000e+04,2.392000000000000000e+04
0.000000000000000000e+00,8.100000000000000000e+01,1.620000000000000000e+02,2.430000000000000000e+02,3.240000000000000000e+02,4.050000000000000000e+02,4.860000000000000000e+02,5.670000000000000000e+02,6.480000000000000000e+02,7.290000000000000000e+02,8.100000000000000000e+02,8.910000000000000000e+02,9.720000000000000000e+02,1.053000000000000000e+03,1.134000000000000000e+03,1.215000000000000000e+03,1.296000000000000000e+03,1.377000000000000000e+03,1.458000000000000000e+03,1.539000000000000000e+03,1.620000000000000000e+03,1.701000000000000000e+03,1.782000000000000000e+03,1.863000000000000000e+03,1.944000000000000000e+03,2.025000000000000000e+03,2.106000000000000000e+03,2.187000000000000000e+03,2.268000000000000000e+03,2.349000000000000000e+03,2.430000000000000000e+03,2.511000000000000000e+03,2.592000000000000000e+03,2.673000000000000000e+03,2.754000000000000000e+03,2.835000000000000000e+03,2.916000000000000000e+03,2.997000000000000000e+03,3.078000000000000000e+03,3.159000000000000000e+03,3.240000000000000000e+03,3.321000000000000000e+03,3.402000000000000000e+03,3.483000000000000000e+03,3.564000000000000000e+03,3.645000000000000000e+03,3.726000000000000000e+03,3.807000000000000000e+03,3.888000000000000000e+03,3.969000000000000000e+03,4.050000000000000000e+03,4.131000000000000000e+03,4.212000000000000000e+03,4.293000000000000000e+03,4.374000000000000000e+03,4.455000000000000000e+03,4.536000000000000000e+03,4.617000000000000000e+03,4.698000000000000000e+03,4.779000000000000000e+03,4.860000000000000000e+03,4.941000000000000000e+03,5.022000000000000000e+03,5.103000000000000000e+03,5.184000000000000000e+03,5.265000000000000000e+03,5.346000000000000000e+03,5.427000000000000000e+03,5.508000000000000000e+03,5.589000000000000000e+03,5.670000000000000000e+03,5.751000000000000000e+03,5.832000000000000000e+03,5.913000000000000000e+03,5.994000000000000000e+03,6.075000000000000000e+03,6.156000000000000000e+03,6.237000000000000000e+03,6.318000000000000000e+03,6.399000000000000000e+03,6.480000000000000000e+03,6.561000000000000000e+03,6.642000000000000000e+03,6.723000000000000000e+03,6.804000000000000000e+03,6.885000000000000000e+03,6.966000000000000000e+03,7.047000000000000000e+03,7.128000000000000000e+03,7.209000000000000000e+03,7.290000000000000000e+03,7.371000000000000000e+03,7.452000000000000000e+03,7.533000000000000000e+03,7.614000000000000000e+03,7.695000000000000000e+03,7.776000000000000000e+03,7.857000000000000000e+03,7.938000000000000000e+03,8.019000000000000000e+03,8.100000000000000000e+03,8.181000000000000000e+03,8.262000000000000000e+03,8.343000000000000000e+03,8.424000000000000000e+03,8.505000000000000000e+03,8.586000000000000000e+03,8.667000000000000000e+03,8.748000000000000000e+03,8.829000000000000000e+03,8.910000000000000000e+03,8.991000000000000000e+03,9.072000000000000000e+03,9.153000000000000000e+03,9.234000000000000000e+03,9.315000000000000000e+03,9.396000000000000000e+03,9.477000000000000000e+03,9.558000000000000000e+03,9.639000000000000000e+03,9.720000000000000000e+03,9.801000000000000000e+03,9.882000000000000000e+03,9.963000000000000000e+03,1.004400000000000000e+04,1.012500000000000000e+04,1.020600000000000000e+04,1.028700000000000000e+04,1.036800000000000000e+04,1.044900000000000000e+04,1.053000000000000000e+04,1.061100000000000000e+04,1.069200000000000000e+04,1.077300000000000000e+04,1.085400000000000000e+04,1.093500000000000000e+04,1.101600000000000000e+04,1.109700000000000000e+04,1.117800000000000000e+04,1.125900000000000000e+04,1.134000000000000000e+04,1.142100000000000000e+04,1.150200000000000000e+04,1.158300000000000000e+04,1.166400000000000000e+04,1.174500000000000000e+04,1.182600000000000000e+04,1.190700000000000000e+04,1.198800000000000000e+04,1.206900000000000000e+04,1.215000000000000000e+04,1.223100000000000000e+04,1.231200000000000000e+04,1.239300000000000000e+04,1.247400000000000000e+04,1.255500000000000000e+04,1.263600000000000000e+04,1.271700000000000000e+04,1.279800000000000000e+04,1.287900000000000000e+04,1.296000000000000000e+04,1.304100000000000000e+04,1.312200000000000000e+04,1.320300000000000000e+04,1.328400000000000000e+04,1.336500000000000000e+04,1.344600000000000000e+04,1.352700000000000000e+04,1.360800000000000000e+04,1.368900000000000000e+04,1.377000000000000000e+04,1.385100000000000000e+04,1.393200000000000000e+04,1.401300000000000000e+04,1.409400000000000000e+04,1.417500000000000000e+04,1.425600000000000000e+04,1.433700000000000000e+04,1.441800000000000000e+04,1.449900000000000000e+04,1.458000000000000000e+04,1.466100000000000000e+04,1.474200000000000000e+04,1.482300000000000000e+04,1.490400000000000000e+04,1.498500000000000000e+04,1.506600000000000000e+04,1.514700000000000000e+04,1.522800000000000000e+04,1.530900000000000000e+04,1.539000000000000000e+04,1.547100000000000000e+04,1.555200000000000000e+04,1.563300000000000000e+04,1.571400000000000000e+04,1.579500000000000000e+04,1.587600000000000000e+04,1.595700000000000000e+04,1.603800000000000000e+04,1.611900000000000000e+04,1.620000000000000000e+04,1.628100000000000000e+04,1.636200000000000000e+04,1.644300000000000000e+04,1.652400000000000000e+04,1.660500000000000000e+04,1.668600000000000000e+04,1.676700000000000000e+04,1.684800000000000000e+04,1.692900000000000000e+04,1.701000000000000000e+04,1.709100000000000000e+04,1.717200000000000000e+04,1.725300000000000000e+04,1.733400000000000000e+04,1.741500000000000000e+04,1.749600000000000000e+04,1.757700000000000000e+04,1.765800000000000000e+04,1.773900000000000000e+04,1.782000000000000000e+04,1.790100000000000000e+04,1.798200000000000000e+04,1.806300000000000000e+04,1.814400000000000000e+04,1.822500000000000000e+04,1.830600000000000000e+04,1.838700000000000000e+04,1.846800000000000000e+04,1.854900000000000000e+04,1.863000000000000000e+04,1.871100000000000000e+04,1.879200000000000000e+04,1.887300000000000000e+04,1.895400000000000000e+04,1.903500000000000000e+04,1.911600000000000000e+04,1.919700000000000000e+04,1.927800000000000000e+04,1.935900000000000000e+04,1.944000000000000000e+04,1.952100000000000000e+04,1.960200000000000000e+04,1.968300000000000000e+04,1.976400000000000000e+04,1.984500000000000000e+04,1.992600000000000000e+04,2.000700000000000000e+04,2.008800000000000000e+04,2.016900000000000000e+04,2.025000000000000000e+04,2.033100000000000000e+04,2.041200000000000000e+04,2.049300000000000000e+04,2.057400000000000000e+04,2.065500000000000000e+04,2.073600000000000000e+04,2.081700000000000000e+04,2.089800000000000000e+04,2.097900000000000000e+04,2.106000000000000000e+04,2.114100000000000000e+04,2.122200000000000000e+04,2.130300000000000000e+04,2.138400000000000000e+04,2.146500000000000000e+04,2.154600000000000000e+04,2.162700000000000000e+04,2.170800000000000000e+04,2.178900000000000000e+04,2.187000000000000000e+04,2.195100000000000000e+04,2.203200000000000000e+04,2.211300000000000000e+04,2.219400000000000000e+04,2.227500000000000000e+04,2.235600000000000000e+04,2.243700000000000000e+04,2.251800000000000000e+04,2.259900000000000000e+04,2.268000000000000000e+04,2.276100000000000000e+04,2.284200000000000000e+04,2.292300000000000000e+04,2.300400000000000000e+04,2.308500000000000000e+04,2.316600000000000000e+04,2.324700000000000000e+04,2.332800000000000000e+04,2.340900000000000000e+04,2.349000000000000000e+04,2.357100000000000000e+04,2.365200000000000000e+04,2.373300000000000000e+04,2.381400000000000000e+04,2.389500000000000000e+04,2.397600000000000000e+04,2.405700000000000000e+04,2.413800000000000000e+04,2.421900000000000000e+04
0.000000000000000000e+00,8.200000000000000000e+01,1.640000000000000000e+02,2.460000000000000000e+02,3.280000000000000000e+02,4.100000000000000000e+02,4.920000000000000000e+02,5.740000000000000000e+02,6.560000000000000000e+02,7.380000000000000000e+02,8.200000000000000000e+02,9.020000000000000000e+02,9.840000000000000000e+02,1.066000000000000000e+03,1.148000000000000000e+03,1.230000000000000000e+03,1.312000000000000000e+03,1.394000000000000000e+03,1.476000000000000000e+03,1.558000000000000000e+03,1.640000000000000000e+03,1.722000000000000000e+03,1.804000000000000000e+03,1.886000000000000000e+03,1.968000000000000000e+03,2.050000000000000000e+03,2.132000000000000000e+03,2.214000000000000000e+03,2.296000000000000000e+03,2.378000000000000000e+03,2.460000000000000000e+03,2.542000000000000000e+03,2.624000000000000000e+03,2.706000000000000000e+03,2.788000000000000000e+03,2.870000000000000000e+03,2.952000000000000000e+03,3.034000000000000000e+03,3.116000000000000000e+03,3.198000000000000000e+03,3.280000000000000000e+03,3.362000000000000000e+03,3.444000000000000000e+03,3.526000000000000000e+03,3.608000000000000000e+03,3.690000000000000000e+03,3.772000000000000000e+03,3.854000000000000000e+03,3.936000000000000000e+03,4.018000000000000000e+03,4.100000000000000000e+03,4.182000000000000000e+03,4.264000000000000000e+03,4.346000000000000000e+03,4.428000000000000000e+03,4.510000000000000000e+03,4.592000000000000000e+03,4.674000000000000000e+03,4.756000000000000000e+03,4.838000000000000000e+03,4.920000000000000000e+03,5.002000000000000000e+03,5.084000000000000000e+03,5.166000000000000000e+03,5.248000000000000000e+03,5.330000000000000000e+03,5.412000000000000000e+03,5.494000000000000000e+03,5.576000000000000000e+03,5.658000000000000000e+03,5.740000000000000000e+03,5.822000000000000000e+03,5.904000000000000000e+03,5.986000000000000000e+03,6.068000000000000000e+03,6.150000000000000000e+03,6.232000000000000000e+03,6.314000000000000000e+03,6.396000000000000000e+03,6.478000000000000000e+03,6.560000000000000000e+03,6.642000000000000000e+03,6.724000000000000000e+03,6.806000000000000000e+03,6.888000000000000000e+03,6.970000000000000000e+03,7.052000000000000000e+03,7.134000000000000000e+03,7.216000000000000000e+03,7.298000000000000000e+03,7.380000000000000000e+03,7.462000000000000000e+03,7.544000000000000000e+03,7.626000000000000000e+03,7.708000000000000000e+03,7.790000000000000000e+03,7.872000000000000000e+03,7.954000000000000000e+03,8.036000000000000000e+03,8.118000000000000000e+03,8.200000000000000000e+03,8.282000000000000000e+03,8.364000000000000000e+03,8.446000000000000000e+03,8.528000000000000000e+03,8.610000000000000000e+03,8.692000000000000000e+03,8.774000000000000000e+03,8.856000000000000000e+03,8.938000000000000000e+03,9.020000000000000000e+03,9.102000000000000000e+03,9.184000000000000000e+03,9.266000000000000000e+03,9.348000000000000000e+03,9.430000000000000000e+03,9.512000000000000000e+03,9.594000000000000000e+03,9.676000000000000000e+03,9.758000000000000000e+03,9.840000000000000000e+03,9.922000000000000000e+03,1.000400000000000000e+04,1.008600000000000000e+04,1.016800000000000000e+04,1.025000000000000000e+04,1.033200000000000000e+04,1.041400000000000000e+04,1.049600000000000000e+04,1.057800000000000000e+04,1.066000000000000000e+04,1.074200000000000000e+04,1.082400000000000000e+04,1.090600000000000000e+04,1.098800000000000000e+04,1.107000000000000000e+04,1.115200000000000000e+04,1.123400000000000000e+04,1.131600000000000000e+04,1.139800000000000000e+04,1.148000000000000000e+04,1.156200000000000000e+04,1.164400000000000000e+04,1.172600000000000000e+04,1.180800000000000000e+04,1.189000000000000000e+04,1.197200000000000000e+04,1.205400000000000000e+04,1.213600000000000000e+04,1.221800000000000000e+04,1.230000000000000000e+04,1.238200000000000000e+04,1.246400000000000000e+04,1.254600000000000000e+04,1.262800000000000000e+04,1.271000000000000000e+04,1.279200000000000000e+04,1.287400000000000000e+04,1.295600000000000000e+04,1.303800000000000000e+04,1.312000000000000000e+04,1.320200000000000000e+04,1.328400000000000000e+04,1.336600000000000000e+04,1.344800000000000000e+04,1.353000000000000000e+04,1.361200000000000000e+04,1.369400000000000000e+04,1.377600000000000000e+04,1.385800000000000000e+04,1.394000000000000000e+04,1.402200000000000000e+04,1.410400000000000000e+04,1.418600000000000000e+04,1.426800000000000000e+04,1.435000000000000000e+04,1.443200000000000000e+04,1.451400000000000000e+04,1.459600000000000000e+04,1.467800000000000000e+04,1.476000000000000000e+04,1.484200000000000000e+04,1.492400000000000000e+04,1.500600000000000000e+04,1.508800000000000000e+04,1.517000000000000000e+04,1.525200000000000000e+04,1.533400000000000000e+04,1.541600000000000000e+04,1.549800000000000000e+04,1.558000000000000000e+04,1.566200000000000000e+04,1.574400000000000000e+04,1.582600000000000000e+04,1.590800000000000000e+04,1.599000000000000000e+04,1.607200000000000000e+04,1.615400000000000000e+04,1.623600000000000000e+04,1.631800000000000000e+04,1.640000000000000000e+04,1.648200000000000000e+04,1.656400000000000000e+04,1.664600000000000000e+04,1.672800000000000000e+04,1.681000000000000000e+04,1.689200000000000000e+04,1.697400000000000000e+04,1.705600000000000000e+04,1.713800000000000000e+04,1.722000000000000000e+04,1.730200000000000000e+04,1.738400000000000000e+04,1.746600000000000000e+04,1.754800000000000000e+04,1.763000000000000000e+04,1.771200000000000000e+04,1.779400000000000000e+04,1.787600000000000000e+04,1.795800000000000000e+04,1.804000000000000000e+04,1.812200000000000000e+04,1.820400000000000000e+04,1.828600000000000000e+04,1.836800000000000000e+04,1.845000000000000000e+04,1.853200000000000000e+04,1.861400000000000000e+04,1.869600000000000000e+04,1.877800000000000000e+04,1.886000000000000000e+04,1.894200000000000000e+04,1.902400000000000000e+04,1.910600000000000000e+04,1.918800000000000000e+04,1.927000000000000000e+04,1.935200000000000000e+04,1.943400000000000000e+04,1.951600000000000000e+04,1.959800000000000000e+04,1.968000000000000000e+04,1.976200000000000000e+04,1.984400000000000000e+04,1.992600000000000000e+04,2.000800000000000000e+04,2.009000000000000000e+04,2.017200000000000000e+04,2.025400000000000000e+04,2.033600000000000000e+04,2.041800000000000000e+04,2.050000000000000000e+04,2.058200000000000000e+04,2.066400000000000000e+04,2.074600000000000000e+04,2.082800000000000000e+04,2.091000000000000000e+04,2.099200000000000000e+04,2.107400000000000000e+04,2.115600000000000000e+04,2.123800000000000000e+04,2.132000000000000000e+04,2.140200000000000000e+04,2.148400000000000000e+04,2.156600000000000000e+04,2.164800000000000000e+04,2.173000000000000000e+04,2.181200000000000000e+04,2.189400000000000000e+04,2.197600000000000000e+04,2.205800000000000000e+04,2.214000000000000000e+04,2.222200000000000000e+04,2.230400000000000000e+04,2.238600000000000000e+04,2.246800000000000000e+04,2.255000000000000000e+04,2.263200000000000000e+04,2.271400000000000000e+04,2.279600000000000000e+04,2.287800000000000000e+04,2.296000000000000000e+04,2.304200000000000000e+04,2.312400000000000000e+04,2.320600000000000000e+04,2.328800000000000000e+04,2.337000000000000000e+04,2.345200000000000000e+04,2.353400000000000000e+04,2.361600000000000000e+04,2.369800000000000000e+04,2.378000000000000000e+04,2.386200000000000000e+04,2.394400000000000000e+04,2.402600000000000000e+04,2.410800000000000000e+04,2.419000000000000000e+04,2.427200000000000000e+04,2.435400000000000000e+04,2.443600000000000000e+04,2.451800000000000000e+04
0.000000000000000000e+00,8.300000000000000000e+01,1.660000000000000000e+02,2.490000000000000000e+02,3.320000000000000000e+02,4.150000000000000000e+02,4.980000000000000000e+02,5.810000000000000000e+02,6.640000000000000000e+02,7.470000000000000000e+02,8.300000000000000000e+02,9.130000000000000000e+02,9.960000000000000000e+02,1.079000000000000000e+03,1.162000000000000000e+03,1.245000000000000000e+03,1.328000000000000000e+03,1.411000000000000000e+03,1.494000000000000000e+03,1.577000000000000000e+03,1.660000000000000000e+03,1.743000000000000000e+03,1.826000000000000000e+03,1.909000000000000000e+03,1.992000000000000000e+03,2.075000000000000000e+03,2.158000000000000000e+03,2.241000000000000000e+03,2.324000000000000000e+03,2.407000000000000000e+03,2.490000000000000000e+03,2.573000000000000000e+03,2.656000000000000000e+03,2.739000000000000000e+03,2.822000000000000000e+03,2.905000000000000000e+03,2.988000000000000000e+03,3.071000000000000000e+03,3.154000000000000000e+03,3.237000000000000000e+03,3.320000000000000000e+03,3.403000000000000000e+03,3.486000000000000000e+03,3.569000000000000000e+03,3.652000000000000000e+03,3.735000000000000000e+03,3.818000000000000000e+03,3.901000000000000000e+03,3.984000000000000000e+03,4.067000000000000000e+03,4.150000000000000000e+03,4.233000000000000000e+03,4.316000000000000000e+03,4.399000000000000000e+03,4.482000000000000000e+03,4.565000000000000000e+03,4.648000000000000000e+03,4.731000000000000000e+03,4.814000000000000000e+03,4.897000000000000000e+03,4.980000000000000000e+03,5.063000000000000000e+03,5.146000000000000000e+03,5.229000000000000000e+03,5.312000000000000000e+03,5.395000000000000000e+03,5.478000000000000000e+03,5.561000000000000000e+03,5.644000000000000000e+03,5.727000000000000000e+03,5.810000000000000000e+03,5.893000000000000000e+03,5.976000000000000000e+03,6.059000000000000000e+03,6.142000000000000000e+03,6.225000000000000000e+03,6.308000000000000000e+03,6.391000000000000000e+03,6.474000000000000000e+03,6.557000000000000000e+03,6.640000000000000000e+03,6.723000000000000000e+03,6.806000000000000000e+03,6.889000000000000000e+03,6.972000000000000000e+03,7.055000000000000000e+03,7.138000000000000000e+03,7.221000000000000000e+03,7.304000000000000000e+03,7.387000000000000000e+03,7.470000000000000000e+03,7.553000000000000000e+03,7.636000000000000000e+03,7.719000000000000000e+03,7.802000000000000000e+03,7.885000000000000000e+03,7.968000000000000000e+03,8.051000000000000000e+03,8.134000000000000000e+03,8.217000000000000000e+03,8.300000000000000000e+03,8.383000000000000000e+03,8.466000000000000000e+03,8.549000000000000000e+03,8.632000000000000000e+03,8.715000000000000000e+03,8.798000000000000000e+03,8.881000000000000000e+03,8.964000000000000000e+03,9.047000000000000000e+03,9.130000000000000000e+03,9.213000000000000000e+03,9.296000000000000000e+03,9.379000000000000000e+03,9.462000000000000000e+03,9.545000000000000000e+03,9.628000000000000000e+03,9.711000000000000000e+03,9.794000000000000000e+03,9.877000000000000000e+03,9.960000000000000000e+03,1.004300000000000000e+04,1.012600000000000000e+04,1.020900000000000000e+04,1.029200000000000000e+04,1.037500000000000000e+04,1.045800000000000000e+04,1.054100000000000000e+04,1.062400000000000000e+04,1.070700000000000000e+04,1.079000000000000000e+04,1.087300000000000000e+04,1.095600000000000000e+04,1.103900000000000000e+04,1.112200000000000000e+04,1.120500000000000000e+04,1.128800000000000000e+04,1.137100000000000000e+04,1.145400000000000000e+04,1.153700000000000000e+04,1.162000000000000000e+04,1.170300000000000000e+04,1.178600000000000000e+04,1.186900000000000000e+04,1.195200000000000000e+04,1.203500000000000000e+04,1.211800000000000000e+04,1.220100000000000000e+04,1.228400000000000000e+04,1.236700000000000000e+04,1.245000000000000000e+04,1.253300000000000000e+04,1.261600000000000000e+04,1.269900000000000000e+04,1.278200000000000000e+04,1.286500000000000000e+04,1.294800000000000000e+04,1.303100000000000000e+04,1.311400000000000000e+04,1.319700000000000000e+04,1.328000000000000000e+04,1.336300000000000000e+04,1.344600000000000000e+04,1.352900000000000000e+04,1.361200000000000000e+04,1.369500000000000000e+04,1.377800000000000000e+04,1.386100000000000000e+04,1.394400000000000000e+04,1.402700000000000000e+04,1.411000000000000000e+04,1.419300000000000000e+04,1.427600000000000000e+04,1.435900000000000000e+04,1.444200000000000000e+04,1.452500000000000000e+04,1.460800000000000000e+04,1.469100000000000000e+04,1.477400000000000000e+04,1.485700000000000000e+04,1.494000000000000000e+04,1.502300000000000000e+04,1.510600000000000000e+04,1.518900000000000000e+04,1.527200000000000000e+04,1.535500000000000000e+04,1.543800000000000000e+04,1.552100000000000000e+04,1.560400000000000000e+04,1.568700000000000000e+04,1.577000000000000000e+04,1.585300000000000000e+04,1.593600000000000000e+04,1.601900000000000000e+04,1.610200000000000000e+04,1.618500000000000000e+04,1.626800000000000000e+04,1.635100000000000000e+04,1.643400000000000000e+04,1.651700000000000000e+04,1.660000000000000000e+04,1.668300000000000000e+04,1.676600000000000000e+04,1.684900000000000000e+04,1.693200000000000000e+04,1.701500000000000000e+04,1.709800000000000000e+04,1.718100000000000000e+04,1.726400000000000000e+04,1.734700000000000000e+04,1.743000000000000000e+04,1.751300000000000000e+04,1.759600000000000000e+04,1.767900000000000000e+04,1.776200000000000000e+04,1.784500000000000000e+04,1.792800000000000000e+04,1.801100000000000000e+04,1.809400000000000000e+04,1.817700000000000000e+04,1.826000000000000000e+04,1.834300000000000000e+04,1.842600000000000000e+04,1.850900000000000000e+04,1.859200000000000000e+04,1.867500000000000000e+04,1.875800000000000000e+04,1.884100000000000000e+04,1.892400000000000000e+04,1.900700000000000000e+04,1.909000000000000000e+04,1.917300000000000000e+04,1.925600000000000000e+04,1.933900000000000000e+04,1.942200000000000000e+04,1.950500000000000000e+04,1.958800000000000000e+04,1.967100000000000000e+04,1.975400000000000000e+04,1.983700000000000000e+04,1.992000000000000000e+04,2.000300000000000000e+04,2.008600000000000000e+04,2.016900000000000000e+04,2.025200000000000000e+04,2.033500000000000000e+04,2.041800000000000000e+04,2.050100000000000000e+04,2.058400000000000000e+04,2.066700000000000000e+04,2.075000000000000000e+04,2.083300000000000000e+04,2.091600000000000000e+04,2.099900000000000000e+04,2.108200000000000000e+04,2.116500000000000000e+04,2.124800000000000000e+04,2.133100000000000000e+04,2.141400000000000000e+04,2.149700000000000000e+04,2.158000000000000000e+04,2.166300000000000000e+04,2.174600000000000000e+04,2.182900000000000000e+04,2.191200000000000000e+04,2.199500000000000000e+04,2.207800000000000000e+04,2.216100000000000000e+04,2.224400000000000000e+04,2.232700000000000000e+04,2.241000000000000000e+04,2.249300000000000000e+04,2.257600000000000000e+04,2.265900000000000000e+04,2.274200000000000000e+04,2.282500000000000000e+04,2.290800000000000000e+04,2.299100000000000000e+04,2.307400000000000000e+04,2.315700000000000000e+04,2.324000000000000000e+04,2.332300000000000000e+04,2.340600000000000000e+04,2.348900000000000000e+04,2.357200000000000000e+04,2.365500000000000000e+04,2.373800000000000000e+04,2.382100000000000000e+04,2.390400000000000000e+04,2.398700000000000000e+04,2.407000000000000000e+04,2.415300000000000000e+04,2.423600000000000000e+04,2.431900000000000000e+04,2.440200000000000000e+04,2.448500000000000000e+04,2.456800000000000000e+04,2.465100000000000000e+04,2.473400000000000000e+04,2.481700000000000000e+04
0.000000000000000000e+00,8.400000000000000000e+01,1.680000000000000000e+02,2.520000000000000000e+02,3.360000000000000000e+02,4.200000000000000000e+02,5.040000000000000000e+02,5.880000000000000000e+02,6.720000000000000000e+02,7.560000000000000000e+02,8.400000000000000000e+02,9.240000000000000000e+02,1.008000000000000000e+03,1.092000000000000000e+03,1.176000000000000000e+03,1.260000000000000000e+03,1.344000000000000000e+03,1.428000000000000000e+03,1.512000000000000000e+03,1.596000000000000000e+03,1.680000000000000000e+03,1.764000000000000000e+03,1.848000000000000000e+03,1.932000000000000000e+03,2.016000000000000000e+03,2.100000000000000000e+03,2.184000000000000000e+03,2.268000000000000000e+03,2.352000000000000000e+03,2.436000000000000000e+03,2.520000000000000000e+03,2.604000000000000000e+03,2.688000000000000000e+03,2.772000000000000000e+03,2.856000000000000000e+03,2.940000000000000000e+03,3.024000000000000000e+03,3.108000000000000000e+03,3.192000000000000000e+03,3.276000000000000000e+03,3.360000000000000000e+03,3.444000000000000000e+03,3.528000000000000000e+03,3.612000000000000000e+03,3.696000000000000000e+03,3.780000000000000000e+03,3.864000000000000000e+03,3.948000000000000000e+03,4.032000000000000000e+03,4.116000000000000000e+03,4.200000000000000000e+03,4.284000000000000000e+03,4.368000000000000000e+03,4.452000000000000000e+03,4.536000000000000000e+03,4.620000000000000000e+03,4.704000000000000000e+03,4.788000000000000000e+03,4.872000000000000000e+03,4.956000000000000000e+03,5.040000000000000000e+03,5.124000000000000000e+03,5.208000000000000000e+03,5.292000000000000000e+03,5.376000000000000000e+03,5.460000000000000000e+03,5.544000000000000000e+03,5.628000000000000000e+03,5.712000000000000000e+03,5.796000000000000000e+03,5.880000000000000000e+03,5.964000000000000000e+03,6.048000000000000000e+03,6.132000000000000000e+03,6.216000000000000000e+03,6.300000000000000000e+03,6.384000000000000000e+03,6.468000000000000000e+03,6.552000000000000000e+03,6.636000000000000000e+03,6.720000000000000000e+03,6.804000000000000000e+03,6.888000000000000000e+03,6.972000000000000000e+03,7.056000000000000000e+03,7.140000000000000000e+03,7.224000000000000000e+03,7.308000000000000000e+03,7.392000000000000000e+03,7.476000000000000000e+03,7.560000000000000000e+03,7.644000000000000000e+03,7.728000000000000000e+03,7.812000000000000000e+03,7.896000000000000000e+03,7.980000000000000000e+03,8.064000000000000000e+03,8.148000000000000000e+03,8.232000000000000000e+03,8.316000000000000000e+03,8.400000000000000000e+03,8.484000000000000000e+03,8.568000000000000000e+03,8.652000000000000000e+03,8.736000000000000000e+03,8.820000000000000000e+03,8.904000000000000000e+03,8.988000000000000000e+03,9.072000000000000000e+03,9.156000000000000000e+03,9.240000000000000000e+03,9.324000000000000000e+03,9.408000000000000000e+03,9.492000000000000000e+03,9.576000000000000000e+03,9.660000000000000000e+03,9.744000000000000000e+03,9.828000000000000000e+03,9.912000000000000000e+03,9.996000000000000000e+03,1.008000000000000000e+04,1.016400000000000000e+04,1.024800000000000000e+04,1.033200000000000000e+04,1.041600000000000000e+04,1.050000000000000000e+04,1.058400000000000000e+04,1.066800000000000000e+04,1.075200000000000000e+04,1.083600000000000000e+04,1.092000000000000000e+04,1.100400000000000000e+04,1.108800000000000000e+04,1.117200000000000000e+04,1.125600000000000000e+04,1.134000000000000000e+04,1.142400000000000000e+04,1.150800000000000000e+04,1.159200000000000000e+04,1.167600000000000000e+04,1.176000000000000000e+04,1.184400000000000000e+04,1.192800000000000000e+04,1.201200000000000000e+04,1.209600000000000000e+04,1.218000000000000000e+04,1.226400000000000000e+04,1.234800000000000000e+04,1.243200000000000000e+04,1.251600000000000000e+04,1.260000000000000000e+04,1.268400000000000000e+04,1.276800000000000000e+04,1.285200000000000000e+04,1.293600000000000000e+04,1.302000000000000000e+04,1.310400000000000000e+04,1.318800000000000000e+04,1.327200000000000000e+04,1.335600000000000000e+04,1.344000000000000000e+04,1.352400000000000000e+04,1.360800000000000000e+04,1.369200000000000000e+04,1.377600000000000000e+04,1.386000000000000000e+04,1.394400000000000000e+04,1.402800000000000000e+04,1.411200000000000000e+04,1.419600000000000000e+04,1.428000000000000000e+04,1.436400000000000000e+04,1.444800000000000000e+04,1.453200000000000000e+04,1.461600000000000000e+04,1.470000000000000000e+04,1.478400000000000000e+04,1.486800000000000000e+04,1.495200000000000000e+04,1.503600000000000000e+04,1.512000000000000000e+04,1.520400000000000000e+04,1.528800000000000000e+04,1.537200000000000000e+04,1.545600000000000000e+04,1.554000000000000000e+04,1.562400000000000000e+04,1.570800000000000000e+04,1.579200000000000000e+04,1.587600000000000000e+04,1.596000000000000000e+04,1.604400000000000000e+04,1.612800000000000000e+04,1.621200000000000000e+04,1.629600000000000000e+04,1.638000000000000000e+04,1.646400000000000000e+04,1.654800000000000000e+04,1.663200000000000000e+04,1.671600000000000000e+04,1.680000000000000000e+04,1.688400000000000000e+04,1.696800000000000000e+04,1.705200000000000000e+04,1.713600000000000000e+04,1.722000000000000000e+04,1.730400000000000000e+04,1.738800000000000000e+04,1.747200000000000000e+04,1.755600000000000000e+04,1.764000000000000000e+04,1.772400000000000000e+04,1.780800000000000000e+04,1.789200000000000000e+04,1.797600000000000000e+04,1.806000000000000000e+04,1.814400000000000000e+04,1.822800000000000000e+04,1.831200000000000000e+04,1.839600000000000000e+04,1.848000000000000000e+04,1.856400000000000000e+04,1.864800000000000000e+04,1.873200000000000000e+04,1.881600000000000000e+04,1.890000000000000000e+04,1.898400000000000000e+04,1.906800000000000000e+04,1.915200000000000000e+04,1.923600000000000000e+04,1.932000000000000000e+04,1.940400000000000000e+04,1.948800000000000000e+04,1.957200000000000000e+04,1.965600000000000000e+04,1.974000000000000000e+04,1.982400000000000000e+04,1.990800000000000000e+04,1.999200000000000000e+04,2.007600000000000000e+04,2.016000000000000000e+04,2.024400000000000000e+04,2.032800000000000000e+04,2.041200000000000000e+04,2.049600000000000000e+04,2.058000000000000000e+04,2.066400000000000000e+04,2.074800000000000000e+04,2.083200000000000000e+04,2.091600000000000000e+04,2.100000000000000000e+04,2.108400000000000000e+04,2.116800000000000000e+04,2.125200000000000000e+04,2.133600000000000000e+04,2.142000000000000000e+04,2.150400000000000000e+04,2.158800000000000000e+04,2.167200000000000000e+04,2.175600000000000000e+04,2.184000000000000000e+04,2.192400000000000000e+04,2.200800000000000000e+04,2.209200000000000000e+04,2.217600000000000000e+04,2.226000000000000000e+04,2.234400000000000000e+04,2.242800000000000000e+04,2.251200000000000000e+04,2.259600000000000000e+04,2.268000000000000000e+04,2.276400000000000000e+04,2.284800000000000000e+04,2.293200000000000000e+04,2.301600000000000000e+04,2.310000000000000000e+04,2.318400000000000000e+04,2.326800000000000000e+04,2.335200000000000000e+04,2.343600000000000000e+04,2.352000000000000000e+04,2.360400000000000000e+04,2.368800000000000000e+04,2.377200000000000000e+04,2.385600000000000000e+04,2.394000000000000000e+04,2.402400000000000000e+04,2.410800000000000000e+04,2.419200000000000000e+04,2.427600000000000000e+04,2.436000000000000000e+04,2.444400000000000000e+04,2.452800000000000000e+04,2.461200000000000000e+04,2.469600000000000000e+04,2.478000000000000000e+04,2.486400000000000000e+04,2.494800000000000000e+04,2.503200000000000000e+04,2.511600000000000000e+04
0.000000000000000000e+00,8.500000000000000000e+01,1.700000000000000000e+02,2.550000000000000000e+02,3.400000000000000000e+02,4.250000000000000000e+02,5.100000000000000000e+02,5.950000000000000000e+02,6.800000000000000000e+02,7.650000000000000000e+02,8.500000000000000000e+02,9.350000000000000000e+02,1.020000000000000000e+03,1.105000000000000000e+03,1.190000000000000000e+03,1.275000000000000000e+03,1.360000000000000000e+03,1.445000000000000000e+03,1.530000000000000000e+03,1.615000000000000000e+03,1.700000000000000000e+03,1.785000000000000000e+03,1.870000000000000000e+03,1.955000000000000000e+03,2.040000000000000000e+03,2.125000000000000000e+03,2.210000000000000000e+03,2.295000000000000000e+03,2.380000000000000000e+03,2.465000000000000000e+03,2.550000000000000000e+03,2.635000000000000000e+03,2.720000000000000000e+03,2.805000000000000000e+03,2.890000000000000000e+03,2.975000000000000000e+03,3.060000000000000000e+03,3.145000000000000000e+03,3.230000000000000000e+03,3.315000000000000000e+03,3.400000000000000000e+03,3.485000000000000000e+03,3.570000000000000000e+03,3.655000000000000000e+03,3.740000000000000000e+03,3.825000000000000000e+03,3.910000000000000000e+03,3.995000000000000000e+03,4.080000000000000000e+03,4.165000000000000000e+03,4.250000000000000000e+03,4.335000000000000000e+03,4.420000000000000000e+03,4.505000000000000000e+03,4.590000000000000000e+03,4.675000000000000000e+03,4.760000000000000000e+03,4.845000000000000000e+03,4.930000000000000000e+03,5.015000000000000000e+03,5.100000000000000000e+03,5.185000000000000000e+03,5.270000000000000000e+03,5.355000000000000000e+03,5.440000000000000000e+03,5.525000000000000000e+03,5.610000000000000000e+03,5.695000000000000000e+03,5.780000000000000000e+03,5.865000000000000000e+03,5.950000000000000000e+03,6.035000000000000000e+03,6.120000000000000000e+03,6.205000000000000000e+03,6.290000000000000000e+03,6.375000000000000000e+03,6.460000000000000000e+03,6.545000000000000000e+03,6.630000000000000000e+03,6.715000000000000000e+03,6.800000000000000000e+03,6.885000000000000000e+03,6.970000000000000000e+03,7.055000000000000000e+03,7.140000000000000000e+03,7.225000000000000000e+03,7.310000000000000000e+03,7.395000000000000000e+03,7.480000000000000000e+03,7.565000000000000000e+03,7.650000000000000000e+03,7.735000000000000000e+03,7.820000000000000000e+03,7.905000000000000000e+03,7.990000000000000000e+03,8.075000000000000000e+03,8.160000000000000000e+03,8.245000000000000000e+03,8.330000000000000000e+03,8.415000000000000000e+03,8.500000000000000000e+03,8.585000000000000000e+03,8.670000000000000000e+03,8.755000000000000000e+03,8.840000000000000000e+03,8.925000000000000000e+03,9.010000000000000000e+03,9.095000000000000000e+03,9.180000000000000000e+03,9.265000000000000000e+03,9.350000000000000000e+03,9.435000000000000000e+03,9.520000000000000000e+03,9.605000000000000000e+03,9.690000000000000000e+03,9.775000000000000000e+03,9.860000000000000000e+03,9.945000000000000000e+03,1.003000000000000000e+04,1.011500000000000000e+04,1.020000000000000000e+04,1.028500000000000000e+04,1.037000000000000000e+04,1.045500000000000000e+04,1.054000000000000000e+04,1.062500000000000000e+04,1.071000000000000000e+04,1.079500000000000000e+04,1.088000000000000000e+04,1.096500000000000000e+04,1.105000000000000000e+04,1.113500000000000000e+04,1.122000000000000000e+04,1.130500000000000000e+04,1.139000000000000000e+04,1.147500000000000000e+04,1.156000000000000000e+04,1.164500000000000000e+04,1.173000000000000000e+04,1.181500000000000000e+04,1.190000000000000000e+04,1.198500000000000000e+04,1.207000000000000000e+04,1.215500000000000000e+04,1.224000000000000000e+04,1.232500000000000000e+04,1.241000000000000000e+04,1.249500000000000000e+04,1.258000000000000000e+04,1.266500000000000000e+04,1.275000000000000000e+04,1.283500000000000000e+04,1.292000000000000000e+04,1.300500000000000000e+04,1.309000000000000000e+04,1.317500000000000000e+04,1.326000000000000000e+04,1.334500000000000000e+04,1.343000000000000000e+04,1.351500000000000000e+04,1.360000000000000000e+04,1.368500000000000000e+04,1.377000000000000000e+04,1.385500000000000000e+04,1.394000000000000000e+04,1.402500000000000000e+04,1.411000000000000000e+04,1.419500000000000000e+04,1.428000000000000000e+04,1.436500000000000000e+04,1.445000000000000000e+04,1.453500000000000000e+04,1.462000000000000000e+04,1.470500000000000000e+04,1.479000000000000000e+04,1.487500000000000000e+04,1.496000000000000000e+04,1.504500000000000000e+04,1.513000000000000000e+04,1.521500000000000000e+04,1.530000000000000000e+04,1.538500000000000000e+04,1.547000000000000000e+04,1.555500000000000000e+04,1.564000000000000000e+04,1.572500000000000000e+04,1.581000000000000000e+04,1.589500000000000000e+04,1.598000000000000000e+04,1.606500000000000000e+04,1.615000000000000000e+04,1.623500000000000000e+04,1.632000000000000000e+04,1.640500000000000000e+04,1.649000000000000000e+04,1.657500000000000000e+04,1.666000000000000000e+04,1.674500000000000000e+04,1.683000000000000000e+04,1.691500000000000000e+04,1.700000000000000000e+04,1.708500000000000000e+04,1.717000000000000000e+04,1.725500000000000000e+04,1.734000000000000000e+04,1.742500000000000000e+04,1.751000000000000000e+04,1.759500000000000000e+04,1.768000000000000000e+04,1.776500000000000000e+04,1.785000000000000000e+04,1.793500000000000000e+04,1.802000000000000000e+04,1.810500000000000000e+04,1.819000000000000000e+04,1.827500000000000000e+04,1.836000000000000000e+04,1.844500000000000000e+04,1.853000000000000000e+04,1.861500000000000000e+04,1.870000000000000000e+04,1.878500000000000000e+04,1.887000000000000000e+04,1.895500000000000000e+04,1.904000000000000000e+04,1.912500000000000000e+04,1.921000000000000000e+04,1.929500000000000000e+04,1.938000000000000000e+04,1.946500000000000000e+04,1.955000000000000000e+04,1.963500000000000000e+04,1.972000000000000000e+04,1.980500000000000000e+04,1.989000000000000000e+04,1.997500000000000000e+04,2.006000000000000000e+04,2.014500000000000000e+04,2.023000000000000000e+04,2.031500000000000000e+04,2.040000000000000000e+04,2.048500000000000000e+04,2.057000000000000000e+04,2.065500000000000000e+04,2.074000000000000000e+04,2.082500000000000000e+04,2.091000000000000000e+04,2.099500000000000000e+04,2.108000000000000000e+04,2.116500000000000000e+04,2.125000000000000000e+04,2.133500000000000000e+04,2.142000000000000000e+04,2.150500000000000000e+04,2.159000000000000000e+04,2.167500000000000000e+04,2.176000000000000000e+04,2.184500000000000000e+04,2.193000000000000000e+04,2.201500000000000000e+04,2.210000000000000000e+04,2.218500000000000000e+04,2.227000000000000000e+04,2.235500000000000000e+04,2.244000000000000000e+04,2.252500000000000000e+04,2.261000000000000000e+04,2.269500000000000000e+04,2.278000000000000000e+04,2.286500000000000000e+04,2.295000000000000000e+04,2.303500000000000000e+04,2.312000000000000000e+04,2.320500000000000000e+04,2.329000000000000000e+04,2.337500000000000000e+04,2.346000000000000000e+04,2.354500000000000000e+04,2.363000000000000000e+04,2.371500000000000000e+04,2.380000000000000000e+04,2.388500000000000000e+04,2.397000000000000000e+04,2.405500000000000000e+04,2.414000000000000000e+04,2.422500000000000000e+04,2.431000000000000000e+04,2.439500000000000000e+04,2.448000000000000000e+04,2.456500000000000000e+04,2.465000000000000000e+04,2.473500000000000000e+04,2.482000000000000000e+04,2.490500000000000000e+04,2.499000000000000000e+04,2.507500000000000000e+04,2.516000000000000000e+04,2.524500000000000000e+04,2.533000000000000000e+04,2.541500000000000000e+04
0.000000000000000000e+00,8.600000000000000000e+01,1.720000000000000000e+02,2.580000000000000000e+02,3.440000000000000000e+02,4.300000000000000000e+02,5.160000000000000000e+02,6.020000000000000000e+02,6.880000000000000000e+02,7.740000000000000000e+02,8.600000000000000000e+02,9.460000000000000000e+02,1.032000000000000000e+03,1.118000000000000000e+03,1.204000000000000000e+03,1.290000000000000000e+03,1.376000000000000000e+03,1.462000000000000000e+03,1.548000000000000000e+03,1.634000000000000000e+03,1.720000000000000000e+03,1.806000000000000000e+03,1.892000000000000000e+03,1.978000000000000000e+03,2.064000000000000000e+03,2.150000000000000000e+03,2.236000000000000000e+03,2.322000000000000000e+03,2.408000000000000000e+03,2.494000000000000000e+03,2.580000000000000000e+03,2.666000000000000000e+03,2.752000000000000000e+03,2.838000000000000000e+03,2.924000000000000000e+03,3.010000000000000000e+03,3.096000000000000000e+03,3.182000000000000000e+03,3.268000000000000000e+03,3.354000000000000000e+03,3.440000000000000000e+03,3.526000000000000000e+03,3.612000000000000000e+03,3.698000000000000000e+03,3.784000000000000000e+03,3.870000000000000000e+03,3.956000000000000000e+03,4.042000000000000000e+03,4.128000000000000000e+03,4.214000000000000000e+03,4.300000000000000000e+03,4.386000000000000000e+03,4.472000000000000000e+03,4.558000000000000000e+03,4.644000000000000000e+03,4.730000000000000000e+03,4.816000000000000000e+03,4.902000000000000000e+03,4.988000000000000000e+03,5.074000000000000000e+03,5.160000000000000000e+03,5.246000000000000000e+03,5.332000000000000000e+03,5.418000000000000000e+03,5.504000000000000000e+03,5.590000000000000000e+03,5.676000000000000000e+03,5.762000000000000000e+03,5.848000000000000000e+03,5.934000000000000000e+03,6.020000000000000000e+03,6.106000000000000000e+03,6.192000000000000000e+03,6.278000000000000000e+03,6.364000000000000000e+03,6.450000000000000000e+03,6.536000000000000000e+03,6.622000000000000000e+03,6.708000000000000000e+03,6.794000000000000000e+03,6.880000000000000000e+03,6.966000000000000000e+03,7.052000000000000000e+03,7.138000000000000000e+03,7.224000000000000000e+03,7.310000000000000000e+03,7.396000000000000000e+03,7.482000000000000000e+03,7.568000000000000000e+03,7.654000000000000000e+03,7.740000000000000000e+03,7.826000000000000000e+03,7.912000000000000000e+03,7.998000000000000000e+03,8.084000000000000000e+03,8.170000000000000000e+03,8.256000000000000000e+03,8.342000000000000000e+03,8.428000000000000000e+03,8.514000000000000000e+03,8.600000000000000000e+03,8.686000000000000000e+03,8.772000000000000000e+03,8.858000000000000000e+03,8.944000000000000000e+03,9.030000000000000000e+03,9.116000000000000000e+03,9.202000000000000000e+03,9.288000000000000000e+03,9.374000000000000000e+03,9.460000000000000000e+03,9.546000000000000000e+03,9.632000000000000000e+03,9.718000000000000000e+03,9.804000000000000000e+03,9.890000000000000000e+03,9.976000000000000000e+03,1.006200000000000000e+04,1.014800000000000000e+04,1.023400000000000000e+04,1.032000000000000000e+04,1.040600000000000000e+04,1.049200000000000000e+04,1.057800000000000000e+04,1.066400000000000000e+04,1.075000000000000000e+04,1.083600000000000000e+04,1.092200000000000000e+04,1.100800000000000000e+04,1.109400000000000000e+04,1.118000000000000000e+04,1.126600000000000000e+04,1.135200000000000000e+04,1.143800000000000000e+04,1.152400000000000000e+04,1.161000000000000000e+04,1.169600000000000000e+04,1.178200000000000000e+04,1.186800000000000000e+04,1.195400000000000000e+04,1.204000000000000000e+04,1.212600000000000000e+04,1.221200000000000000e+04,1.229800000000000000e+04,1.238400000000000000e+04,1.247000000000000000e+04,1.255600000000000000e+04,1.264200000000000000e+04,1.272800000000000000e+04,1.281400000000000000e+04,1.290000000000000000e+04,1.298600000000000000e+04,1.307200000000000000e+04,1.315800000000000000e+04,1.324400000000000000e+04,1.333000000000000000e+04,1.341600000000000000e+04,1.350200000000000000e+04,1.358800000000000000e+04,1.367400000000000000e+04,1.376000000000000000e+04,1.384600000000000000e+04,1.393200000000000000e+04,1.401800000000000000e+04,1.410400000000000000e+04,1.419000000000000000e+04,1.427600000000000000e+04,1.436200000000000000e+04,1.444800000000000000e+04,1.453400000000000000e+04,1.462000000000000000e+04,1.470600000000000000e+04,1.479200000000000000e+04,1.487800000000000000e+04,1.496400000000000000e+04,1.505000000000000000e+04,1.513600000000000000e+04,1.522200000000000000e+04,1.530800000000000000e+04,1.539400000000000000e+04,1.548000000000000000e+04,1.556600000000000000e+04,1.565200000000000000e+04,1.573800000000000000e+04,1.582400000000000000e+04,1.591000000000000000e+04,1.599600000000000000e+04,1.608200000000000000e+04,1.616800000000000000e+04,1.625400000000000000e+04,1.634000000000000000e+04,1.642600000000000000e+04,1.651200000000000000e+04,1.659800000000000000e+04,1.668400000000000000e+04,1.677000000000000000e+04,1.685600000000000000e+04,1.694200000000000000e+04,1.702800000000000000e+04,1.711400000000000000e+04,1.720000000000000000e+04,1.728600000000000000e+04,1.737200000000000000e+04,1.745800000000000000e+04,1.754400000000000000e+04,1.763000000000000000e+04,1.771600000000000000e+04,1.780200000000000000e+04,1.788800000000000000e+04,1.797400000000000000e+04,1.806000000000000000e+04,1.814600000000000000e+04,1.823200000000000000e+04,1.831800000000000000e+04,1.840400000000000000e+04,1.849000000000000000e+04,1.857600000000000000e+04,1.866200000000000000e+04,1.874800000000000000e+04,1.883400000000000000e+04,1.892000000000000000e+04,1.900600000000000000e+04,1.909200000000000000e+04,1.917800000000000000e+04,1.926400000000000000e+04,1.935000000000000000e+04,1.943600000000000000e+04,1.952200000000000000e+04,1.960800000000000000e+04,1.969400000000000000e+04,1.978000000000000000e+04,1.986600000000000000e+04,1.995200000000000000e+04,2.003800000000000000e+04,2.012400000000000000e+04,2.021000000000000000e+04,2.029600000000000000e+04,2.038200000000000000e+04,2.046800000000000000e+04,2.055400000000000000e+04,2.064000000000000000e+04,2.072600000000000000e+04,2.081200000000000000e+04,2.089800000000000000e+04,2.098400000000000000e+04,2.107000000000000000e+04,2.115600000000000000e+04,2.124200000000000000e+04,2.132800000000000000e+04,2.141400000000000000e+04,2.150000000000000000e+04,2.158600000000000000e+04,2.167200000000000000e+04,2.175800000000000000e+04,2.184400000000000000e+04,2.193000000000000000e+04,2.201600000000000000e+04,2.210200000000000000e+04,2.218800000000000000e+04,2.227400000000000000e+04,2.236000000000000000e+04,2.244600000000000000e+04,2.253200000000000000e+04,2.261800000000000000e+04,2.270400000000000000e+04,2.279000000000000000e+04,2.287600000000000000e+04,2.296200000000000000e+04,2.304800000000000000e+04,2.313400000000000000e+04,2.322000000000000000e+04,2.330600000000000000e+04,2.339200000000000000e+04,2.347800000000000000e+04,2.356400000000000000e+04,2.365000000000000000e+04,2.373600000000000000e+04,2.382200000000000000e+04,2.390800000000000000e+04,2.399400000000000000e+04,2.408000000000000000e+04,2.416600000000000000e+04,2.425200000000000000e+04,2.433800000000000000e+04,2.442400000000000000e+04,2.451000000000000000e+04,2.459600000000000000e+04,2.468200000000000000e+04,2.476800000000000000e+04,2.485400000000000000e+04,2.494000000000000000e+04,2.502600000000000000e+04,2.511200000000000000e+04,2.519800000000000000e+04,2.528400000000000000e+04,2.537000000000000000e+04,2.545600000000000000e+04,2.554200000000000000e+04,2.562800000000000000e+04,2.571400000000000000e+04
0.000000000000000000e+00,8.700000000000000000e+01,1.740000000000000000e+02,2.610000000000000000e+02,3.480000000000000000e+02,4.350000000000000000e+02,5.220000000000000000e+02,6.090000000000000000e+02,6.960000000000000000e+02,7.830000000000000000e+02,8.700000000000000000e+02,9.570000000000000000e+02,1.044000000000000000e+03,1.131000000000000000e+03,1.218000000000000000e+03,1.305000000000000000e+03,1.392000000000000000e+03,1.479000000000000000e+03,1.566000000000000000e+03,1.653000000000000000e+03,1.740000000000000000e+03,1.827000000000000000e+03,1.914000000000000000e+03,2.001000000000000000e+03,2.088000000000000000e+03,2.175000000000000000e+03,2.262000000000000000e+03,2.349000000000000000e+03,2.436000000000000000e+03,2.523000000000000000e+03,2.610000000000000000e+03,2.697000000000000000e+03,2.784000000000000000e+03,2.871000000000000000e+03,2.958000000000000000e+03,3.045000000000000000e+03,3.132000000000000000e+03,3.219000000000000000e+03,3.306000000000000000e+03,3.393000000000000000e+03,3.480000000000000000e+03,3.567000000000000000e+03,3.654000000000000000e+03,3.741000000000000000e+03,3.828000000000000000e+03,3.915000000000000000e+03,4.002000000000000000e+03,4.089000000000000000e+03,4.176000000000000000e+03,4.263000000000000000e+03,4.350000000000000000e+03,4.437000000000000000e+03,4.524000000000000000e+03,4.611000000000000000e+03,4.698000000000000000e+03,4.785000000000000000e+03,4.872000000000000000e+03,4.959000000000000000e+03,5.046000000000000000e+03,5.133000000000000000e+03,5.220000000000000000e+03,5.307000000000000000e+03,5.394000000000000000e+03,5.481000000000000000e+03,5.568000000000000000e+03,5.655000000000000000e+03,5.742000000000000000e+03,5.829000000000000000e+03,5.916000000000000000e+03,6.003000000000000000e+03,6.090000000000000000e+03,6.177000000000000000e+03,6.264000000000000000e+03,6.351000000000000000e+03,6.438000000000000000e+03,6.525000000000000000e+03,6.612000000000000000e+03,6.699000000000000000e+03,6.786000000000000000e+03,6.873000000000000000e+03,6.960000000000000000e+03,7.047000000000000000e+03,7.134000000000000000e+03,7.221000000000000000e+03,7.308000000000000000e+03,7.395000000000000000e+03,7.482000000000000000e+03,7.569000000000000000e+03,7.656000000000000000e+03,7.743000000000000000e+03,7.830000000000000000e+03,7.917000000000000000e+03,8.004000000000000000e+03,8.091000000000000000e+03,8.178000000000000000e+03,8.265000000000000000e+03,8.352000000000000000e+03,8.439000000000000000e+03,8.526000000000000000e+03,8.613000000000000000e+03,8.700000000000000000e+03,8.787000000000000000e+03,8.874000000000000000e+03,8.961000000000000000e+03,9.048000000000000000e+03,9.135000000000000000e+03,9.222000000000000000e+03,9.309000000000000000e+03,9.396000000000000000e+03,9.483000000000000000e+03,9.570000000000000000e+03,9.657000000000000000e+03,9.744000000000000000e+03,9.831000000000000000e+03,9.918000000000000000e+03,1.000500000000000000e+04,1.009200000000000000e+04,1.017900000000000000e+04,1.026600000000000000e+04,1.035300000000000000e+04,1.044000000000000000e+04,1.052700000000000000e+04,1.061400000000000000e+04,1.070100000000000000e+04,1.078800000000000000e+04,1.087500000000000000e+04,1.096200000000000000e+04,1.104900000000000000e+04,1.113600000000000000e+04,1.122300000000000000e+04,1.131000000000000000e+04,1.139700000000000000e+04,1.148400000000000000e+04,1.157100000000000000e+04,1.165800000000000000e+04,1.174500000000000000e+04,1.183200000000000000e+04,1.191900000000000000e+04,1.200600000000000000e+04,1.209300000000000000e+04,1.218000000000000000e+04,1.226700000000000000e+04,1.235400000000000000e+04,1.244100000000000000e+04,1.252800000000000000e+04,1.261500000000000000e+04,1.270200000000000000e+04,1.278900000000000000e+04,1.287600000000000000e+04,1.296300000000000000e+04,1.305000000000000000e+04,1.313700000000000000e+04,1.322400000000000000e+04,1.331100000000000000e+04,1.339800000000000000e+04,1.348500000000000000e+04,1.357200000000000000e+04,1.365900000000000000e+04,1.374600000000000000e+04,1.383300000000000000e+04,1.392000000000000000e+04,1.400700000000000000e+04,1.409400000000000000e+04,1.418100000000000000e+04,1.426800000000000000e+04,1.435500000000000000e+04,1.444200000000000000e+04,1.452900000000000000e+04,1.461600000000000000e+04,1.470300000000000000e+04,1.479000000000000000e+04,1.487700000000000000e+04,1.496400000000000000e+04,1.505100000000000000e+04,1.513800000000000000e+04,1.522500000000000000e+04,1.531200000000000000e+04,1.539900000000000000e+04,1.548600000000000000e+04,1.557300000000000000e+04,1.566000000000000000e+04,1.574700000000000000e+04,1.583400000000000000e+04,1.592100000000000000e+04,1.600800000000000000e+04,1.609500000000000000e+04,1.618200000000000000e+04,1.626900000000000000e+04,1.635600000000000000e+04,1.644300000000000000e+04,1.653000000000000000e+04,1.661700000000000000e+04,1.670400000000000000e+04,1.679100000000000000e+04,1.687800000000000000e+04,1.696500000000000000e+04,1.705200000000000000e+04,1.713900000000000000e+04,1.722600000000000000e+04,1.731300000000000000e+04,1.740000000000000000e+04,1.748700000000000000e+04,1.757400000000000000e+04,1.766100000000000000e+04,1.774800000000000000e+04,1.783500000000000000e+04,1.792200000000000000e+04,1.800900000000000000e+04,1.809600000000000000e+04,1.818300000000000000e+04,1.827000000000000000e+04,1.835700000000000000e+04,1.844400000000000000e+04,1.853100000000000000e+04,1.861800000000000000e+04,1.870500000000000000e+04,1.879200000000000000e+04,1.887900000000000000e+04,1.896600000000000000e+04,1.905300000000000000e+04,1.914000000000000000e+04,1.922700000000000000e+04,1.931400000000000000e+04,1.940100000000000000e+04,1.948800000000000000e+04,1.957500000000000000e+04,1.966200000000000000e+04,1.974900000000000000e+04,1.983600000000000000e+04,1.992300000000000000e+04,2.001000000000000000e+04,2.009700000000000000e+04,2.018400000000000000e+04,2.027100000000000000e+04,2.035800000000000000e+04,2.044500000000000000e+04,2.053200000000000000e+04,2.061900000000000000e+04,2.070600000000000000e+04,2.079300000000000000e+04,2.088000000000000000e+04,2.096700000000000000e+04,2.105400000000000000e+04,2.114100000000000000e+04,2.122800000000000000e+04,2.131500000000000000e+04,2.140200000000000000e+04,2.148900000000000000e+04,2.157600000000000000e+04,2.166300000000000000e+04,2.175000000000000000e+04,2.183700000000000000e+04,2.192400000000000000e+04,2.201100000000000000e+04,2.209800000000000000e+04,2.218500000000000000e+04,2.227200000000000000e+04,2.235900000000000000e+04,2.244600000000000000e+04,2.253300000000000000e+04,2.262000000000000000e+04,2.270700000000000000e+04,2.279400000000000000e+04,2.288100000000000000e+04,2.296800000000000000e+04,2.305500000000000000e+04,2.314200000000000000e+04,2.322900000000000000e+04,2.331600000000000000e+04,2.340300000000000000e+04,2.349000000000000000e+04,2.357700000000000000e+04,2.366400000000000000e+04,2.375100000000000000e+04,2.383800000000000000e+04,2.392500000000000000e+04,2.401200000000000000e+04,2.409900000000000000e+04,2.418600000000000000e+04,2.427300000000000000e+04,2.436000000000000000e+04,2.444700000000000000e+04,2.453400000000000000e+04,2.462100000000000000e+04,2.470800000000000000e+04,2.479500000000000000e+04,2.488200000000000000e+04,2.496900000000000000e+04,2.505600000000000000e+04,2.514300000000000000e+04,2.523000000000000000e+04,2.531700000000000000e+04,2.540400000000000000e+04,2.549100000000000000e+04,2.557800000000000000e+04,2.566500000000000000e+04,2.575200000000000000e+04,2.583900000000000000e+04,2.592600000000000000e+04,2.601300000000000000e+04
0.000000000000000000e+00,8.800000000000000000e+01,1.760000000000000000e+02,2.640000000000000000e+02,3.520000000000000000e+02,4.400000000000000000e+02,5.280000000000000000e+02,6.160000000000000000e+02,7.040000000000000000e+02,7.920000000000000000e+02,8.800000000000000000e+02,9.680000000000000000e+02,1.056000000000000000e+03,1.144000000000000000e+03,1.232000000000000000e+03,1.320000000000000000e+03,1.408000000000000000e+03,1.496000000000000000e+03,1.584000000000000000e+03,1.672000000000000000e+03,1.760000000000000000e+03,1.848000000000000000e+03,1.936000000000000000e+03,2.024000000000000000e+03,2.112000000000000000e+03,2.200000000000000000e+03,2.288000000000000000e+03,2.376000000000000000e+03,2.464000000000000000e+03,2.552000000000000000e+03,2.640000000000000000e+03,2.728000000000000000e+03,2.816000000000000000e+03,2.904000000000000000e+03,2.992000000000000000e+03,3.080000000000000000e+03,3.168000000000000000e+03,3.256000000000000000e+03,3.344000000000000000e+03,3.432000000000000000e+03,3.520000000000000000e+03,3.608000000000000000e+03,3.696000000000000000e+03,3.784000000000000000e+03,3.872000000000000000e+03,3.960000000000000000e+03,4.048000000000000000e+03,4.136000000000000000e+03,4.224000000000000000e+03,4.312000000000000000e+03,4.400000000000000000e+03,4.488000000000000000e+03,4.576000000000000000e+03,4.664000000000000000e+03,4.752000000000000000e+03,4.840000000000000000e+03,4.928000000000000000e+03,5.016000000000000000e+03,5.104000000000000000e+03,5.192000000000000000e+03,5.280000000000000000e+03,5.368000000000000000e+03,5.456000000000000000e+03,5.544000000000000000e+03,5.632000000000000000e+03,5.720000000000000000e+03,5.808000000000000000e+03,5.896000000000000000e+03,5.984000000000000000e+03,6.072000000000000000e+03,6.160000000000000000e+03,6.248000000000000000e+03,6.336000000000000000e+03,6.424000000000000000e+03,6.512000000000000000e+03,6.600000000000000000e+03,6.688000000000000000e+03,6.776000000000000000e+03,6.864000000000000000e+03,6.952000000000000000e+03,7.040000000000000000e+03,7.128000000000000000e+03,7.216000000000000000e+03,7.304000000000000000e+03,7.392000000000000000e+03,7.480000000000000000e+03,7.568000000000000000e+03,7.656000000000000000e+03,7.744000000000000000e+03,7.832000000000000000e+03,7.920000000000000000e+03,8.008000000000000000e+03,8.096000000000000000e+03,8.184000000000000000e+03,8.272000000000000000e+03,8.360000000000000000e+03,8.448000000000000000e+03,8.536000000000000000e+03,8.624000000000000000e+03,8.712000000000000000e+03,8.800000000000000000e+03,8.888000000000000000e+03,8.976000000000000000e+03,9.064000000000000000e+03,9.152000000000000000e+03,9.240000000000000000e+03,9.328000000000000000e+03,9.416000000000000000e+03,9.504000000000000000e+03,9.592000000000000000e+03,9.680000000000000000e+03,9.768000000000000000e+03,9.856000000000000000e+03,9.944000000000000000e+03,1.003200000000000000e+04,1.012000000000000000e+04,1.020800000000000000e+04,1.029600000000000000e+04,1.038400000000000000e+04,1.047200000000000000e+04,1.056000000000000000e+04,1.064800000000000000e+04,1.073600000000000000e+04,1.082400000000000000e+04,1.091200000000000000e+04,1.100000000000000000e+04,1.108800000000000000e+04,1.117600000000000000e+04,1.126400000000000000e+04,1.135200000000000000e+04,1.144000000000000000e+04,1.152800000000000000e+04,1.161600000000000000e+04,1.170400000000000000e+04,1.179200000000000000e+04,1.188000000000000000e+04,1.196800000000000000e+04,1.205600000000000000e+04,1.214400000000000000e+04,1.223200000000000000e+04,1.232000000000000000e+04,1.240800000000000000e+04,1.249600000000000000e+04,1.258400000000000000e+04,1.267200000000000000e+04,1.276000000000000000e+04,1.284800000000000000e+04,1.293600000000000000e+04,1.302400000000000000e+04,1.311200000000000000e+04,1.320000000000000000e+04,1.328800000000000000e+04,1.337600000000000000e+04,1.346400000000000000e+04,1.355200000000000000e+04,1.364000000000000000e+04,1.372800000000000000e+04,1.381600000000000000e+04,1.390400000000000000e+04,1.399200000000000000e+04,1.408000000000000000e+04,1.416800000000000000e+04,1.425600000000000000e+04,1.434400000000000000e+04,1.443200000000000000e+04,1.452000000000000000e+04,1.460800000000000000e+04,1.469600000000000000e+04,1.478400000000000000e+04,1.487200000000000000e+04,1.496000000000000000e+04,1.504800000000000000e+04,1.513600000000000000e+04,1.522400000000000000e+04,1.531200000000000000e+04,1.540000000000000000e+04,1.548800000000000000e+04,1.557600000000000000e+04,1.566400000000000000e+04,1.575200000000000000e+04,1.584000000000000000e+04,1.592800000000000000e+04,1.601600000000000000e+04,1.610400000000000000e+04,1.619200000000000000e+04,1.628000000000000000e+04,1.636800000000000000e+04,1.645600000000000000e+04,1.654400000000000000e+04,1.663200000000000000e+04,1.672000000000000000e+04,1.680800000000000000e+04,1.689600000000000000e+04,1.698400000000000000e+04,1.707200000000000000e+04,1.716000000000000000e+04,1.724800000000000000e+04,1.733600000000000000e+04,1.742400000000000000e+04,1.751200000000000000e+04,1.760000000000000000e+04,1.768800000000000000e+04,1.777600000000000000e+04,1.786400000000000000e+04,1.795200000000000000e+04,1.804000000000000000e+04,1.812800000000000000e+04,1.821600000000000000e+04,1.830400000000000000e+04,1.839200000000000000e+04,1.848000000000000000e+04,1.856800000000000000e+04,1.865600000000000000e+04,1.874400000000000000e+04,1.883200000000000000e+04,1.892000000000000000e+04,1.900800000000000000e+04,1.909600000000000000e+04,1.918400000000000000e+04,1.927200000000000000e+04,1.936000000000000000e+04,1.944800000000000000e+04,1.953600000000000000e+04,1.962400000000000000e+04,1.971200000000000000e+04,1.980000000000000000e+04,1.988800000000000000e+04,1.997600000000000000e+04,2.006400000000000000e+04,2.015200000000000000e+04,2.024000000000000000e+04,2.032800000000000000e+04,2.041600000000000000e+04,2.050400000000000000e+04,2.059200000000000000e+04,2.068000000000000000e+04,2.076800000000000000e+04,2.085600000000000000e+04,2.094400000000000000e+04,2.103200000000000000e+04,2.112000000000000000e+04,2.120800000000000000e+04,2.129600000000000000e+04,2.138400000000000000e+04,2.147200000000000000e+04,2.156000000000000000e+04,2.164800000000000000e+04,2.173600000000000000e+04,2.182400000000000000e+04,2.191200000000000000e+04,2.200000000000000000e+04,2.208800000000000000e+04,2.217600000000000000e+04,2.226400000000000000e+04,2.235200000000000000e+04,2.244000000000000000e+04,2.252800000000000000e+04,2.261600000000000000e+04,2.270400000000000000e+04,2.279200000000000000e+04,2.288000000000000000e+04,2.296800000000000000e+04,2.305600000000000000e+04,2.314400000000000000e+04,2.323200000000000000e+04,2.332000000000000000e+04,2.340800000000000000e+04,2.349600000000000000e+04,2.358400000000000000e+04,2.367200000000000000e+04,2.376000000000000000e+04,2.384800000000000000e+04,2.393600000000000000e+04,2.402400000000000000e+04,2.411200000000000000e+04,2.420000000000000000e+04,2.428800000000000000e+04,2.437600000000000000e+04,2.446400000000000000e+04,2.455200000000000000e+04,2.464000000000000000e+04,2.472800000000000000e+04,2.481600000000000000e+04,2.490400000000000000e+04,2.499200000000000000e+04,2.508000000000000000e+04,2.516800000000000000e+04,2.525600000000000000e+04,2.534400000000000000e+04,2.543200000000000000e+04,2.552000000000000000e+04,2.560800000000000000e+04,2.569600000000000000e+04,2.578400000000000000e+04,2.587200000000000000e+04,2.596000000000000000e+04,2.604800000000000000e+04,2.613600000000000000e+04,2.622400000000000000e+04,2.631200000000000000e+04
0.000000000000000000e+00,8.900000000000000000e+01,1.780000000000000000e+02,2.670000000000000000e+02,3.560000000000000000e+02,4.450000000000000000e+02,5.340000000000000000e+02,6.230000000000000000e+02,7.120000000000000000e+02,8.010000000000000000e+02,8.900000000000000000e+02,9.790000000000000000e+02,1.068000000000000000e+03,1.157000000000000000e+03,1.246000000000000000e+03,1.335000000000000000e+03,1.424000000000000000e+03,1.513000000000000000e+03,1.602000000000000000e+03,1.691000000000000000e+03,1.780000000000000000e+03,1.869000000000000000e+03,1.958000000000000000e+03,2.047000000000000000e+03,2.136000000000000000e+03,2.225000000000000000e+03,2.314000000000000000e+03,2.403000000000000000e+03,2.492000000000000000e+03,2.581000000000000000e+03,2.670000000000000000e+03,2.759000000000000000e+03,2.848000000000000000e+03,2.937000000000000000e+03,3.026000000000000000e+03,3.115000000000000000e+03,3.204000000000000000e+03,3.293000000000000000e+03,3.382000000000000000e+03,3.471000000000000000e+03,3.560000000000000000e+03,3.649000000000000000e+03,3.738000000000000000e+03,3.827000000000000000e+03,3.916000000000000000e+03,4.005000000000000000e+03,4.094000000000000000e+03,4.183000000000000000e+03,4.272000000000000000e+03,4.361000000000000000e+03,4.450000000000000000e+03,4.539000000000000000e+03,4.628000000000000000e+03,4.717000000000000000e+03,4.806000000000000000e+03,4.895000000000000000e+03,4.984000000000000000e+03,5.073000000000000000e+03,5.162000000000000000e+03,5.251000000000000000e+03,5.340000000000000000e+03,5.429000000000000000e+03,5.518000000000000000e+03,5.607000000000000000e+03,5.696000000000000000e+03,5.785000000000000000e+03,5.874000000000000000e+03,5.963000000000000000e+03,6.052000000000000000e+03,6.141000000000000000e+03,6.230000000000000000e+03,6.319000000000000000e+03,6.408000000000000000e+03,6.497000000000000000e+03,6.586000000000000000e+03,6.675000000000000000e+03,6.764000000000000000e+03,6.853000000000000000e+03,6.942000000000000000e+03,7.031000000000000000e+03,7.120000000000000000e+03,7.209000000000000000e+03,7.298000000000000000e+03,7.387000000000000000e+03,7.476000000000000000e+03,7.565000000000000000e+03,7.654000000000000000e+03,7.743000000000000000e+03,7.832000000000000000e+03,7.921000000000000000e+03,8.010000000000000000e+03,8.099000000000000000e+03,8.188000000000000000e+03,8.277000000000000000e+03,8.366000000000000000e+03,8.455000000000000000e+03,8.544000000000000000e+03,8.633000000000000000e+03,8.722000000000000000e+03,8.811000000000000000e+03,8.900000000000000000e+03,8.989000000000000000e+03,9.078000000000000000e+03,9.167000000000000000e+03,9.256000000000000000e+03,9.345000000000000000e+03,9.434000000000000000e+03,9.523000000000000000e+03,9.612000000000000000e+03,9.701000000000000000e+03,9.790000000000000000e+03,9.879000000000000000e+03,9.968000000000000000e+03,1.005700000000000000e+04,1.014600000000000000e+04,1.023500000000000000e+04,1.032400000000000000e+04,1.041300000000000000e+04,1.050200000000000000e+04,1.059100000000000000e+04,1.068000000000000000e+04,1.076900000000000000e+04,1.085800000000000000e+04,1.094700000000000000e+04,1.103600000000000000e+04,1.112500000000000000e+04,1.121400000000000000e+04,1.130300000000000000e+04,1.139200000000000000e+04,1.148100000000000000e+04,1.157000000000000000e+04,1.165900000000000000e+04,1.174800000000000000e+04,1.183700000000000000e+04,1.192600000000000000e+04,1.201500000000000000e+04,1.210400000000000000e+04,1.219300000000000000e+04,1.228200000000000000e+04,1.237100000000000000e+04,1.246000000000000000e+04,1.254900000000000000e+04,1.263800000000000000e+04,1.272700000000000000e+04,1.281600000000000000e+04,1.290500000000000000e+04,1.299400000000000000e+04,1.308300000000000000e+04,1.317200000000000000e+04,1.326100000000000000e+04,1.335000000000000000e+04,1.343900000000000000e+04,1.352800000000000000e+04,1.361700000000000000e+04,1.370600000000000000e+04,1.379500000000000000e+04,1.388400000000000000e+04,1.397300000000000000e+04,1.406200000000000000e+04,1.415100000000000000e+04,1.424000000000000000e+04,1.432900000000000000e+04,1.441800000000000000e+04,1.450700000000000000e+04,1.459600000000000000e+04,1.468500000000000000e+04,1.477400000000000000e+04,1.486300000000000000e+04,1.495200000000000000e+04,1.504100000000000000e+04,1.513000000000000000e+04,1.521900000000000000e+04,1.530800000000000000e+04,1.539700000000000000e+04,1.548600000000000000e+04,1.557500000000000000e+04,1.566400000000000000e+04,1.575300000000000000e+04,1.584200000000000000e+04,1.593100000000000000e+04,1.602000000000000000e+04,1.610900000000000000e+04,1.619800000000000000e+04,1.628700000000000000e+04,1.637600000000000000e+04,1.646500000000000000e+04,1.655400000000000000e+04,1.664300000000000000e+04,1.673200000000000000e+04,1.682100000000000000e+04,1.691000000000000000e+04,1.699900000000000000e+04,1.708800000000000000e+04,1.717700000000000000e+04,1.726600000000000000e+04,1.735500000000000000e+04,1.744400000000000000e+04,1.753300000000000000e+04,1.762200000000000000e+04,1.771100000000000000e+04,1.780000000000000000e+04,1.788900000000000000e+04,1.797800000000000000e+04,1.806700000000000000e+04,1.815600000000000000e+04,1.824500000000000000e+04,1.833400000000000000e+04,1.842300000000000000e+04,1.851200000000000000e+04,1.860100000000000000e+04,1.869000000000000000e+04,1.877900000000000000e+04,1.886800000000000000e+04,1.895700000000000000e+04,1.904600000000000000e+04,1.913500000000000000e+04,1.922400000000000000e+04,1.931300000000000000e+04,1.940200000000000000e+04,1.949100000000000000e+04,1.958000000000000000e+04,1.966900000000000000e+04,1.975800000000000000e+04,1.984700000000000000e+04,1.993600000000000000e+04,2.002500000000000000e+04,2.011400000000000000e+04,2.020300000000000000e+04,2.029200000000000000e+04,2.038100000000000000e+04,2.047000000000000000e+04,2.055900000000000000e+04,2.064800000000000000e+04,2.073700000000000000e+04,2.082600000000000000e+04,2.091500000000000000e+04,2.100400000000000000e+04,2.109300000000000000e+04,2.118200000000000000e+04,2.127100000000000000e+04,2.136000000000000000e+04,2.144900000000000000e+04,2.153800000000000000e+04,2.162700000000000000e+04,2.171600000000000000e+04,2.180500000000000000e+04,2.189400000000000000e+04,2.198300000000000000e+04,2.207200000000000000e+04,2.216100000000000000e+04,2.225000000000000000e+04,2.233900000000000000e+04,2.242800000000000000e+04,2.251700000000000000e+04,2.260600000000000000e+04,2.269500000000000000e+04,2.278400000000000000e+04,2.287300000000000000e+04,2.296200000000000000e+04,2.305100000000000000e+04,2.314000000000000000e+04,2.322900000000000000e+04,2.331800000000000000e+04,2.340700000000000000e+04,2.349600000000000000e+04,2.358500000000000000e+04,2.367400000000000000e+04,2.376300000000000000e+04,2.385200000000000000e+04,2.394100000000000000e+04,2.403000000000000000e+04,2.411900000000000000e+04,2.420800000000000000e+04,2.429700000000000000e+04,2.438600000000000000e+04,2.447500000000000000e+04,2.456400000000000000e+04,2.465300000000000000e+04,2.474200000000000000e+04,2.483100000000000000e+04,2.492000000000000000e+04,2.500900000000000000e+04,2.509800000000000000e+04,2.518700000000000000e+04,2.527600000000000000e+04,2.536500000000000000e+04,2.545400000000000000e+04,2.554300000000000000e+04,2.563200000000000000e+04,2.572100000000000000e+04,2.581000000000000000e+04,2.589900000000000000e+04,2.598800000000000000e+04,2.607700000000000000e+04,2.616600000000000000e+04,2.625500000000000000e+04,2.634400000000000000e+04,2.643300000000000000e+04,2.652200000000000000e+04,2.661100000000000000e+04
0.000000000000000000e+00,9.000000000000000000e+01,1.800000000000000000e+02,2.700000000000000000e+02,3.600000000000000000e+02,4.500000000000000000e+02,5.400000000000000000e+02,6.300000000000000000e+02,7.200000000000000000e+02,8.100000000000000000e+02,9.000000000000000000e+02,9.900000000000000000e+02,1.080000000000000000e+03,1.170000000000000000e+03,1.260000000000000000e+03,1.350000000000000000e+03,1.440000000000000000e+03,1.530000000000000000e+03,1.620000000000000000e+03,1.710000000000000000e+03,1.800000000000000000e+03,1.890000000000000000e+03,1.980000000000000000e+03,2.070000000000000000e+03,2.160000000000000000e+03,2.250000000000000000e+03,2.340000000000000000e+03,2.430000000000000000e+03,2.520000000000000000e+03,2.610000000000000000e+03,2.700000000000000000e+03,2.790000000000000000e+03,2.880000000000000000e+03,2.970000000000000000e+03,3.060000000000000000e+03,3.150000000000000000e+03,3.240000000000000000e+03,3.330000000000000000e+03,3.420000000000000000e+03,3.510000000000000000e+03,3.600000000000000000e+03,3.690000000000000000e+03,3.780000000000000000e+03,3.870000000000000000e+03,3.960000000000000000e+03,4.050000000000000000e+03,4.140000000000000000e+03,4.230000000000000000e+03,4.320000000000000000e+03,4.410000000000000000e+03,4.500000000000000000e+03,4.590000000000000000e+03,4.680000000000000000e+03,4.770000000000000000e+03,4.860000000000000000e+03,4.950000000000000000e+03,5.040000000000000000e+03,5.130000000000000000e+03,5.220000000000000000e+03,5.310000000000000000e+03,5.400000000000000000e+03,5.490000000000000000e+03,5.580000000000000000e+03,5.670000000000000000e+03,5.760000000000000000e+03,5.850000000000000000e+03,5.940000000000000000e+03,6.030000000000000000e+03,6.120000000000000000e+03,6.210000000000000000e+03,6.300000000000000000e+03,6.390000000000000000e+03,6.480000000000000000e+03,6.570000000000000000e+03,6.660000000000000000e+03,6.750000000000000000e+03,6.840000000000000000e+03,6.930000000000000000e+03,7.020000000000000000e+03,7.110000000000000000e+03,7.200000000000000000e+03,7.290000000000000000e+03,7.380000000000000000e+03,7.470000000000000000e+03,7.560000000000000000e+03,7.650000000000000000e+03,7.740000000000000000e+03,7.830000000000000000e+03,7.920000000000000000e+03,8.010000000000000000e+03,8.100000000000000000e+03,8.190000000000000000e+03,8.280000000000000000e+03,8.370000000000000000e+03,8.460000000000000000e+03,8.550000000000000000e+03,8.640000000000000000e+03,8.730000000000000000e+03,8.820000000000000000e+03,8.910000000000000000e+03,9.000000000000000000e+03,9.090000000000000000e+03,9.180000000000000000e+03,9.270000000000000000e+03,9.360000000000000000e+03,9.450000000000000000e+03,9.540000000000000000e+03,9.630000000000000000e+03,9.720000000000000000e+03,9.810000000000000000e+03,9.900000000000000000e+03,9.990000000000000000e+03,1.008000000000000000e+04,1.017000000000000000e+04,1.026000000000000000e+04,1.035000000000000000e+04,1.044000000000000000e+04,1.053000000000000000e+04,1.062000000000000000e+04,1.071000000000000000e+04,1.080000000000000000e+04,1.089000000000000000e+04,1.098000000000000000e+04,1.107000000000000000e+04,1.116000000000000000e+04,1.125000000000000000e+04,1.134000000000000000e+04,1.143000000000000000e+04,1.152000000000000000e+04,1.161000000000000000e+04,1.170000000000000000e+04,1.179000000000000000e+04,1.188000000000000000e+04,1.197000000000000000e+04,1.206000000000000000e+04,1.215000000000000000e+04,1.224000000000000000e+04,1.233000000000000000e+04,1.242000000000000000e+04,1.251000000000000000e+04,1.260000000000000000e+04,1.269000000000000000e+04,1.278000000000000000e+04,1.287000000000000000e+04,1.296000000000000000e+04,1.305000000000000000e+04,1.314000000000000000e+04,1.323000000000000000e+04,1.332000000000000000e+04,1.341000000000000000e+04,1.350000000000000000e+04,1.359000000000000000e+04,1.368000000000000000e+04,1.377000000000000000e+04,1.386000000000000000e+04,1.395000000000000000e+04,1.404000000000000000e+04,1.413000000000000000e+04,1.422000000000000000e+04,1.431000000000000000e+04,1.440000000000000000e+04,1.449000000000000000e+04,1.458000000000000000e+04,1.467000000000000000e+04,1.476000000000000000e+04,1.485000000000000000e+04,1.494000000000000000e+04,1.503000000000000000e+04,1.512000000000000000e+04,1.521000000000000000e+04,1.530000000000000000e+04,1.539000000000000000e+04,1.548000000000000000e+04,1.557000000000000000e+04,1.566000000000000000e+04,1.575000000000000000e+04,1.584000000000000000e+04,1.593000000000000000e+04,1.602000000000000000e+04,1.611000000000000000e+04,1.620000000000000000e+04,1.629000000000000000e+04,1.638000000000000000e+04,1.647000000000000000e+04,1.656000000000000000e+04,1.665000000000000000e+04,1.674000000000000000e+04,1.683000000000000000e+04,1.692000000000000000e+04,1.701000000000000000e+04,1.710000000000000000e+04,1.719000000000000000e+04,1.728000000000000000e+04,1.737000000000000000e+04,1.746000000000000000e+04,1.755000000000000000e+04,1.764000000000000000e+04,1.773000000000000000e+04,1.782000000000000000e+04,1.791000000000000000e+04,1.800000000000000000e+04,1.809000000000000000e+04,1.818000000000000000e+04,1.827000000000000000e+04,1.836000000000000000e+04,1.845000000000000000e+04,1.854000000000000000e+04,1.863000000000000000e+04,1.872000000000000000e+04,1.881000000000000000e+04,1.890000000000000000e+04,1.899000000000000000e+04,1.908000000000000000e+04,1.917000000000000000e+04,1.926000000000000000e+04,1.935000000000000000e+04,1.944000000000000000e+04,1.953000000000000000e+04,1.962000000000000000e+04,1.971000000000000000e+04,1.980000000000000000e+04,1.989000000000000000e+04,1.998000000000000000e+04,2.007000000000000000e+04,2.016000000000000000e+04,2.025000000000000000e+04,2.034000000000000000e+04,2.043000000000000000e+04,2.052000000000000000e+04,2.061000000000000000e+04,2.070000000000000000e+04,2.079000000000000000e+04,2.088000000000000000e+04,2.097000000000000000e+04,2.106000000000000000e+04,2.115000000000000000e+04,2.124000000000000000e+04,2.133000000000000000e+04,2.142000000000000000e+04,2.151000000000000000e+04,2.160000000000000000e+04,2.169000000000000000e+04,2.178000000000000000e+04,2.187000000000000000e+04,2.196000000000000000e+04,2.205000000000000000e+04,2.214000000000000000e+04,2.223000000000000000e+04,2.232000000000000000e+04,2.241000000000000000e+04,2.250000000000000000e+04,2.259000000000000000e+04,2.268000000000000000e+04,2.277000000000000000e+04,2.286000000000000000e+04,2.295000000000000000e+04,2.304000000000000000e+04,2.313000000000000000e+04,2.322000000000000000e+04,2.331000000000000000e+04,2.340000000000000000e+04,2.349000000000000000e+04,2.358000000000000000e+04,2.367000000000000000e+04,2.376000000000000000e+04,2.385000000000000000e+04,2.394000000000000000e+04,2.403000000000000000e+04,2.412000000000000000e+04,2.421000000000000000e+04,2.430000000000000000e+04,2.439000000000000000e+04,2.448000000000000000e+04,2.457000000000000000e+04,2.466000000000000000e+04,2.475000000000000000e+04,2.484000000000000000e+04,2.493000000000000000e+04,2.502000000000000000e+04,2.511000000000000000e+04,2.520000000000000000e+04,2.529000000000000000e+04,2.538000000000000000e+04,2.547000000000000000e+04,2.556000000000000000e+04,2.565000000000000000e+04,2.574000000000000000e+04,2.583000000000000000e+04,2.592000000000000000e+04,2.601000000000000000e+04,2.610000000000000000e+04,2.619000000000000000e+04,2.628000000000000000e+04,2.637000000000000000e+04,2.646000000000000000e+04,2.655000000000000000e+04,2.664000000000000000e+04,2.673000000000000000e+04,2.682000000000000000e+04,2.691000000000000000e+04
0.000000000000000000e+00,9.100000000000000000e+01,1.820000000000000000e+02,2.730000000000000000e+02,3.640000000000000000e+02,4.550000000000000000e+02,5.460000000000000000e+02,6.370000000000000000e+02,7.280000000000000000e+02,8.190000000000000000e+02,9.100000000000000000e+02,1.001000000000000000e+03,1.092000000000000000e+03,1.183000000000000000e+03,1.274000000000000000e+03,1.365000000000000000e+03,1.456000000000000000e+03,1.547000000000000000e+03,1.638000000000000000e+03,1.729000000000000000e+03,1.820000000000000000e+03,1.911000000000000000e+03,2.002000000000000000e+03,2.093000000000000000e+03,2.184000000000000000e+03,2.275000000000000000e+03,2.366000000000000000e+03,2.457000000000000000e+03,2.548000000000000000e+03,2.639000000000000000e+03,2.730000000000000000e+03,2.821000000000000000e+03,2.912000000000000000e+03,3.003000000000000000e+03,3.094000000000000000e+03,3.185000000000000000e+03,3.276000000000000000e+03,3.367000000000000000e+03,3.458000000000000000e+03,3.549000000000000000e+03,3.640000000000000000e+03,3.731000000000000000e+03,3.822000000000000000e+03,3.913000000000000000e+03,4.004000000000000000e+03,4.095000000000000000e+03,4.186000000000000000e+03,4.277000000000000000e+03,4.368000000000000000e+03,4.459000000000000000e+03,4.550000000000000000e+03,4.641000000000000000e+03,4.732000000000000000e+03,4.823000000000000000e+03,4.914000000000000000e+03,5.005000000000000000e+03,5.096000000000000000e+03,5.187000000000000000e+03,5.278000000000000000e+03,5.369000000000000000e+03,5.460000000000000000e+03,5.551000000000000000e+03,5.642000000000000000e+03,5.733000000000000000e+03,5.824000000000000000e+03,5.915000000000000000e+03,6.006000000000000000e+03,6.097000000000000000e+03,6.188000000000000000e+03,6.279000000000000000e+03,6.370000000000000000e+03,6.461000000000000000e+03,6.552000000000000000e+03,6.643000000000000000e+03,6.734000000000000000e+03,6.825000000000000000e+03,6.916000000000000000e+03,7.007000000000000000e+03,7.098000000000000000e+03,7.189000000000000000e+03,7.280000000000000000e+03,7.371000000000000000e+03,7.462000000000000000e+03,7.553000000000000000e+03,7.644000000000000000e+03,7.735000000000000000e+03,7.826000000000000000e+03,7.917000000000000000e+03,8.008000000000000000e+03,8.099000000000000000e+03,8.190000000000000000e+03,8.281000000000000000e+03,8.372000000000000000e+03,8.463000000000000000e+03,8.554000000000000000e+03,8.645000000000000000e+03,8.736000000000000000e+03,8.827000000000000000e+03,8.918000000000000000e+03,9.009000000000000000e+03,9.100000000000000000e+03,9.191000000000000000e+03,9.282000000000000000e+03,9.373000000000000000e+03,9.464000000000000000e+03,9.555000000000000000e+03,9.646000000000000000e+03,9.737000000000000000e+03,9.828000000000000000e+03,9.919000000000000000e+03,1.001000000000000000e+04,1.010100000000000000e+04,1.019200000000000000e+04,1.028300000000000000e+04,1.037400000000000000e+04,1.046500000000000000e+04,1.055600000000000000e+04,1.064700000000000000e+04,1.073800000000000000e+04,1.082900000000000000e+04,1.092000000000000000e+04,1.101100000000000000e+04,1.110200000000000000e+04,1.119300000000000000e+04,1.128400000000000000e+04,1.137500000000000000e+04,1.146600000000000000e+04,1.155700000000000000e+04,1.164800000000000000e+04,1.173900000000000000e+04,1.183000000000000000e+04,1.192100000000000000e+04,1.201200000000000000e+04,1.210300000000000000e+04,1.219400000000000000e+04,1.228500000000000000e+04,1.237600000000000000e+04,1.246700000000000000e+04,1.255800000000000000e+04,1.264900000000000000e+04,1.274000000000000000e+04,1.283100000000000000e+04,1.292200000000000000e+04,1.301300000000000000e+04,1.310400000000000000e+04,1.319500000000000000e+04,1.328600000000000000e+04,1.337700000000000000e+04,1.346800000000000000e+04,1.355900000000000000e+04,1.365000000000000000e+04,1.374100000000000000e+04,1.383200000000000000e+04,1.392300000000000000e+04,1.401400000000000000e+04,1.410500000000000000e+04,1.419600000000000000e+04,1.428700000000000000e+04,1.437800000000000000e+04,1.446900000000000000e+04,1.456000000000000000e+04,1.465100000000000000e+04,1.474200000000000000e+04,1.483300000000000000e+04,1.492400000000000000e+04,1.501500000000000000e+04,1.510600000000000000e+04,1.519700000000000000e+04,1.528800000000000000e+04,1.537900000000000000e+04,1.547000000000000000e+04,1.556100000000000000e+04,1.565200000000000000e+04,1.574300000000000000e+04,1.583400000000000000e+04,1.592500000000000000e+04,1.601600000000000000e+04,1.610700000000000000e+04,1.619800000000000000e+04,1.628900000000000000e+04,1.638000000000000000e+04,1.647100000000000000e+04,1.656200000000000000e+04,1.665300000000000000e+04,1.674400000000000000e+04,1.683500000000000000e+04,1.692600000000000000e+04,1.701700000000000000e+04,1.710800000000000000e+04,1.719900000000000000e+04,1.729000000000000000e+04,1.738100000000000000e+04,1.747200000000000000e+04,1.756300000000000000e+04,1.765400000000000000e+04,1.774500000000000000e+04,1.783600000000000000e+04,1.792700000000000000e+04,1.801800000000000000e+04,1.810900000000000000e+04,1.820000000000000000e+04,1.829100000000000000e+04,1.838200000000000000e+04,1.847300000000000000e+04,1.856400000000000000e+04,1.865500000000000000e+04,1.874600000000000000e+04,1.883700000000000000e+04,1.892800000000000000e+04,1.901900000000000000e+04,1.911000000000000000e+04,1.920100000000000000e+04,1.929200000000000000e+04,1.938300000000000000e+04,1.947400000000000000e+04,1.956500000000000000e+04,1.965600000000000000e+04,1.974700000000000000e+04,1.983800000000000000e+04,1.992900000000000000e+04,2.002000000000000000e+04,2.011100000000000000e+04,2.020200000000000000e+04,2.029300000000000000e+04,2.038400000000000000e+04,2.047500000000000000e+04,2.056600000000000000e+04,2.065700000000000000e+04,2.074800000000000000e+04,2.083900000000000000e+04,2.093000000000000000e+04,2.102100000000000000e+04,2.111200000000000000e+04,2.120300000000000000e+04,2.129400000000000000e+04,2.138500000000000000e+04,2.147600000000000000e+04,2.156700000000000000e+04,2.165800000000000000e+04,2.174900000000000000e+04,2.184000000000000000e+04,2.193100000000000000e+04,2.202200000000000000e+04,2.211300000000000000e+04,2.220400000000000000e+04,2.229500000000000000e+04,2.238600000000000000e+04,2.247700000000000000e+04,2.256800000000000000e+04,2.265900000000000000e+04,2.275000000000000000e+04,2.284100000000000000e+04,2.293200000000000000e+04,2.302300000000000000e+04,2.311400000000000000e+04,2.320500000000000000e+04,2.329600000000000000e+04,2.338700000000000000e+04,2.347800000000000000e+04,2.356900000000000000e+04,2.366000000000000000e+04,2.375100000000000000e+04,2.384200000000000000e+04,2.393300000000000000e+04,2.402400000000000000e+04,2.411500000000000000e+04,2.420600000000000000e+04,2.429700000000000000e+04,2.438800000000000000e+04,2.447900000000000000e+04,2.457000000000000000e+04,2.466100000000000000e+04,2.475200000000000000e+04,2.484300000000000000e+04,2.493400000000000000e+04,2.502500000000000000e+04,2.511600000000000000e+04,2.520700000000000000e+04,2.529800000000000000e+04,2.538900000000000000e+04,2.548000000000000000e+04,2.557100000000000000e+04,2.566200000000000000e+04,2.575300000000000000e+04,2.584400000000000000e+04,2.593500000000000000e+04,2.602600000000000000e+04,2.611700000000000000e+04,2.620800000000000000e+04,2.629900000000000000e+04,2.639000000000000000e+04,2.648100000000000000e+04,2.657200000000000000e+04,2.666300000000000000e+04,2.675400000000000000e+04,2.684500000000000000e+04,2.693600000000000000e+04,2.702700000000000000e+04,2.711800000000000000e+04,2.720900000000000000e+04
0.000000000000000000e+00,9.200000000000000000e+01,1.840000000000000000e+02,2.760000000000000000e+02,3.680000000000000000e+02,4.600000000000000000e+02,5.520000000000000000e+02,6.440000000000000000e+02,7.360000000000000000e+02,8.280000000000000000e+02,9.200000000000000000e+02,1.012000000000000000e+03,1.104000000000000000e+03,1.196000000000000000e+03,1.288000000000000000e+03,1.380000000000000000e+03,1.472000000000000000e+03,1.564000000000000000e+03,1.656000000000000000e+03,1.748000000000000000e+03,1.840000000000000000e+03,1.932000000000000000e+03,2.024000000000000000e+03,2.116000000000000000e+03,2.208000000000000000e+03,2.300000000000000000e+03,2.392000000000000000e+03,2.484000000000000000e+03,2.576000000000000000e+03,2.668000000000000000e+03,2.760000000000000000e+03,2.852000000000000000e+03,2.944000000000000000e+03,3.036000000000000000e+03,3.128000000000000000e+03,3.220000000000000000e+03,3.312000000000000000e+03,3.404000000000000000e+03,3.496000000000000000e+03,3.588000000000000000e+03,3.680000000000000000e+03,3.772000000000000000e+03,3.864000000000000000e+03,3.956000000000000000e+03,4.048000000000000000e+03,4.140000000000000000e+03,4.232000000000000000e+03,4.324000000000000000e+03,4.416000000000000000e+03,4.508000000000000000e+03,4.600000000000000000e+03,4.692000000000000000e+03,4.784000000000000000e+03,4.876000000000000000e+03,4.968000000000000000e+03,5.060000000000000000e+03,5.152000000000000000e+03,5.244000000000000000e+03,5.336000000000000000e+03,5.428000000000000000e+03,5.520000000000000000e+03,5.612000000000000000e+03,5.704000000000000000e+03,5.796000000000000000e+03,5.888000000000000000e+03,5.980000000000000000e+03,6.072000000000000000e+03,6.164000000000000000e+03,6.256000000000000000e+03,6.348000000000000000e+03,6.440000000000000000e+03,6.532000000000000000e+03,6.624000000000000000e+03,6.716000000000000000e+03,6.808000000000000000e+03,6.900000000000000000e+03,6.992000000000000000e+03,7.084000000000000000e+03,7.176000000000000000e+03,7.268000000000000000e+03,7.360000000000000000e+03,7.452000000000000000e+03,7.544000000000000000e+03,7.636000000000000000e+03,7.728000000000000000e+03,7.820000000000000000e+03,7.912000000000000000e+03,8.004000000000000000e+03,8.096000000000000000e+03,8.188000000000000000e+03,8.280000000000000000e+03,8.372000000000000000e+03,8.464000000000000000e+03,8.556000000000000000e+03,8.648000000000000000e+03,8.740000000000000000e+03,8.832000000000000000e+03,8.924000000000000000e+03,9.016000000000000000e+03,9.108000000000000000e+03,9.200000000000000000e+03,9.292000000000000000e+03,9.384000000000000000e+03,9.476000000000000000e+03,9.568000000000000000e+03,9.660000000000000000e+03,9.752000000000000000e+03,9.844000000000000000e+03,9.936000000000000000e+03,1.002800000000000000e+04,1.012000000000000000e+04,1.021200000000000000e+04,1.030400000000000000e+04,1.039600000000000000e+04,1.048800000000000000e+04,1.058000000000000000e+04,1.067200000000000000e+04,1.076400000000000000e+04,1.085600000000000000e+04,1.094800000000000000e+04,1.104000000000000000e+04,1.113200000000000000e+04,1.122400000000000000e+04,1.131600000000000000e+04,1.140800000000000000e+04,1.150000000000000000e+04,1.159200000000000000e+04,1.168400000000000000e+04,1.177600000000000000e+04,1.186800000000000000e+04,1.196000000000000000e+04,1.205200000000000000e+04,1.214400000000000000e+04,1.223600000000000000e+04,1.232800000000000000e+04,1.242000000000000000e+04,1.251200000000000000e+04,1.260400000000000000e+04,1.269600000000000000e+04,1.278800000000000000e+04,1.288000000000000000e+04,1.297200000000000000e+04,1.306400000000000000e+04,1.315600000000000000e+04,1.324800000000000000e+04,1.334000000000000000e+04,1.343200000000000000e+04,1.352400000000000000e+04,1.361600000000000000e+04,1.370800000000000000e+04,1.380000000000000000e+04,1.389200000000000000e+04,1.398400000000000000e+04,1.407600000000000000e+04,1.416800000000000000e+04,1.426000000000000000e+04,1.435200000000000000e+04,1.444400000000000000e+04,1.453600000000000000e+04,1.462800000000000000e+04,1.472000000000000000e+04,1.481200000000000000e+04,1.490400000000000000e+04,1.499600000000000000e+04,1.508800000000000000e+04,1.518000000000000000e+04,1.527200000000000000e+04,1.536400000000000000e+04,1.545600000000000000e+04,1.554800000000000000e+04,1.564000000000000000e+04,1.573200000000000000e+04,1.582400000000000000e+04,1.591600000000000000e+04,1.600800000000000000e+04,1.610000000000000000e+04,1.619200000000000000e+04,1.628400000000000000e+04,1.637600000000000000e+04,1.646800000000000000e+04,1.656000000000000000e+04,1.665200000000000000e+04,1.674400000000000000e+04,1.683600000000000000e+04,1.692800000000000000e+04,1.702000000000000000e+04,1.711200000000000000e+04,1.720400000000000000e+04,1.729600000000000000e+04,1.738800000000000000e+04,1.748000000000000000e+04,1.757200000000000000e+04,1.766400000000000000e+04,1.775600000000000000e+04,1.784800000000000000e+04,1.794000000000000000e+04,1.803200000000000000e+04,1.812400000000000000e+04,1.821600000000000000e+04,1.830800000000000000e+04,1.840000000000000000e+04,1.849200000000000000e+04,1.858400000000000000e+04,1.867600000000000000e+04,1.876800000000000000e+04,1.886000000000000000e+04,1.895200000000000000e+04,1.904400000000000000e+04,1.913600000000000000e+04,1.922800000000000000e+04,1.932000000000000000e+04,1.941200000000000000e+04,1.950400000000000000e+04,1.959600000000000000e+04,1.968800000000000000e+04,1.978000000000000000e+04,1.987200000000000000e+04,1.996400000000000000e+04,2.005600000000000000e+04,2.014800000000000000e+04,2.024000000000000000e+04,2.033200000000000000e+04,2.042400000000000000e+04,2.051600000000000000e+04,2.060800000000000000e+04,2.070000000000000000e+04,2.079200000000000000e+04,2.088400000000000000e+04,2.097600000000000000e+04,2.106800000000000000e+04,2.116000000000000000e+04,2.125200000000000000e+04,2.134400000000000000e+04,2.143600000000000000e+04,2.152800000000000000e+04,2.162000000000000000e+04,2.171200000000000000e+04,2.180400000000000000e+04,2.189600000000000000e+04,2.198800000000000000e+04,2.208000000000000000e+04,2.217200000000000000e+04,2.226400000000000000e+04,2.235600000000000000e+04,2.244800000000000000e+04,2.254000000000000000e+04,2.263200000000000000e+04,2.272400000000000000e+04,2.281600000000000000e+04,2.290800000000000000e+04,2.300000000000000000e+04,2.309200000000000000e+04,2.318400000000000000e+04,2.327600000000000000e+04,2.336800000000000000e+04,2.346000000000000000e+04,2.355200000000000000e+04,2.364400000000000000e+04,2.373600000000000000e+04,2.382800000000000000e+04,2.392000000000000000e+04,2.401200000000000000e+04,2.410400000000000000e+04,2.419600000000000000e+04,2.428800000000000000e+04,2.438000000000000000e+04,2.447200000000000000e+04,2.456400000000000000e+04,2.465600000000000000e+04,2.474800000000000000e+04,2.484000000000000000e+04,2.493200000000000000e+04,2.502400000000000000e+04,2.511600000000000000e+04,2.520800000000000000e+04,2.530000000000000000e+04,2.539200000000000000e+04,2.548400000000000000e+04,2.557600000000000000e+04,2.566800000000000000e+04,2.576000000000000000e+04,2.585200000000000000e+04,2.594400000000000000e+04,2.603600000000000000e+04,2.612800000000000000e+04,2.622000000000000000e+04,2.631200000000000000e+04,2.640400000000000000e+04,2.649600000000000000e+04,2.658800000000000000e+04,2.668000000000000000e+04,2.677200000000000000e+04,2.686400000000000000e+04,2.695600000000000000e+04,2.704800000000000000e+04,2.714000000000000000e+04,2.723200000000000000e+04,2.732400000000000000e+04,2.741600000000000000e+04,2.750800000000000000e+04
0.000000000000000000e+00,9.300000000000000000e+01,1.860000000000000000e+02,2.790000000000000000e+02,3.720000000000000000e+02,4.650000000000000000e+02,5.580000000000000000e+02,6.510000000000000000e+02,7.440000000000000000e+02,8.370000000000000000e+02,9.300000000000000000e+02,1.023000000000000000e+03,1.116000000000000000e+03,1.209000000000000000e+03,1.302000000000000000e+03,1.395000000000000000e+03,1.488000000000000000e+03,1.581000000000000000e+03,1.674000000000000000e+03,1.767000000000000000e+03,1.860000000000000000e+03,1.953000000000000000e+03,2.046000000000000000e+03,2.139000000000000000e+03,2.232000000000000000e+03,2.325000000000000000e+03,2.418000000000000000e+03,2.511000000000000000e+03,2.604000000000000000e+03,2.697000000000000000e+03,2.790000000000000000e+03,2.883000000000000000e+03,2.976000000000000000e+03,3.069000000000000000e+03,3.162000000000000000e+03,3.255000000000000000e+03,3.348000000000000000e+03,3.441000000000000000e+03,3.534000000000000000e+03,3.627000000000000000e+03,3.720000000000000000e+03,3.813000000000000000e+03,3.906000000000000000e+03,3.999000000000000000e+03,4.092000000000000000e+03,4.185000000000000000e+03,4.278000000000000000e+03,4.371000000000000000e+03,4.464000000000000000e+03,4.557000000000000000e+03,4.650000000000000000e+03,4.743000000000000000e+03,4.836000000000000000e+03,4.929000000000000000e+03,5.022000000000000000e+03,5.115000000000000000e+03,5.208000000000000000e+03,5.301000000000000000e+03,5.394000000000000000e+03,5.487000000000000000e+03,5.580000000000000000e+03,5.673000000000000000e+03,5.766000000000000000e+03,5.859000000000000000e+03,5.952000000000000000e+03,6.045000000000000000e+03,6.138000000000000000e+03,6.231000000000000000e+03,6.324000000000000000e+03,6.417000000000000000e+03,6.510000000000000000e+03,6.603000000000000000e+03,6.696000000000000000e+03,6.789000000000000000e+03,6.882000000000000000e+03,6.975000000000000000e+03,7.068000000000000000e+03,7.161000000000000000e+03,7.254000000000000000e+03,7.347000000000000000e+03,7.440000000000000000e+03,7.533000000000000000e+03,7.626000000000000000e+03,7.719000000000000000e+03,7.812000000000000000e+03,7.905000000000000000e+03,7.998000000000000000e+03,8.091000000000000000e+03,8.184000000000000000e+03,8.277000000000000000e+03,8.370000000000000000e+03,8.463000000000000000e+03,8.556000000000000000e+03,8.649000000000000000e+03,8.742000000000000000e+03,8.835000000000000000e+03,8.928000000000000000e+03,9.021000000000000000e+03,9.114000000000000000e+03,9.207000000000000000e+03,9.300000000000000000e+03,9.393000000000000000e+03,9.486000000000000000e+03,9.579000000000000000e+03,9.672000000000000000e+03,9.765000000000000000e+03,9.858000000000000000e+03,9.951000000000000000e+03,1.004400000000000000e+04,1.013700000000000000e+04,1.023000000000000000e+04,1.032300000000000000e+04,1.041600000000000000e+04,1.050900000000000000e+04,1.060200000000000000e+04,1.069500000000000000e+04,1.078800000000000000e+04,1.088100000000000000e+04,1.097400000000000000e+04,1.106700000000000000e+04,1.116000000000000000e+04,1.125300000000000000e+04,1.134600000000000000e+04,1.143900000000000000e+04,1.153200000000000000e+04,1.162500000000000000e+04,1.171800000000000000e+04,1.181100000000000000e+04,1.190400000000000000e+04,1.199700000000000000e+04,1.209000000000000000e+04,1.218300000000000000e+04,1.227600000000000000e+04,1.236900000000000000e+04,1.246200000000000000e+04,1.255500000000000000e+04,1.264800000000000000e+04,1.274100000000000000e+04,1.283400000000000000e+04,1.292700000000000000e+04,1.302000000000000000e+04,1.311300000000000000e+04,1.320600000000000000e+04,1.329900000000000000e+04,1.339200000000000000e+04,1.348500000000000000e+04,1.357800000000000000e+04,1.367100000000000000e+04,1.376400000000000000e+04,1.385700000000000000e+04,1.395000000000000000e+04,1.404300000000000000e+04,1.413600000000000000e+04,1.422900000000000000e+04,1.432200000000000000e+04,1.441500000000000000e+04,1.450800000000000000e+04,1.460100000000000000e+04,1.469400000000000000e+04,1.478700000000000000e+04,1.488000000000000000e+04,1.497300000000000000e+04,1.506600000000000000e+04,1.515900000000000000e+04,1.525200000000000000e+04,1.534500000000000000e+04,1.543800000000000000e+04,1.553100000000000000e+04,1.562400000000000000e+04,1.571700000000000000e+04,1.581000000000000000e+04,1.590300000000000000e+04,1.599600000000000000e+04,1.608900000000000000e+04,1.618200000000000000e+04,1.627500000000000000e+04,1.636800000000000000e+04,1.646100000000000000e+04,1.655400000000000000e+04,1.664700000000000000e+04,1.674000000000000000e+04,1.683300000000000000e+04,1.692600000000000000e+04,1.701900000000000000e+04,1.711200000000000000e+04,1.720500000000000000e+04,1.729800000000000000e+04,1.739100000000000000e+04,1.748400000000000000e+04,1.757700000000000000e+04,1.767000000000000000e+04,1.776300000000000000e+04,1.785600000000000000e+04,1.794900000000000000e+04,1.804200000000000000e+04,1.813500000000000000e+04,1.822800000000000000e+04,1.832100000000000000e+04,1.841400000000000000e+04,1.850700000000000000e+04,1.860000000000000000e+04,1.869300000000000000e+04,1.878600000000000000e+04,1.887900000000000000e+04,1.897200000000000000e+04,1.906500000000000000e+04,1.915800000000000000e+04,1.925100000000000000e+04,1.934400000000000000e+04,1.943700000000000000e+04,1.953000000000000000e+04,1.962300000000000000e+04,1.971600000000000000e+04,1.980900000000000000e+04,1.990200000000000000e+04,1.999500000000000000e+04,2.008800000000000000e+04,2.018100000000000000e+04,2.027400000000000000e+04,2.036700000000000000e+04,2.046000000000000000e+04,2.055300000000000000e+04,2.064600000000000000e+04,2.073900000000000000e+04,2.083200000000000000e+04,2.092500000000000000e+04,2.101800000000000000e+04,2.111100000000000000e+04,2.120400000000000000e+04,2.129700000000000000e+04,2.139000000000000000e+04,2.148300000000000000e+04,2.157600000000000000e+04,2.166900000000000000e+04,2.176200000000000000e+04,2.185500000000000000e+04,2.194800000000000000e+04,2.204100000000000000e+04,2.213400000000000000e+04,2.222700000000000000e+04,2.232000000000000000e+04,2.241300000000000000e+04,2.250600000000000000e+04,2.259900000000000000e+04,2.269200000000000000e+04,2.278500000000000000e+04,2.287800000000000000e+04,2.297100000000000000e+04,2.306400000000000000e+04,2.315700000000000000e+04,2.325000000000000000e+04,2.334300000000000000e+04,2.343600000000000000e+04,2.352900000000000000e+04,2.362200000000000000e+04,2.371500000000000000e+04,2.380800000000000000e+04,2.390100000000000000e+04,2.399400000000000000e+04,2.408700000000000000e+04,2.418000000000000000e+04,2.427300000000000000e+04,2.436600000000000000e+04,2.445900000000000000e+04,2.455200000000000000e+04,2.464500000000000000e+04,2.473800000000000000e+04,2.483100000000000000e+04,2.492400000000000000e+04,2.501700000000000000e+04,2.511000000000000000e+04,2.520300000000000000e+04,2.529600000000000000e+04,2.538900000000000000e+04,2.548200000000000000e+04,2.557500000000000000e+04,2.566800000000000000e+04,2.576100000000000000e+04,2.585400000000000000e+04,2.594700000000000000e+04,2.604000000000000000e+04,2.613300000000000000e+04,2.622600000000000000e+04,2.631900000000000000e+04,2.641200000000000000e+04,2.650500000000000000e+04,2.659800000000000000e+04,2.669100000000000000e+04,2.678400000000000000e+04,2.687700000000000000e+04,2.697000000000000000e+04,2.706300000000000000e+04,2.715600000000000000e+04,2.724900000000000000e+04,2.734200000000000000e+04,2.743500000000000000e+04,2.752800000000000000e+04,2.762100000000000000e+04,2.771400000000000000e+04,2.780700000000000000e+04
0.000000000000000000e+00,9.400000000000000000e+01,1.880000000000000000e+02,2.820000000000000000e+02,3.760000000000000000e+02,4.700000000000000000e+02,5.640000000000000000e+02,6.580000000000000000e+02,7.520000000000000000e+02,8.460000000000000000e+02,9.400000000000000000e+02,1.034000000000000000e+03,1.128000000000000000e+03,1.222000000000000000e+03,1.316000000000000000e+03,1.410000000000000000e+03,1.504000000000000000e+03,1.598000000000000000e+03,1.692000000000000000e+03,1.786000000000000000e+03,1.880000000000000000e+03,1.974000000000000000e+03,2.068000000000000000e+03,2.162000000000000000e+03,2.256000000000000000e+03,2.350000000000000000e+03,2.444000000000000000e+03,2.538000000000000000e+03,2.632000000000000000e+03,2.726000000000000000e+03,2.820000000000000000e+03,2.914000000000000000e+03,3.008000000000000000e+03,3.102000000000000000e+03,3.196000000000000000e+03,3.290000000000000000e+03,3.384000000000000000e+03,3.478000000000000000e+03,3.572000000000000000e+03,3.666000000000000000e+03,3.760000000000000000e+03,3.854000000000000000e+03,3.948000000000000000e+03,4.042000000000000000e+03,4.136000000000000000e+03,4.230000000000000000e+03,4.324000000000000000e+03,4.418000000000000000e+03,4.512000000000000000e+03,4.606000000000000000e+03,4.700000000000000000e+03,4.794000000000000000e+03,4.888000000000000000e+03,4.982000000000000000e+03,5.076000000000000000e+03,5.170000000000000000e+03,5.264000000000000000e+03,5.358000000000000000e+03,5.452000000000000000e+03,5.546000000000000000e+03,5.640000000000000000e+03,5.734000000000000000e+03,5.828000000000000000e+03,5.922000000000000000e+03,6.016000000000000000e+03,6.110000000000000000e+03,6.204000000000000000e+03,6.298000000000000000e+03,6.392000000000000000e+03,6.486000000000000000e+03,6.580000000000000000e+03,6.674000000000000000e+03,6.768000000000000000e+03,6.862000000000000000e+03,6.956000000000000000e+03,7.050000000000000000e+03,7.144000000000000000e+03,7.238000000000000000e+03,7.332000000000000000e+03,7.426000000000000000e+03,7.520000000000000000e+03,7.614000000000000000e+03,7.708000000000000000e+03,7.802000000000000000e+03,7.896000000000000000e+03,7.990000000000000000e+03,8.084000000000000000e+03,8.178000000000000000e+03,8.272000000000000000e+03,8.366000000000000000e+03,8.460000000000000000e+03,8.554000000000000000e+03,8.648000000000000000e+03,8.742000000000000000e+03,8.836000000000000000e+03,8.930000000000000000e+03,9.024000000000000000e+03,9.118000000000000000e+03,9.212000000000000000e+03,9.306000000000000000e+03,9.400000000000000000e+03,9.494000000000000000e+03,9.588000000000000000e+03,9.682000000000000000e+03,9.776000000000000000e+03,9.870000000000000000e+03,9.964000000000000000e+03,1.005800000000000000e+04,1.015200000000000000e+04,1.024600000000000000e+04,1.034000000000000000e+04,1.043400000000000000e+04,1.052800000000000000e+04,1.062200000000000000e+04,1.071600000000000000e+04,1.081000000000000000e+04,1.090400000000000000e+04,1.099800000000000000e+04,1.109200000000000000e+04,1.118600000000000000e+04,1.128000000000000000e+04,1.137400000000000000e+04,1.146800000000000000e+04,1.156200000000000000e+04,1.165600000000000000e+04,1.175000000000000000e+04,1.184400000000000000e+04,1.193800000000000000e+04,1.203200000000000000e+04,1.212600000000000000e+04,1.222000000000000000e+04,1.231400000000000000e+04,1.240800000000000000e+04,1.250200000000000000e+04,1.259600000000000000e+04,1.269000000000000000e+04,1.278400000000000000e+04,1.287800000000000000e+04,1.297200000000000000e+04,1.306600000000000000e+04,1.316000000000000000e+04,1.325400000000000000e+04,1.334800000000000000e+04,1.344200000000000000e+04,1.353600000000000000e+04,1.363000000000000000e+04,1.372400000000000000e+04,1.381800000000000000e+04,1.391200000000000000e+04,1.400600000000000000e+04,1.410000000000000000e+04,1.419400000000000000e+04,1.428800000000000000e+04,1.438200000000000000e+04,1.447600000000000000e+04,1.457000000000000000e+04,1.466400000000000000e+04,1.475800000000000000e+04,1.485200000000000000e+04,1.494600000000000000e+04,1.504000000000000000e+04,1.513400000000000000e+04,1.522800000000000000e+04,1.532200000000000000e+04,1.541600000000000000e+04,1.551000000000000000e+04,1.560400000000000000e+04,1.569800000000000000e+04,1.579200000000000000e+04,1.588600000000000000e+04,1.598000000000000000e+04,1.607400000000000000e+04,1.616800000000000000e+04,1.626200000000000000e+04,1.635600000000000000e+04,1.645000000000000000e+04,1.654400000000000000e+04,1.663800000000000000e+04,1.673200000000000000e+04,1.682600000000000000e+04,1.692000000000000000e+04,1.701400000000000000e+04,1.710800000000000000e+04,1.720200000000000000e+04,1.729600000000000000e+04,1.739000000000000000e+04,1.748400000000000000e+04,1.757800000000000000e+04,1.767200000000000000e+04,1.776600000000000000e+04,1.786000000000000000e+04,1.795400000000000000e+04,1.804800000000000000e+04,1.814200000000000000e+04,1.823600000000000000e+04,1.833000000000000000e+04,1.842400000000000000e+04,1.851800000000000000e+04,1.861200000000000000e+04,1.870600000000000000e+04,1.880000000000000000e+04,1.889400000000000000e+04,1.898800000000000000e+04,1.908200000000000000e+04,1.917600000000000000e+04,1.927000000000000000e+04,1.936400000000000000e+04,1.945800000000000000e+04,1.955200000000000000e+04,1.964600000000000000e+04,1.974000000000000000e+04,1.983400000000000000e+04,1.992800000000000000e+04,2.002200000000000000e+04,2.011600000000000000e+04,2.021000000000000000e+04,2.030400000000000000e+04,2.039800000000000000e+04,2.049200000000000000e+04,2.058600000000000000e+04,2.068000000000000000e+04,2.077400000000000000e+04,2.086800000000000000e+04,2.096200000000000000e+04,2.105600000000000000e+04,2.115000000000000000e+04,2.124400000000000000e+04,2.133800000000000000e+04,2.143200000000000000e+04,2.152600000000000000e+04,2.162000000000000000e+04,2.171400000000000000e+04,2.180800000000000000e+04,2.190200000000000000e+04,2.199600000000000000e+04,2.209000000000000000e+04,2.218400000000000000e+04,2.227800000000000000e+04,2.237200000000000000e+04,2.246600000000000000e+04,2.256000000000000000e+04,2.265400000000000000e+04,2.274800000000000000e+04,2.284200000000000000e+04,2.293600000000000000e+04,2.303000000000000000e+04,2.312400000000000000e+04,2.321800000000000000e+04,2.331200000000000000e+04,2.340600000000000000e+04,2.350000000000000000e+04,2.359400000000000000e+04,2.368800000000000000e+04,2.378200000000000000e+04,2.387600000000000000e+04,2.397000000000000000e+04,2.406400000000000000e+04,2.415800000000000000e+04,2.425200000000000000e+04,2.434600000000000000e+04,2.444000000000000000e+04,2.453400000000000000e+04,2.462800000000000000e+04,2.472200000000000000e+04,2.481600000000000000e+04,2.491000000000000000e+04,2.500400000000000000e+04,2.509800000000000000e+04,2.519200000000000000e+04,2.528600000000000000e+04,2.538000000000000000e+04,2.547400000000000000e+04,2.556800000000000000e+04,2.566200000000000000e+04,2.575600000000000000e+04,2.585000000000000000e+04,2.594400000000000000e+04,2.603800000000000000e+04,2.613200000000000000e+04,2.622600000000000000e+04,2.632000000000000000e+04,2.641400000000000000e+04,2.650800000000000000e+04,2.660200000000000000e+04,2.669600000000000000e+04,2.679000000000000000e+04,2.688400000000000000e+04,2.697800000000000000e+04,2.707200000000000000e+04,2.716600000000000000e+04,2.726000000000000000e+04,2.735400000000000000e+04,2.744800000000000000e+04,2.754200000000000000e+04,2.763600000000000000e+04,2.773000000000000000e+04,2.782400000000000000e+04,2.791800000000000000e+04,2.801200000000000000e+04,2.810600000000000000e+04
0.000000000000000000e+00,9.500000000000000000e+01,1.900000000000000000e+02,2.850000000000000000e+02,3.800000000000000000e+02,4.750000000000000000e+02,5.700000000000000000e+02,6.650000000000000000e+02,7.600000000000000000e+02,8.550000000000000000e+02,9.500000000000000000e+02,1.045000000000000000e+03,1.140000000000000000e+03,1.235000000000000000e+03,1.330000000000000000e+03,1.425000000000000000e+03,1.520000000000000000e+03,1.615000000000000000e+03,1.710000000000000000e+03,1.805000000000000000e+03,1.900000000000000000e+03,1.995000000000000000e+03,2.090000000000000000e+03,2.185000000000000000e+03,2.280000000000000000e+03,2.375000000000000000e+03,2.470000000000000000e+03,2.565000000000000000e+03,2.660000000000000000e+03,2.755000000000000000e+03,2.850000000000000000e+03,2.945000000000000000e+03,3.040000000000000000e+03,3.135000000000000000e+03,3.230000000000000000e+03,3.325000000000000000e+03,3.420000000000000000e+03,3.515000000000000000e+03,3.610000000000000000e+03,3.705000000000000000e+03,3.800000000000000000e+03,3.895000000000000000e+03,3.990000000000000000e+03,4.085000000000000000e+03,4.180000000000000000e+03,4.275000000000000000e+03,4.370000000000000000e+03,4.465000000000000000e+03,4.560000000000000000e+03,4.655000000000000000e+03,4.750000000000000000e+03,4.845000000000000000e+03,4.940000000000000000e+03,5.035000000000000000e+03,5.130000000000000000e+03,5.225000000000000000e+03,5.320000000000000000e+03,5.415000000000000000e+03,5.510000000000000000e+03,5.605000000000000000e+03,5.700000000000000000e+03,5.795000000000000000e+03,5.890000000000000000e+03,5.985000000000000000e+03,6.080000000000000000e+03,6.175000000000000000e+03,6.270000000000000000e+03,6.365000000000000000e+03,6.460000000000000000e+03,6.555000000000000000e+03,6.650000000000000000e+03,6.745000000000000000e+03,6.840000000000000000e+03,6.935000000000000000e+03,7.030000000000000000e+03,7.125000000000000000e+03,7.220000000000000000e+03,7.315000000000000000e+03,7.410000000000000000e+03,7.505000000000000000e+03,7.600000000000000000e+03,7.695000000000000000e+03,7.790000000000000000e+03,7.885000000000000000e+03,7.980000000000000000e+03,8.075000000000000000e+03,8.170000000000000000e+03,8.265000000000000000e+03,8.360000000000000000e+03,8.455000000000000000e+03,8.550000000000000000e+03,8.645000000000000000e+03,8.740000000000000000e+03,8.835000000000000000e+03,8.930000000000000000e+03,9.025000000000000000e+03,9.120000000000000000e+03,9.215000000000000000e+03,9.310000000000000000e+03,9.405000000000000000e+03,9.500000000000000000e+03,9.595000000000000000e+03,9.690000000000000000e+03,9.785000000000000000e+03,9.880000000000000000e+03,9.975000000000000000e+03,1.007000000000000000e+04,1.016500000000000000e+04,1.026000000000000000e+04,1.035500000000000000e+04,1.045000000000000000e+04,1.054500000000000000e+04,1.064000000000000000e+04,1.073500000000000000e+04,1.083000000000000000e+04,1.092500000000000000e+04,1.102000000000000000e+04,1.111500000000000000e+04,1.121000000000000000e+04,1.130500000000000000e+04,1.140000000000000000e+04,1.149500000000000000e+04,1.159000000000000000e+04,1.168500000000000000e+04,1.178000000000000000e+04,1.187500000000000000e+04,1.197000000000000000e+04,1.206500000000000000e+04,1.216000000000000000e+04,1.225500000000000000e+04,1.235000000000000000e+04,1.244500000000000000e+04,1.254000000000000000e+04,1.263500000000000000e+04,1.273000000000000000e+04,1.282500000000000000e+04,1.292000000000000000e+04,1.301500000000000000e+04,1.311000000000000000e+04,1.320500000000000000e+04,1.330000000000000000e+04,1.339500000000000000e+04,1.349000000000000000e+04,1.358500000000000000e+04,1.368000000000000000e+04,1.377500000000000000e+04,1.387000000000000000e+04,1.396500000000000000e+04,1.406000000000000000e+04,1.415500000000000000e+04,1.425000000000000000e+04,1.434500000000000000e+04,1.444000000000000000e+04,1.453500000000000000e+04,1.463000000000000000e+04,1.472500000000000000e+04,1.482000000000000000e+04,1.491500000000000000e+04,1.501000000000000000e+04,1.510500000000000000e+04,1.520000000000000000e+04,1.529500000000000000e+04,1.539000000000000000e+04,1.548500000000000000e+04,1.558000000000000000e+04,1.567500000000000000e+04,1.577000000000000000e+04,1.586500000000000000e+04,1.596000000000000000e+04,1.605500000000000000e+04,1.615000000000000000e+04,1.624500000000000000e+04,1.634000000000000000e+04,1.643500000000000000e+04,1.653000000000000000e+04,1.662500000000000000e+04,1.672000000000000000e+04,1.681500000000000000e+04,1.691000000000000000e+04,1.700500000000000000e+04,1.710000000000000000e+04,1.719500000000000000e+04,1.729000000000000000e+04,1.738500000000000000e+04,1.748000000000000000e+04,1.757500000000000000e+04,1.767000000000000000e+04,1.776500000000000000e+04,1.786000000000000000e+04,1.795500000000000000e+04,1.805000000000000000e+04,1.814500000000000000e+04,1.824000000000000000e+04,1.833500000000000000e+04,1.843000000000000000e+04,1.852500000000000000e+04,1.862000000000000000e+04,1.871500000000000000e+04,1.881000000000000000e+04,1.890500000000000000e+04,1.900000000000000000e+04,1.909500000000000000e+04,1.919000000000000000e+04,1.928500000000000000e+04,1.938000000000000000e+04,1.947500000000000000e+04,1.957000000000000000e+04,1.966500000000000000e+04,1.976000000000000000e+04,1.985500000000000000e+04,1.995000000000000000e+04,2.004500000000000000e+04,2.014000000000000000e+04,2.023500000000000000e+04,2.033000000000000000e+04,2.042500000000000000e+04,2.052000000000000000e+04,2.061500000000000000e+04,2.071000000000000000e+04,2.080500000000000000e+04,2.090000000000000000e+04,2.099500000000000000e+04,2.109000000000000000e+04,2.118500000000000000e+04,2.128000000000000000e+04,2.137500000000000000e+04,2.147000000000000000e+04,2.156500000000000000e+04,2.166000000000000000e+04,2.175500000000000000e+04,2.185000000000000000e+04,2.194500000000000000e+04,2.204000000000000000e+04,2.213500000000000000e+04,2.223000000000000000e+04,2.232500000000000000e+04,2.242000000000000000e+04,2.251500000000000000e+04,2.261000000000000000e+04,2.270500000000000000e+04,2.280000000000000000e+04,2.289500000000000000e+04,2.299000000000000000e+04,2.308500000000000000e+04,2.318000000000000000e+04,2.327500000000000000e+04,2.337000000000000000e+04,2.346500000000000000e+04,2.356000000000000000e+04,2.365500000000000000e+04,2.375000000000000000e+04,2.384500000000000000e+04,2.394000000000000000e+04,2.403500000000000000e+04,2.413000000000000000e+04,2.422500000000000000e+04,2.432000000000000000e+04,2.441500000000000000e+04,2.451000000000000000e+04,2.460500000000000000e+04,2.470000000000000000e+04,2.479500000000000000e+04,2.489000000000000000e+04,2.498500000000000000e+04,2.508000000000000000e+04,2.517500000000000000e+04,2.527000000000000000e+04,2.536500000000000000e+04,2.546000000000000000e+04,2.555500000000000000e+04,2.565000000000000000e+04,2.574500000000000000e+04,2.584000000000000000e+04,2.593500000000000000e+04,2.603000000000000000e+04,2.612500000000000000e+04,2.622000000000000000e+04,2.631500000000000000e+04,2.641000000000000000e+04,2.650500000000000000e+04,2.660000000000000000e+04,2.669500000000000000e+04,2.679000000000000000e+04,2.688500000000000000e+04,2.698000000000000000e+04,2.707500000000000000e+04,2.717000000000000000e+04,2.726500000000000000e+04,2.736000000000000000e+04,2.745500000000000000e+04,2.755000000000000000e+04,2.764500000000000000e+04,2.774000000000000000e+04,2.783500000000000000e+04,2.793000000000000000e+04,2.802500000000000000e+04,2.812000000000000000e+04,2.821500000000000000e+04,2.831000000000000000e+04,2.840500000000000000e+04
0.000000000000000000e+00,9.600000000000000000e+01,1.920000000000000000e+02,2.880000000000000000e+02,3.840000000000000000e+02,4.800000000000000000e+02,5.760000000000000000e+02,6.720000000000000000e+02,7.680000000000000000e+02,8.640000000000000000e+02,9.600000000000000000e+02,1.056000000000000000e+03,1.152000000000000000e+03,1.248000000000000000e+03,1.344000000000000000e+03,1.440000000000000000e+03,1.536000000000000000e+03,1.632000000000000000e+03,1.728000000000000000e+03,1.824000000000000000e+03,1.920000000000000000e+03,2.016000000000000000e+03,2.112000000000000000e+03,2.208000000000000000e+03,2.304000000000000000e+03,2.400000000000000000e+03,2.496000000000000000e+03,2.592000000000000000e+03,2.688000000000000000e+03,2.784000000000000000e+03,2.880000000000000000e+03,2.976000000000000000e+03,3.072000000000000000e+03,3.168000000000000000e+03,3.264000000000000000e+03,3.360000000000000000e+03,3.456000000000000000e+03,3.552000000000000000e+03,3.648000000000000000e+03,3.744000000000000000e+03,3.840000000000000000e+03,3.936000000000000000e+03,4.032000000000000000e+03,4.128000000000000000e+03,4.224000000000000000e+03,4.320000000000000000e+03,4.416000000000000000e+03,4.512000000000000000e+03,4.608000000000000000e+03,4.704000000000000000e+03,4.800000000000000000e+03,4.896000000000000000e+03,4.992000000000000000e+03,5.088000000000000000e+03,5.184000000000000000e+03,5.280000000000000000e+03,5.376000000000000000e+03,5.472000000000000000e+03,5.568000000000000000e+03,5.664000000000000000e+03,5.760000000000000000e+03,5.856000000000000000e+03,5.952000000000000000e+03,6.048000000000000000e+03,6.144000000000000000e+03,6.240000000000000000e+03,6.336000000000000000e+03,6.432000000000000000e+03,6.528000000000000000e+03,6.624000000000000000e+03,6.720000000000000000e+03,6.816000000000000000e+03,6.912000000000000000e+03,7.008000000000000000e+03,7.104000000000000000e+03,7.200000000000000000e+03,7.296000000000000000e+03,7.392000000000000000e+03,7.488000000000000000e+03,7.584000000000000000e+03,7.680000000000000000e+03,7.776000000000000000e+03,7.872000000000000000e+03,7.968000000000000000e+03,8.064000000000000000e+03,8.160000000000000000e+03,8.256000000000000000e+03,8.352000000000000000e+03,8.448000000000000000e+03,8.544000000000000000e+03,8.640000000000000000e+03,8.736000000000000000e+03,8.832000000000000000e+03,8.928000000000000000e+03,9.024000000000000000e+03,9.120000000000000000e+03,9.216000000000000000e+03,9.312000000000000000e+03,9.408000000000000000e+03,9.504000000000000000e+03,9.600000000000000000e+03,9.696000000000000000e+03,9.792000000000000000e+03,9.888000000000000000e+03,9.984000000000000000e+03,1.008000000000000000e+04,1.017600000000000000e+04,1.027200000000000000e+04,1.036800000000000000e+04,1.046400000000000000e+04,1.056000000000000000e+04,1.065600000000000000e+04,1.075200000000000000e+04,1.084800000000000000e+04,1.094400000000000000e+04,1.104000000000000000e+04,1.113600000000000000e+04,1.123200000000000000e+04,1.132800000000000000e+04,1.142400000000000000e+04,1.152000000000000000e+04,1.161600000000000000e+04,1.171200000000000000e+04,1.180800000000000000e+04,1.190400000000000000e+04,1.200000000000000000e+04,1.209600000000000000e+04,1.219200000000000000e+04,1.228800000000000000e+04,1.238400000000000000e+04,1.248000000000000000e+04,1.257600000000000000e+04,1.267200000000000000e+04,1.276800000000000000e+04,1.286400000000000000e+04,1.296000000000000000e+04,1.305600000000000000e+04,1.315200000000000000e+04,1.324800000000000000e+04,1.334400000000000000e+04,1.344000000000000000e+04,1.353600000000000000e+04,1.363200000000000000e+04,1.372800000000000000e+04,1.382400000000000000e+04,1.392000000000000000e+04,1.401600000000000000e+04,1.411200000000000000e+04,1.420800000000000000e+04,1.430400000000000000e+04,1.440000000000000000e+04,1.449600000000000000e+04,1.459200000000000000e+04,1.468800000000000000e+04,1.478400000000000000e+04,1.488000000000000000e+04,1.497600000000000000e+04,1.507200000000000000e+04,1.516800000000000000e+04,1.526400000000000000e+04,1.536000000000000000e+04,1.545600000000000000e+04,1.555200000000000000e+04,1.564800000000000000e+04,1.574400000000000000e+04,1.584000000000000000e+04,1.593600000000000000e+04,1.603200000000000000e+04,1.612800000000000000e+04,1.622400000000000000e+04,1.632000000000000000e+04,1.641600000000000000e+04,1.651200000000000000e+04,1.660800000000000000e+04,1.670400000000000000e+04,1.680000000000000000e+04,1.689600000000000000e+04,1.699200000000000000e+04,1.708800000000000000e+04,1.718400000000000000e+04,1.728000000000000000e+04,1.737600000000000000e+04,1.747200000000000000e+04,1.756800000000000000e+04,1.766400000000000000e+04,1.776000000000000000e+04,1.785600000000000000e+04,1.795200000000000000e+04,1.804800000000000000e+04,1.814400000000000000e+04,1.824000000000000000e+04,1.833600000000000000e+04,1.843200000000000000e+04,1.852800000000000000e+04,1.862400000000000000e+04,1.872000000000000000e+04,1.881600000000000000e+04,1.891200000000000000e+04,1.900800000000000000e+04,1.910400000000000000e+04,1.920000000000000000e+04,1.929600000000000000e+04,1.939200000000000000e+04,1.948800000000000000e+04,1.958400000000000000e+04,1.968000000000000000e+04,1.977600000000000000e+04,1.987200000000000000e+04,1.996800000000000000e+04,2.006400000000000000e+04,2.016000000000000000e+04,2.025600000000000000e+04,2.035200000000000000e+04,2.044800000000000000e+04,2.054400000000000000e+04,2.064000000000000000e+04,2.073600000000000000e+04,2.083200000000000000e+04,2.092800000000000000e+04,2.102400000000000000e+04,2.112000000000000000e+04,2.121600000000000000e+04,2.131200000000000000e+04,2.140800000000000000e+04,2.150400000000000000e+04,2.160000000000000000e+04,2.169600000000000000e+04,2.179200000000000000e+04,2.188800000000000000e+04,2.198400000000000000e+04,2.208000000000000000e+04,2.217600000000000000e+04,2.227200000000000000e+04,2.236800000000000000e+04,2.246400000000000000e+04,2.256000000000000000e+04,2.265600000000000000e+04,2.275200000000000000e+04,2.284800000000000000e+04,2.294400000000000000e+04,2.304000000000000000e+04,2.313600000000000000e+04,2.323200000000000000e+04,2.332800000000000000e+04,2.342400000000000000e+04,2.352000000000000000e+04,2.361600000000000000e+04,2.371200000000000000e+04,2.380800000000000000e+04,2.390400000000000000e+04,2.400000000000000000e+04,2.409600000000000000e+04,2.419200000000000000e+04,2.428800000000000000e+04,2.438400000000000000e+04,2.448000000000000000e+04,2.457600000000000000e+04,2.467200000000000000e+04,2.476800000000000000e+04,2.486400000000000000e+04,2.496000000000000000e+04,2.505600000000000000e+04,2.515200000000000000e+04,2.524800000000000000e+04,2.534400000000000000e+04,2.544000000000000000e+04,2.553600000000000000e+04,2.563200000000000000e+04,2.572800000000000000e+04,2.582400000000000000e+04,2.592000000000000000e+04,2.601600000000000000e+04,2.611200000000000000e+04,2.620800000000000000e+04,2.630400000000000000e+04,2.640000000000000000e+04,2.649600000000000000e+04,2.659200000000000000e+04,2.668800000000000000e+04,2.678400000000000000e+04,2.688000000000000000e+04,2.697600000000000000e+04,2.707200000000000000e+04,2.716800000000000000e+04,2.726400000000000000e+04,2.736000000000000000e+04,2.745600000000000000e+04,2.755200000000000000e+04,2.764800000000000000e+04,2.774400000000000000e+04,2.784000000000000000e+04,2.793600000000000000e+04,2.803200000000000000e+04,2.812800000000000000e+04,2.822400000000000000e+04,2.832000000000000000e+04,2.841600000000000000e+04,2.851200000000000000e+04,2.860800000000000000e+04,2.870400000000000000e+04
0.000000000000000000e+00,9.700000000000000000e+01,1.940000000000000000e+02,2.910000000000000000e+02,3.880000000000000000e+02,4.850000000000000000e+02,5.820000000000000000e+02,6.790000000000000000e+02,7.760000000000000000e+02,8.730000000000000000e+02,9.700000000000000000e+02,1.067000000000000000e+03,1.164000000000000000e+03,1.261000000000000000e+03,1.358000000000000000e+03,1.455000000000000000e+03,1.552000000000000000e+03,1.649000000000000000e+03,1.746000000000000000e+03,1.843000000000000000e+03,1.940000000000000000e+03,2.037000000000000000e+03,2.134000000000000000e+03,2.231000000000000000e+03,2.328000000000000000e+03,2.425000000000000000e+03,2.522000000000000000e+03,2.619000000000000000e+03,2.716000000000000000e+03,2.813000000000000000e+03,2.910000000000000000e+03,3.007000000000000000e+03,3.104000000000000000e+03,3.201000000000000000e+03,3.298000000000000000e+03,3.395000000000000000e+03,3.492000000000000000e+03,3.589000000000000000e+03,3.686000000000000000e+03,3.783000000000000000e+03,3.880000000000000000e+03,3.977000000000000000e+03,4.074000000000000000e+03,4.171000000000000000e+03,4.268000000000000000e+03,4.365000000000000000e+03,4.462000000000000000e+03,4.559000000000000000e+03,4.656000000000000000e+03,4.753000000000000000e+03,4.850000000000000000e+03,4.947000000000000000e+03,5.044000000000000000e+03,5.141000000000000000e+03,5.238000000000000000e+03,5.335000000000000000e+03,5.432000000000000000e+03,5.529000000000000000e+03,5.626000000000000000e+03,5.723000000000000000e+03,5.820000000000000000e+03,5.917000000000000000e+03,6.014000000000000000e+03,6.111000000000000000e+03,6.208000000000000000e+03,6.305000000000000000e+03,6.402000000000000000e+03,6.499000000000000000e+03,6.596000000000000000e+03,6.693000000000000000e+03,6.790000000000000000e+03,6.887000000000000000e+03,6.984000000000000000e+03,7.081000000000000000e+03,7.178000000000000000e+03,7.275000000000000000e+03,7.372000000000000000e+03,7.469000000000000000e+03,7.566000000000000000e+03,7.663000000000000000e+03,7.760000000000000000e+03,7.857000000000000000e+03,7.954000000000000000e+03,8.051000000000000000e+03,8.148000000000000000e+03,8.245000000000000000e+03,8.342000000000000000e+03,8.439000000000000000e+03,8.536000000000000000e+03,8.633000000000000000e+03,8.730000000000000000e+03,8.827000000000000000e+03,8.924000000000000000e+03,9.021000000000000000e+03,9.118000000000000000e+03,9.215000000000000000e+03,9.312000000000000000e+03,9.409000000000000000e+03,9.506000000000000000e+03,9.603000000000000000e+03,9.700000000000000000e+03,9.797000000000000000e+03,9.894000000000000000e+03,9.991000000000000000e+03,1.008800000000000000e+04,1.018500000000000000e+04,1.028200000000000000e+04,1.037900000000000000e+04,1.047600000000000000e+04,1.057300000000000000e+04,1.067000000000000000e+04,1.076700000000000000e+04,1.086400000000000000e+04,1.096100000000000000e+04,1.105800000000000000e+04,1.115500000000000000e+04,1.125200000000000000e+04,1.134900000000000000e+04,1.144600000000000000e+04,1.154300000000000000e+04,1.164000000000000000e+04,1.173700000000000000e+04,1.183400000000000000e+04,1.193100000000000000e+04,1.202800000000000000e+04,1.212500000000000000e+04,1.222200000000000000e+04,1.231900000000000000e+04,1.241600000000000000e+04,1.251300000000000000e+04,1.261000000000000000e+04,1.270700000000000000e+04,1.280400000000000000e+04,1.290100000000000000e+04,1.299800000000000000e+04,1.309500000000000000e+04,1.319200000000000000e+04,1.328900000000000000e+04,1.338600000000000000e+04,1.348300000000000000e+04,1.358000000000000000e+04,1.367700000000000000e+04,1.377400000000000000e+04,1.387100000000000000e+04,1.396800000000000000e+04,1.406500000000000000e+04,1.416200000000000000e+04,1.425900000000000000e+04,1.435600000000000000e+04,1.445300000000000000e+04,1.455000000000000000e+04,1.464700000000000000e+04,1.474400000000000000e+04,1.484100000000000000e+04,1.493800000000000000e+04,1.503500000000000000e+04,1.513200000000000000e+04,1.522900000000000000e+04,1.532600000000000000e+04,1.542300000000000000e+04,1.552000000000000000e+04,1.561700000000000000e+04,1.571400000000000000e+04,1.581100000000000000e+04,1.590800000000000000e+04,1.600500000000000000e+04,1.610200000000000000e+04,1.619900000000000000e+04,1.629600000000000000e+04,1.639300000000000000e+04,1.649000000000000000e+04,1.658700000000000000e+04,1.668400000000000000e+04,1.678100000000000000e+04,1.687800000000000000e+04,1.697500000000000000e+04,1.707200000000000000e+04,1.716900000000000000e+04,1.726600000000000000e+04,1.736300000000000000e+04,1.746000000000000000e+04,1.755700000000000000e+04,1.765400000000000000e+04,1.775100000000000000e+04,1.784800000000000000e+04,1.794500000000000000e+04,1.804200000000000000e+04,1.813900000000000000e+04,1.823600000000000000e+04,1.833300000000000000e+04,1.843000000000000000e+04,1.852700000000000000e+04,1.862400000000000000e+04,1.872100000000000000e+04,1.881800000000000000e+04,1.891500000000000000e+04,1.901200000000000000e+04,1.910900000000000000e+04,1.920600000000000000e+04,1.930300000000000000e+04,1.940000000000000000e+04,1.949700000000000000e+04,1.959400000000000000e+04,1.969100000000000000e+04,1.978800000000000000e+04,1.988500000000000000e+04,1.998200000000000000e+04,2.007900000000000000e+04,2.017600000000000000e+04,2.027300000000000000e+04,2.037000000000000000e+04,2.046700000000000000e+04,2.056400000000000000e+04,2.066100000000000000e+04,2.075800000000000000e+04,2.085500000000000000e+04,2.095200000000000000e+04,2.104900000000000000e+04,2.114600000000000000e+04,2.124300000000000000e+04,2.134000000000000000e+04,2.143700000000000000e+04,2.153400000000000000e+04,2.163100000000000000e+04,2.172800000000000000e+04,2.182500000000000000e+04,2.192200000000000000e+04,2.201900000000000000e+04,2.211600000000000000e+04,2.221300000000000000e+04,2.231000000000000000e+04,2.240700000000000000e+04,2.250400000000000000e+04,2.260100000000000000e+04,2.269800000000000000e+04,2.279500000000000000e+04,2.289200000000000000e+04,2.298900000000000000e+04,2.308600000000000000e+04,2.318300000000000000e+04,2.328000000000000000e+04,2.337700000000000000e+04,2.347400000000000000e+04,2.357100000000000000e+04,2.366800000000000000e+04,2.376500000000000000e+04,2.386200000000000000e+04,2.395900000000000000e+04,2.405600000000000000e+04,2.415300000000000000e+04,2.425000000000000000e+04,2.434700000000000000e+04,2.444400000000000000e+04,2.454100000000000000e+04,2.463800000000000000e+04,2.473500000000000000e+04,2.483200000000000000e+04,2.492900000000000000e+04,2.502600000000000000e+04,2.512300000000000000e+04,2.522000000000000000e+04,2.531700000000000000e+04,2.541400000000000000e+04,2.551100000000000000e+04,2.560800000000000000e+04,2.570500000000000000e+04,2.580200000000000000e+04,2.589900000000000000e+04,2.599600000000000000e+04,2.609300000000000000e+04,2.619000000000000000e+04,2.628700000000000000e+04,2.638400000000000000e+04,2.648100000000000000e+04,2.657800000000000000e+04,2.667500000000000000e+04,2.677200000000000000e+04,2.686900000000000000e+04,2.696600000000000000e+04,2.706300000000000000e+04,2.716000000000000000e+04,2.725700000000000000e+04,2.735400000000000000e+04,2.745100000000000000e+04,2.754800000000000000e+04,2.764500000000000000e+04,2.774200000000000000e+04,2.783900000000000000e+04,2.793600000000000000e+04,2.803300000000000000e+04,2.813000000000000000e+04,2.822700000000000000e+04,2.832400000000000000e+04,2.842100000000000000e+04,2.851800000000000000e+04,2.861500000000000000e+04,2.871200000000000000e+04,2.880900000000000000e+04,2.890600000000000000e+04,2.900300000000000000e+04
0.000000000000000000e+00,9.800000000000000000e+01,1.960000000000000000e+02,2.940000000000000000e+02,3.920000000000000000e+02,4.900000000000000000e+02,5.880000000000000000e+02,6.860000000000000000e+02,7.840000000000000000e+02,8.820000000000000000e+02,9.800000000000000000e+02,1.078000000000000000e+03,1.176000000000000000e+03,1.274000000000000000e+03,1.372000000000000000e+03,1.470000000000000000e+03,1.568000000000000000e+03,1.666000000000000000e+03,1.764000000000000000e+03,1.862000000000000000e+03,1.960000000000000000e+03,2.058000000000000000e+03,2.156000000000000000e+03,2.254000000000000000e+03,2.352000000000000000e+03,2.450000000000000000e+03,2.548000000000000000e+03,2.646000000000000000e+03,2.744000000000000000e+03,2.842000000000000000e+03,2.940000000000000000e+03,3.038000000000000000e+03,3.136000000000000000e+03,3.234000000000000000e+03,3.332000000000000000e+03,3.430000000000000000e+03,3.528000000000000000e+03,3.626000000000000000e+03,3.724000000000000000e+03,3.822000000000000000e+03,3.920000000000000000e+03,4.018000000000000000e+03,4.116000000000000000e+03,4.214000000000000000e+03,4.312000000000000000e+03,4.410000000000000000e+03,4.508000000000000000e+03,4.606000000000000000e+03,4.704000000000000000e+03,4.802000000000000000e+03,4.900000000000000000e+03,4.998000000000000000e+03,5.096000000000000000e+03,5.194000000000000000e+03,5.292000000000000000e+03,5.390000000000000000e+03,5.488000000000000000e+03,5.586000000000000000e+03,5.684000000000000000e+03,5.782000000000000000e+03,5.880000000000000000e+03,5.978000000000000000e+03,6.076000000000000000e+03,6.174000000000000000e+03,6.272000000000000000e+03,6.370000000000000000e+03,6.468000000000000000e+03,6.566000000000000000e+03,6.664000000000000000e+03,6.762000000000000000e+03,6.860000000000000000e+03,6.958000000000000000e+03,7.056000000000000000e+03,7.154000000000000000e+03,7.252000000000000000e+03,7.350000000000000000e+03,7.448000000000000000e+03,7.546000000000000000e+03,7.644000000000000000e+03,7.742000000000000000e+03,7.840000000000000000e+03,7.938000000000000000e+03,8.036000000000000000e+03,8.134000000000000000e+03,8.232000000000000000e+03,8.330000000000000000e+03,8.428000000000000000e+03,8.526000000000000000e+03,8.624000000000000000e+03,8.722000000000000000e+03,8.820000000000000000e+03,8.918000000000000000e+03,9.016000000000000000e+03,9.114000000000000000e+03,9.212000000000000000e+03,9.310000000000000000e+03,9.408000000000000000e+03,9.506000000000000000e+03,9.604000000000000000e+03,9.702000000000000000e+03,9.800000000000000000e+03,9.898000000000000000e+03,9.996000000000000000e+03,1.009400000000000000e+04,1.019200000000000000e+04,1.029000000000000000e+04,1.038800000000000000e+04,1.048600000000000000e+04,1.058400000000000000e+04,1.068200000000000000e+04,1.078000000000000000e+04,1.087800000000000000e+04,1.097600000000000000e+04,1.107400000000000000e+04,1.117200000000000000e+04,1.127000000000000000e+04,1.136800000000000000e+04,1.146600000000000000e+04,1.156400000000000000e+04,1.166200000000000000e+04,1.176000000000000000e+04,1.185800000000000000e+04,1.195600000000000000e+04,1.205400000000000000e+04,1.215200000000000000e+04,1.225000000000000000e+04,1.234800000000000000e+04,1.244600000000000000e+04,1.254400000000000000e+04,1.264200000000000000e+04,1.274000000000000000e+04,1.283800000000000000e+04,1.293600000000000000e+04,1.303400000000000000e+04,1.313200000000000000e+04,1.323000000000000000e+04,1.332800000000000000e+04,1.342600000000000000e+04,1.352400000000000000e+04,1.362200000000000000e+04,1.372000000000000000e+04,1.381800000000000000e+04,1.391600000000000000e+04,1.401400000000000000e+04,1.411200000000000000e+04,1.421000000000000000e+04,1.430800000000000000e+04,1.440600000000000000e+04,1.450400000000000000e+04,1.460200000000000000e+04,1.470000000000000000e+04,1.479800000000000000e+04,1.489600000000000000e+04,1.499400000000000000e+04,1.509200000000000000e+04,1.519000000000000000e+04,1.528800000000000000e+04,1.538600000000000000e+04,1.548400000000000000e+04,1.558200000000000000e+04,1.568000000000000000e+04,1.577800000000000000e+04,1.587600000000000000e+04,1.597400000000000000e+04,1.607200000000000000e+04,1.617000000000000000e+04,1.626800000000000000e+04,1.636600000000000000e+04,1.646400000000000000e+04,1.656200000000000000e+04,1.666000000000000000e+04,1.675800000000000000e+04,1.685600000000000000e+04,1.695400000000000000e+04,1.705200000000000000e+04,1.715000000000000000e+04,1.724800000000000000e+04,1.734600000000000000e+04,1.744400000000000000e+04,1.754200000000000000e+04,1.764000000000000000e+04,1.773800000000000000e+04,1.783600000000000000e+04,1.793400000000000000e+04,1.803200000000000000e+04,1.813000000000000000e+04,1.822800000000000000e+04,1.832600000000000000e+04,1.842400000000000000e+04,1.852200000000000000e+04,1.862000000000000000e+04,1.871800000000000000e+04,1.881600000000000000e+04,1.891400000000000000e+04,1.901200000000000000e+04,1.911000000000000000e+04,1.920800000000000000e+04,1.930600000000000000e+04,1.940400000000000000e+04,1.950200000000000000e+04,1.960000000000000000e+04,1.969800000000000000e+04,1.979600000000000000e+04,1.989400000000000000e+04,1.999200000000000000e+04,2.009000000000000000e+04,2.018800000000000000e+04,2.028600000000000000e+04,2.038400000000000000e+04,2.048200000000000000e+04,2.058000000000000000e+04,2.067800000000000000e+04,2.077600000000000000e+04,2.087400000000000000e+04,2.097200000000000000e+04,2.107000000000000000e+04,2.116800000000000000e+04,2.126600000000000000e+04,2.136400000000000000e+04,2.146200000000000000e+04,2.156000000000000000e+04,2.165800000000000000e+04,2.175600000000000000e+04,2.185400000000000000e+04,2.195200000000000000e+04,2.205000000000000000e+04,2.214800000000000000e+04,2.224600000000000000e+04,2.234400000000000000e+04,2.244200000000000000e+04,2.254000000000000000e+04,2.263800000000000000e+04,2.273600000000000000e+04,2.283400000000000000e+04,2.293200000000000000e+04,2.303000000000000000e+04,2.312800000000000000e+04,2.322600000000000000e+04,2.332400000000000000e+04,2.342200000000000000e+04,2.352000000000000000e+04,2.361800000000000000e+04,2.371600000000000000e+04,2.381400000000000000e+04,2.391200000000000000e+04,2.401000000000000000e+04,2.410800000000000000e+04,2.420600000000000000e+04,2.430400000000000000e+04,2.440200000000000000e+04,2.450000000000000000e+04,2.459800000000000000e+04,2.469600000000000000e+04,2.479400000000000000e+04,2.489200000000000000e+04,2.499000000000000000e+04,2.508800000000000000e+04,2.518600000000000000e+04,2.528400000000000000e+04,2.538200000000000000e+04,2.548000000000000000e+04,2.557800000000000000e+04,2.567600000000000000e+04,2.577400000000000000e+04,2.587200000000000000e+04,2.597000000000000000e+04,2.606800000000000000e+04,2.616600000000000000e+04,2.626400000000000000e+04,2.636200000000000000e+04,2.646000000000000000e+04,2.655800000000000000e+04,2.665600000000000000e+04,2.675400000000000000e+04,2.685200000000000000e+04,2.695000000000000000e+04,2.704800000000000000e+04,2.714600000000000000e+04,2.724400000000000000e+04,2.734200000000000000e+04,2.744000000000000000e+04,2.753800000000000000e+04,2.763600000000000000e+04,2.773400000000000000e+04,2.783200000000000000e+04,2.793000000000000000e+04,2.802800000000000000e+04,2.812600000000000000e+04,2.822400000000000000e+04,2.832200000000000000e+04,2.842000000000000000e+04,2.851800000000000000e+04,2.861600000000000000e+04,2.871400000000000000e+04,2.881200000000000000e+04,2.891000000000000000e+04,2.900800000000000000e+04,2.910600000000000000e+04,2.920400000000000000e+04,2.930200000000000000e+04
0.000000000000000000e+00,9.900000000000000000e+01,1.980000000000000000e+02,2.970000000000000000e+02,3.960000000000000000e+02,4.950000000000000000e+02,5.940000000000000000e+02,6.930000000000000000e+02,7.920000000000000000e+02,8.910000000000000000e+02,9.900000000000000000e+02,1.089000000000000000e+03,1.188000000000000000e+03,1.287000000000000000e+03,1.386000000000000000e+03,1.485000000000000000e+03,1.584000000000000000e+03,1.683000000000000000e+03,1.782000000000000000e+03,1.881000000000000000e+03,1.980000000000000000e+03,2.079000000000000000e+03,2.178000000000000000e+03,2.277000000000000000e+03,2.376000000000000000e+03,2.475000000000000000e+03,2.574000000000000000e+03,2.673000000000000000e+03,2.772000000000000000e+03,2.871000000000000000e+03,2.970000000000000000e+03,3.069000000000000000e+03,3.168000000000000000e+03,3.267000000000000000e+03,3.366000000000000000e+03,3.465000000000000000e+03,3.564000000000000000e+03,3.663000000000000000e+03,3.762000000000000000e+03,3.861000000000000000e+03,3.960000000000000000e+03,4.059000000000000000e+03,4.158000000000000000e+03,4.257000000000000000e+03,4.356000000000000000e+03,4.455000000000000000e+03,4.554000000000000000e+03,4.653000000000000000e+03,4.752000000000000000e+03,4.851000000000000000e+03,4.950000000000000000e+03,5.049000000000000000e+03,5.148000000000000000e+03,5.247000000000000000e+03,5.346000000000000000e+03,5.445000000000000000e+03,5.544000000000000000e+03,5.643000000000000000e+03,5.742000000000000000e+03,5.841000000000000000e+03,5.940000000000000000e+03,6.039000000000000000e+03,6.138000000000000000e+03,6.237000000000000000e+03,6.336000000000000000e+03,6.435000000000000000e+03,6.534000000000000000e+03,6.633000000000000000e+03,6.732000000000000000e+03,6.831000000000000000e+03,6.930000000000000000e+03,7.029000000000000000e+03,7.128000000000000000e+03,7.227000000000000000e+03,7.326000000000000000e+03,7.425000000000000000e+03,7.524000000000000000e+03,7.623000000000000000e+03,7.722000000000000000e+03,7.821000000000000000e+03,7.920000000000000000e+03,8.019000000000000000e+03,8.118000000000000000e+03,8.217000000000000000e+03,8.316000000000000000e+03,8.415000000000000000e+03,8.514000000000000000e+03,8.613000000000000000e+03,8.712000000000000000e+03,8.811000000000000000e+03,8.910000000000000000e+03,9.009000000000000000e+03,9.108000000000000000e+03,9.207000000000000000e+03,9.306000000000000000e+03,9.405000000000000000e+03,9.504000000000000000e+03,9.603000000000000000e+03,9.702000000000000000e+03,9.801000000000000000e+03,9.900000000000000000e+03,9.999000000000000000e+03,1.009800000000000000e+04,1.019700000000000000e+04,1.029600000000000000e+04,1.039500000000000000e+04,1.049400000000000000e+04,1.059300000000000000e+04,1.069200000000000000e+04,1.079100000000000000e+04,1.089000000000000000e+04,1.098900000000000000e+04,1.108800000000000000e+04,1.118700000000000000e+04,1.128600000000000000e+04,1.138500000000000000e+04,1.148400000000000000e+04,1.158300000000000000e+04,1.168200000000000000e+04,1.178100000000000000e+04,1.188000000000000000e+04,1.197900000000000000e+04,1.207800000000000000e+04,1.217700000000000000e+04,1.227600000000000000e+04,1.237500000000000000e+04,1.247400000000000000e+04,1.257300000000000000e+04,1.267200000000000000e+04,1.277100000000000000e+04,1.287000000000000000e+04,1.296900000000000000e+04,1.306800000000000000e+04,1.316700000000000000e+04,1.326600000000000000e+04,1.336500000000000000e+04,1.346400000000000000e+04,1.356300000000000000e+04,1.366200000000000000e+04,1.376100000000000000e+04,1.386000000000000000e+04,1.395900000000000000e+04,1.405800000000000000e+04,1.415700000000000000e+04,1.425600000000000000e+04,1.435500000000000000e+04,1.445400000000000000e+04,1.455300000000000000e+04,1.465200000000000000e+04,1.475100000000000000e+04,1.485000000000000000e+04,1.494900000000000000e+04,1.504800000000000000e+04,1.514700000000000000e+04,1.524600000000000000e+04,1.534500000000000000e+04,1.544400000000000000e+04,1.554300000000000000e+04,1.564200000000000000e+04,1.574100000000000000e+04,1.584000000000000000e+04,1.593900000000000000e+04,1.603800000000000000e+04,1.613700000000000000e+04,1.623600000000000000e+04,1.633500000000000000e+04,1.643400000000000000e+04,1.653300000000000000e+04,1.663200000000000000e+04,1.673100000000000000e+04,1.683000000000000000e+04,1.692900000000000000e+04,1.702800000000000000e+04,1.712700000000000000e+04,1.722600000000000000e+04,1.732500000000000000e+04,1.742400000000000000e+04,1.752300000000000000e+04,1.762200000000000000e+04,1.772100000000000000e+04,1.782000000000000000e+04,1.791900000000000000e+04,1.801800000000000000e+04,1.811700000000000000e+04,1.821600000000000000e+04,1.831500000000000000e+04,1.841400000000000000e+04,1.851300000000000000e+04,1.861200000000000000e+04,1.871100000000000000e+04,1.881000000000000000e+04,1.890900000000000000e+04,1.900800000000000000e+04,1.910700000000000000e+04,1.920600000000000000e+04,1.930500000000000000e+04,1.940400000000000000e+04,1.950300000000000000e+04,1.960200000000000000e+04,1.970100000000000000e+04,1.980000000000000000e+04,1.989900000000000000e+04,1.999800000000000000e+04,2.009700000000000000e+04,2.019600000000000000e+04,2.029500000000000000e+04,2.039400000000000000e+04,2.049300000000000000e+04,2.059200000000000000e+04,2.069100000000000000e+04,2.079000000000000000e+04,2.088900000000000000e+04,2.098800000000000000e+04,2.108700000000000000e+04,2.118600000000000000e+04,2.128500000000000000e+04,2.138400000000000000e+04,2.148300000000000000e+04,2.158200000000000000e+04,2.168100000000000000e+04,2.178000000000000000e+04,2.187900000000000000e+04,2.197800000000000000e+04,2.207700000000000000e+04,2.217600000000000000e+04,2.227500000000000000e+04,2.237400000000000000e+04,2.247300000000000000e+04,2.257200000000000000e+04,2.267100000000000000e+04,2.277000000000000000e+04,2.286900000000000000e+04,2.296800000000000000e+04,2.306700000000000000e+04,2.316600000000000000e+04,2.326500000000000000e+04,2.336400000000000000e+04,2.346300000000000000e+04,2.356200000000000000e+04,2.366100000000000000e+04,2.376000000000000000e+04,2.385900000000000000e+04,2.395800000000000000e+04,2.405700000000000000e+04,2.415600000000000000e+04,2.425500000000000000e+04,2.435400000000000000e+04,2.445300000000000000e+04,2.455200000000000000e+04,2.465100000000000000e+04,2.475000000000000000e+04,2.484900000000000000e+04,2.494800000000000000e+04,2.504700000000000000e+04,2.514600000000000000e+04,2.524500000000000000e+04,2.534400000000000000e+04,2.544300000000000000e+04,2.554200000000000000e+04,2.564100000000000000e+04,2.574000000000000000e+04,2.583900000000000000e+04,2.593800000000000000e+04,2.603700000000000000e+04,2.613600000000000000e+04,2.623500000000000000e+04,2.633400000000000000e+04,2.643300000000000000e+04,2.653200000000000000e+04,2.663100000000000000e+04,2.673000000000000000e+04,2.682900000000000000e+04,2.692800000000000000e+04,2.702700000000000000e+04,2.712600000000000000e+04,2.722500000000000000e+04,2.732400000000000000e+04,2.742300000000000000e+04,2.752200000000000000e+04,2.762100000000000000e+04,2.772000000000000000e+04,2.781900000000000000e+04,2.791800000000000000e+04,2.801700000000000000e+04,2.811600000000000000e+04,2.821500000000000000e+04,2.831400000000000000e+04,2.841300000000000000e+04,2.851200000000000000e+04,2.861100000000000000e+04,2.871000000000000000e+04,2.880900000000000000e+04,2.890800000000000000e+04,2.900700000000000000e+04,2.910600000000000000e+04,2.920500000000000000e+04,2.930400000000000000e+04,2.940300000000000000e+04,2.950200000000000000e+04,2.960100000000000000e+04
0.000000000000000000e+00,1.000000000000000000e+02,2.000000000000000000e+02,3.000000000000000000e+02,4.000000000000000000e+02,5.000000000000000000e+02,6.000000000000000000e+02,7.000000000000000000e+02,8.000000000000000000e+02,9.000000000000000000e+02,1.000000000000000000e+03,1.100000000000000000e+03,1.200000000000000000e+03,1.300000000000000000e+03,1.400000000000000000e+03,1.500000000000000000e+03,1.600000000000000000e+03,1.700000000000000000e+03,1.800000000000000000e+03,1.900000000000000000e+03,2.000000000000000000e+03,2.100000000000000000e+03,2.200000000000000000e+03,2.300000000000000000e+03,2.400000000000000000e+03,2.500000000000000000e+03,2.600000000000000000e+03,2.700000000000000000e+03,2.800000000000000000e+03,2.900000000000000000e+03,3.000000000000000000e+03,3.100000000000000000e+03,3.200000000000000000e+03,3.300000000000000000e+03,3.400000000000000000e+03,3.500000000000000000e+03,3.600000000000000000e+03,3.700000000000000000e+03,3.800000000000000000e+03,3.900000000000000000e+03,4.000000000000000000e+03,4.100000000000000000e+03,4.200000000000000000e+03,4.300000000000000000e+03,4.400000000000000000e+03,4.500000000000000000e+03,4.600000000000000000e+03,4.700000000000000000e+03,4.800000000000000000e+03,4.900000000000000000e+03,5.000000000000000000e+03,5.100000000000000000e+03,5.200000000000000000e+03,5.300000000000000000e+03,5.400000000000000000e+03,5.500000000000000000e+03,5.600000000000000000e+03,5.700000000000000000e+03,5.800000000000000000e+03,5.900000000000000000e+03,6.000000000000000000e+03,6.100000000000000000e+03,6.200000000000000000e+03,6.300000000000000000e+03,6.400000000000000000e+03,6.500000000000000000e+03,6.600000000000000000e+03,6.700000000000000000e+03,6.800000000000000000e+03,6.900000000000000000e+03,7.000000000000000000e+03,7.100000000000000000e+03,7.200000000000000000e+03,7.300000000000000000e+03,7.400000000000000000e+03,7.500000000000000000e+03,7.600000000000000000e+03,7.700000000000000000e+03,7.800000000000000000e+03,7.900000000000000000e+03,8.000000000000000000e+03,8.100000000000000000e+03,8.200000000000000000e+03,8.300000000000000000e+03,8.400000000000000000e+03,8.500000000000000000e+03,8.600000000000000000e+03,8.700000000000000000e+03,8.800000000000000000e+03,8.900000000000000000e+03,9.000000000000000000e+03,9.100000000000000000e+03,9.200000000000000000e+03,9.300000000000000000e+03,9.400000000000000000e+03,9.500000000000000000e+03,9.600000000000000000e+03,9.700000000000000000e+03,9.800000000000000000e+03,9.900000000000000000e+03,1.000000000000000000e+04,1.010000000000000000e+04,1.020000000000000000e+04,1.030000000000000000e+04,1.040000000000000000e+04,1.050000000000000000e+04,1.060000000000000000e+04,1.070000000000000000e+04,1.080000000000000000e+04,1.090000000000000000e+04,1.100000000000000000e+04,1.110000000000000000e+04,1.120000000000000000e+04,1.130000000000000000e+04,1.140000000000000000e+04,1.150000000000000000e+04,1.160000000000000000e+04,1.170000000000000000e+04,1.180000000000000000e+04,1.190000000000000000e+04,1.200000000000000000e+04,1.210000000000000000e+04,1.220000000000000000e+04,1.230000000000000000e+04,1.240000000000000000e+04,1.250000000000000000e+04,1.260000000000000000e+04,1.270000000000000000e+04,1.280000000000000000e+04,1.290000000000000000e+04,1.300000000000000000e+04,1.310000000000000000e+04,1.320000000000000000e+04,1.330000000000000000e+04,1.340000000000000000e+04,1.350000000000000000e+04,1.360000000000000000e+04,1.370000000000000000e+04,1.380000000000000000e+04,1.390000000000000000e+04,1.400000000000000000e+04,1.410000000000000000e+04,1.420000000000000000e+04,1.430000000000000000e+04,1.440000000000000000e+04,1.450000000000000000e+04,1.460000000000000000e+04,1.470000000000000000e+04,1.480000000000000000e+04,1.490000000000000000e+04,1.500000000000000000e+04,1.510000000000000000e+04,1.520000000000000000e+04,1.530000000000000000e+04,1.540000000000000000e+04,1.550000000000000000e+04,1.560000000000000000e+04,1.570000000000000000e+04,1.580000000000000000e+04,1.590000000000000000e+04,1.600000000000000000e+04,1.610000000000000000e+04,1.620000000000000000e+04,1.630000000000000000e+04,1.640000000000000000e+04,1.650000000000000000e+04,1.660000000000000000e+04,1.670000000000000000e+04,1.680000000000000000e+04,1.690000000000000000e+04,1.700000000000000000e+04,1.710000000000000000e+04,1.720000000000000000e+04,1.730000000000000000e+04,1.740000000000000000e+04,1.750000000000000000e+04,1.760000000000000000e+04,1.770000000000000000e+04,1.780000000000000000e+04,1.790000000000000000e+04,1.800000000000000000e+04,1.810000000000000000e+04,1.820000000000000000e+04,1.830000000000000000e+04,1.840000000000000000e+04,1.850000000000000000e+04,1.860000000000000000e+04,1.870000000000000000e+04,1.880000000000000000e+04,1.890000000000000000e+04,1.900000000000000000e+04,1.910000000000000000e+04,1.920000000000000000e+04,1.930000000000000000e+04,1.940000000000000000e+04,1.950000000000000000e+04,1.960000000000000000e+04,1.970000000000000000e+04,1.980000000000000000e+04,1.990000000000000000e+04,2.000000000000000000e+04,2.010000000000000000e+04,2.020000000000000000e+04,2.030000000000000000e+04,2.040000000000000000e+04,2.050000000000000000e+04,2.060000000000000000e+04,2.070000000000000000e+04,2.080000000000000000e+04,2.090000000000000000e+04,2.100000000000000000e+04,2.110000000000000000e+04,2.120000000000000000e+04,2.130000000000000000e+04,2.140000000000000000e+04,2.150000000000000000e+04,2.160000000000000000e+04,2.170000000000000000e+04,2.180000000000000000e+04,2.190000000000000000e+04,2.200000000000000000e+04,2.210000000000000000e+04,2.220000000000000000e+04,2.230000000000000000e+04,2.240000000000000000e+04,2.250000000000000000e+04,2.260000000000000000e+04,2.270000000000000000e+04,2.280000000000000000e+04,2.290000000000000000e+04,2.300000000000000000e+04,2.310000000000000000e+04,2.320000000000000000e+04,2.330000000000000000e+04,2.340000000000000000e+04,2.350000000000000000e+04,2.360000000000000000e+04,2.370000000000000000e+04,2.380000000000000000e+04,2.390000000000000000e+04,2.400000000000000000e+04,2.410000000000000000e+04,2.420000000000000000e+04,2.430000000000000000e+04,2.440000000000000000e+04,2.450000000000000000e+04,2.460000000000000000e+04,2.470000000000000000e+04,2.480000000000000000e+04,2.490000000000000000e+04,2.500000000000000000e+04,2.510000000000000000e+04,2.520000000000000000e+04,2.530000000000000000e+04,2.540000000000000000e+04,2.550000000000000000e+04,2.560000000000000000e+04,2.570000000000000000e+04,2.580000000000000000e+04,2.590000000000000000e+04,2.600000000000000000e+04,2.610000000000000000e+04,2.620000000000000000e+04,2.630000000000000000e+04,2.640000000000000000e+04,2.650000000000000000e+04,2.660000000000000000e+04,2.670000000000000000e+04,2.680000000000000000e+04,2.690000000000000000e+04,2.700000000000000000e+04,2.710000000000000000e+04,2.720000000000000000e+04,2.730000000000000000e+04,2.740000000000000000e+04,2.750000000000000000e+04,2.760000000000000000e+04,2.770000000000000000e+04,2.780000000000000000e+04,2.790000000000000000e+04,2.800000000000000000e+04,2.810000000000000000e+04,2.820000000000000000e+04,2.830000000000000000e+04,2.840000000000000000e+04,2.850000000000000000e+04,2.860000000000000000e+04,2.870000000000000000e+04,2.880000000000000000e+04,2.890000000000000000e+04,2.900000000000000000e+04,2.910000000000000000e+04,2.920000000000000000e+04,2.930000000000000000e+04,2.940000000000000000e+04,2.950000000000000000e+04,2.960000000000000000e+04,2.970000000000000000e+04,2.980000000000000000e+04,2.990000000000000000e+04
0.000000000000000000e+00,1.010000000000000000e+02,2.020000000000000000e+02,3.030000000000000000e+02,4.040000000000000000e+02,5.050000000000000000e+02,6.060000000000000000e+02,7.070000000000000000e+02,8.080000000000000000e+02,9.090000000000000000e+02,1.010000000000000000e+03,1.111000000000000000e+03,1.212000000000000000e+03,1.313000000000000000e+03,1.414000000000000000e+03,1.515000000000000000e+03,1.616000000000000000e+03,1.717000000000000000e+03,1.818000000000000000e+03,1.919000000000000000e+03,2.020000000000000000e+03,2.121000000000000000e+03,2.222000000000000000e+03,2.323000000000000000e+03,2.424000000000000000e+03,2.525000000000000000e+03,2.626000000000000000e+03,2.727000000000000000e+03,2.828000000000000000e+03,2.929000000000000000e+03,3.030000000000000000e+03,3.131000000000000000e+03,3.232000000000000000e+03,3.333000000000000000e+03,3.434000000000000000e+03,3.535000000000000000e+03,3.636000000000000000e+03,3.737000000000000000e+03,3.838000000000000000e+03,3.939000000000000000e+03,4.040000000000000000e+03,4.141000000000000000e+03,4.242000000000000000e+03,4.343000000000000000e+03,4.444000000000000000e+03,4.545000000000000000e+03,4.646000000000000000e+03,4.747000000000000000e+03,4.848000000000000000e+03,4.949000000000000000e+03,5.050000000000000000e+03,5.151000000000000000e+03,5.252000000000000000e+03,5.353000000000000000e+03,5.454000000000000000e+03,5.555000000000000000e+03,5.656000000000000000e+03,5.757000000000000000e+03,5.858000000000000000e+03,5.959000000000000000e+03,6.060000000000000000e+03,6.161000000000000000e+03,6.262000000000000000e+03,6.363000000000000000e+03,6.464000000000000000e+03,6.565000000000000000e+03,6.666000000000000000e+03,6.767000000000000000e+03,6.868000000000000000e+03,6.969000000000000000e+03,7.070000000000000000e+03,7.171000000000000000e+03,7.272000000000000000e+03,7.373000000000000000e+03,7.474000000000000000e+03,7.575000000000000000e+03,7.676000000000000000e+03,7.777000000000000000e+03,7.878000000000000000e+03,7.979000000000000000e+03,8.080000000000000000e+03,8.181000000000000000e+03,8.282000000000000000e+03,8.383000000000000000e+03,8.484000000000000000e+03,8.585000000000000000e+03,8.686000000000000000e+03,8.787000000000000000e+03,8.888000000000000000e+03,8.989000000000000000e+03,9.090000000000000000e+03,9.191000000000000000e+03,9.292000000000000000e+03,9.393000000000000000e+03,9.494000000000000000e+03,9.595000000000000000e+03,9.696000000000000000e+03,9.797000000000000000e+03,9.898000000000000000e+03,9.999000000000000000e+03,1.010000000000000000e+04,1.020100000000000000e+04,1.030200000000000000e+04,1.040300000000000000e+04,1.050400000000000000e+04,1.060500000000000000e+04,1.070600000000000000e+04,1.080700000000000000e+04,1.090800000000000000e+04,1.100900000000000000e+04,1.111000000000000000e+04,1.121100000000000000e+04,1.131200000000000000e+04,1.141300000000000000e+04,1.151400000000000000e+04,1.161500000000000000e+04,1.171600000000000000e+04,1.181700000000000000e+04,1.191800000000000000e+04,1.201900000000000000e+04,1.212000000000000000e+04,1.222100000000000000e+04,1.232200000000000000e+04,1.242300000000000000e+04,1.252400000000000000e+04,1.262500000000000000e+04,1.272600000000000000e+04,1.282700000000000000e+04,1.292800000000000000e+04,1.302900000000000000e+04,1.313000000000000000e+04,1.323100000000000000e+04,1.333200000000000000e+04,1.343300000000000000e+04,1.353400000000000000e+04,1.363500000000000000e+04,1.373600000000000000e+04,1.383700000000000000e+04,1.393800000000000000e+04,1.403900000000000000e+04,1.414000000000000000e+04,1.424100000000000000e+04,1.434200000000000000e+04,1.444300000000000000e+04,1.454400000000000000e+04,1.464500000000000000e+04,1.474600000000000000e+04,1.484700000000000000e+04,1.494800000000000000e+04,1.504900000000000000e+04,1.515000000000000000e+04,1.525100000000000000e+04,1.535200000000000000e+04,1.545300000000000000e+04,1.555400000000000000e+04,1.565500000000000000e+04,1.575600000000000000e+04,1.585700000000000000e+04,1.595800000000000000e+04,1.605900000000000000e+04,1.616000000000000000e+04,1.626100000000000000e+04,1.636200000000000000e+04,1.646300000000000000e+04,1.656400000000000000e+04,1.666500000000000000e+04,1.676600000000000000e+04,1.686700000000000000e+04,1.696800000000000000e+04,1.706900000000000000e+04,1.717000000000000000e+04,1.727100000000000000e+04,1.737200000000000000e+04,1.747300000000000000e+04,1.757400000000000000e+04,1.767500000000000000e+04,1.777600000000000000e+04,1.787700000000000000e+04,1.797800000000000000e+04,1.807900000000000000e+04,1.818000000000000000e+04,1.828100000000000000e+04,1.838200000000000000e+04,1.848300000000000000e+04,1.858400000000000000e+04,1.868500000000000000e+04,1.878600000000000000e+04,1.888700000000000000e+04,1.898800000000000000e+04,1.908900000000000000e+04,1.919000000000000000e+04,1.929100000000000000e+04,1.939200000000000000e+04,1.949300000000000000e+04,1.959400000000000000e+04,1.969500000000000000e+04,1.979600000000000000e+04,1.989700000000000000e+04,1.999800000000000000e+04,2.009900000000000000e+04,2.020000000000000000e+04,2.030100000000000000e+04,2.040200000000000000e+04,2.050300000000000000e+04,2.060400000000000000e+04,2.070500000000000000e+04,2.080600000000000000e+04,2.090700000000000000e+04,2.100800000000000000e+04,2.110900000000000000e+04,2.121000000000000000e+04,2.131100000000000000e+04,2.141200000000000000e+04,2.151300000000000000e+04,2.161400000000000000e+04,2.171500000000000000e+04,2.181600000000000000e+04,2.191700000000000000e+04,2.201800000000000000e+04,2.211900000000000000e+04,2.222000000000000000e+04,2.232100000000000000e+04,2.242200000000000000e+04,2.252300000000000000e+04,2.262400000000000000e+04,2.272500000000000000e+04,2.282600000000000000e+04,2.292700000000000000e+04,2.302800000000000000e+04,2.312900000000000000e+04,2.323000000000000000e+04,2.333100000000000000e+04,2.343200000000000000e+04,2.353300000000000000e+04,2.363400000000000000e+04,2.373500000000000000e+04,2.383600000000000000e+04,2.393700000000000000e+04,2.403800000000000000e+04,2.413900000000000000e+04,2.424000000000000000e+04,2.434100000000000000e+04,2.444200000000000000e+04,2.454300000000000000e+04,2.464400000000000000e+04,2.474500000000000000e+04,2.484600000000000000e+04,2.494700000000000000e+04,2.504800000000000000e+04,2.514900000000000000e+04,2.525000000000000000e+04,2.535100000000000000e+04,2.545200000000000000e+04,2.555300000000000000e+04,2.565400000000000000e+04,2.575500000000000000e+04,2.585600000000000000e+04,2.595700000000000000e+04,2.605800000000000000e+04,2.615900000000000000e+04,2.626000000000000000e+04,2.636100000000000000e+04,2.646200000000000000e+04,2.656300000000000000e+04,2.666400000000000000e+04,2.676500000000000000e+04,2.686600000000000000e+04,2.696700000000000000e+04,2.706800000000000000e+04,2.716900000000000000e+04,2.727000000000000000e+04,2.737100000000000000e+04,2.747200000000000000e+04,2.757300000000000000e+04,2.767400000000000000e+04,2.777500000000000000e+04,2.787600000000000000e+04,2.797700000000000000e+04,2.807800000000000000e+04,2.817900000000000000e+04,2.828000000000000000e+04,2.838100000000000000e+04,2.848200000000000000e+04,2.858300000000000000e+04,2.868400000000000000e+04,2.878500000000000000e+04,2.888600000000000000e+04,2.898700000000000000e+04,2.908800000000000000e+04,2.918900000000000000e+04,2.929000000000000000e+04,2.939100000000000000e+04,2.949200000000000000e+04,2.959300000000000000e+04,2.969400000000000000e+04,2.979500000000000000e+04,2.989600000000000000e+04,2.999700000000000000e+04,3.009800000000000000e+04,3.019900000000000000e+04
0.000000000000000000e+00,1.020000000000000000e+02,2.040000000000000000e+02,3.060000000000000000e+02,4.080000000000000000e+02,5.100000000000000000e+02,6.120000000000000000e+02,7.140000000000000000e+02,8.160000000000000000e+02,9.180000000000000000e+02,1.020000000000000000e+03,1.122000000000000000e+03,1.224000000000000000e+03,1.326000000000000000e+03,1.428000000000000000e+03,1.530000000000000000e+03,1.632000000000000000e+03,1.734000000000000000e+03,1.836000000000000000e+03,1.938000000000000000e+03,2.040000000000000000e+03,2.142000000000000000e+03,2.244000000000000000e+03,2.346000000000000000e+03,2.448000000000000000e+03,2.550000000000000000e+03,2.652000000000000000e+03,2.754000000000000000e+03,2.856000000000000000e+03,2.958000000000000000e+03,3.060000000000000000e+03,3.162000000000000000e+03,3.264000000000000000e+03,3.366000000000000000e+03,3.468000000000000000e+03,3.570000000000000000e+03,3.672000000000000000e+03,3.774000000000000000e+03,3.876000000000000000e+03,3.978000000000000000e+03,4.080000000000000000e+03,4.182000000000000000e+03,4.284000000000000000e+03,4.386000000000000000e+03,4.488000000000000000e+03,4.590000000000000000e+03,4.692000000000000000e+03,4.794000000000000000e+03,4.896000000000000000e+03,4.998000000000000000e+03,5.100000000000000000e+03,5.202000000000000000e+03,5.304000000000000000e+03,5.406000000000000000e+03,5.508000000000000000e+03,5.610000000000000000e+03,5.712000000000000000e+03,5.814000000000000000e+03,5.916000000000000000e+03,6.018000000000000000e+03,6.120000000000000000e+03,6.222000000000000000e+03,6.324000000000000000e+03,6.426000000000000000e+03,6.528000000000000000e+03,6.630000000000000000e+03,6.732000000000000000e+03,6.834000000000000000e+03,6.936000000000000000e+03,7.038000000000000000e+03,7.140000000000000000e+03,7.242000000000000000e+03,7.344000000000000000e+03,7.446000000000000000e+03,7.548000000000000000e+03,7.650000000000000000e+03,7.752000000000000000e+03,7.854000000000000000e+03,7.956000000000000000e+03,8.058000000000000000e+03,8.160000000000000000e+03,8.262000000000000000e+03,8.364000000000000000e+03,8.466000000000000000e+03,8.568000000000000000e+03,8.670000000000000000e+03,8.772000000000000000e+03,8.874000000000000000e+03,8.976000000000000000e+03,9.078000000000000000e+03,9.180000000000000000e+03,9.282000000000000000e+03,9.384000000000000000e+03,9.486000000000000000e+03,9.588000000000000000e+03,9.690000000000000000e+03,9.792000000000000000e+03,9.894000000000000000e+03,9.996000000000000000e+03,1.009800000000000000e+04,1.020000000000000000e+04,1.030200000000000000e+04,1.040400000000000000e+04,1.050600000000000000e+04,1.060800000000000000e+04,1.071000000000000000e+04,1.081200000000000000e+04,1.091400000000000000e+04,1.101600000000000000e+04,1.111800000000000000e+04,1.122000000000000000e+04,1.132200000000000000e+04,1.142400000000000000e+04,1.152600000000000000e+04,1.162800000000000000e+04,1.173000000000000000e+04,1.183200000000000000e+04,1.193400000000000000e+04,1.203600000000000000e+04,1.213800000000000000e+04,1.224000000000000000e+04,1.234200000000000000e+04,1.244400000000000000e+04,1.254600000000000000e+04,1.264800000000000000e+04,1.275000000000000000e+04,1.285200000000000000e+04,1.295400000000000000e+04,1.305600000000000000e+04,1.315800000000000000e+04,1.326000000000000000e+04,1.336200000000000000e+04,1.346400000000000000e+04,1.356600000000000000e+04,1.366800000000000000e+04,1.377000000000000000e+04,1.387200000000000000e+04,1.397400000000000000e+04,1.407600000000000000e+04,1.417800000000000000e+04,1.428000000000000000e+04,1.438200000000000000e+04,1.448400000000000000e+04,1.458600000000000000e+04,1.468800000000000000e+04,1.479000000000000000e+04,1.489200000000000000e+04,1.499400000000000000e+04,1.509600000000000000e+04,1.519800000000000000e+04,1.530000000000000000e+04,1.540200000000000000e+04,1.550400000000000000e+04,1.560600000000000000e+04,1.570800000000000000e+04,1.581000000000000000e+04,1.591200000000000000e+04,1.601400000000000000e+04,1.611600000000000000e+04,1.621800000000000000e+04,1.632000000000000000e+04,1.642200000000000000e+04,1.652400000000000000e+04,1.662600000000000000e+04,1.672800000000000000e+04,1.683000000000000000e+04,1.693200000000000000e+04,1.703400000000000000e+04,1.713600000000000000e+04,1.723800000000000000e+04,1.734000000000000000e+04,1.744200000000000000e+04,1.754400000000000000e+04,1.764600000000000000e+04,1.774800000000000000e+04,1.785000000000000000e+04,1.795200000000000000e+04,1.805400000000000000e+04,1.815600000000000000e+04,1.825800000000000000e+04,1.836000000000000000e+04,1.846200000000000000e+04,1.856400000000000000e+04,1.866600000000000000e+04,1.876800000000000000e+04,1.887000000000000000e+04,1.897200000000000000e+04,1.907400000000000000e+04,1.917600000000000000e+04,1.927800000000000000e+04,1.938000000000000000e+04,1.948200000000000000e+04,1.958400000000000000e+04,1.968600000000000000e+04,1.978800000000000000e+04,1.989000000000000000e+04,1.999200000000000000e+04,2.009400000000000000e+04,2.019600000000000000e+04,2.029800000000000000e+04,2.040000000000000000e+04,2.050200000000000000e+04,2.060400000000000000e+04,2.070600000000000000e+04,2.080800000000000000e+04,2.091000000000000000e+04,2.101200000000000000e+04,2.111400000000000000e+04,2.121600000000000000e+04,2.131800000000000000e+04,2.142000000000000000e+04,2.152200000000000000e+04,2.162400000000000000e+04,2.172600000000000000e+04,2.182800000000000000e+04,2.193000000000000000e+04,2.203200000000000000e+04,2.213400000000000000e+04,2.223600000000000000e+04,2.233800000000000000e+04,2.244000000000000000e+04,2.254200000000000000e+04,2.264400000000000000e+04,2.274600000000000000e+04,2.284800000000000000e+04,2.295000000000000000e+04,2.305200000000000000e+04,2.315400000000000000e+04,2.325600000000000000e+04,2.335800000000000000e+04,2.346000000000000000e+04,2.356200000000000000e+04,2.366400000000000000e+04,2.376600000000000000e+04,2.386800000000000000e+04,2.397000000000000000e+04,2.407200000000000000e+04,2.417400000000000000e+04,2.427600000000000000e+04,2.437800000000000000e+04,2.448000000000000000e+04,2.458200000000000000e+04,2.468400000000000000e+04,2.478600000000000000e+04,2.488800000000000000e+04,2.499000000000000000e+04,2.509200000000000000e+04,2.519400000000000000e+04,2.529600000000000000e+04,2.539800000000000000e+04,2.550000000000000000e+04,2.560200000000000000e+04,2.570400000000000000e+04,2.580600000000000000e+04,2.590800000000000000e+04,2.601000000000000000e+04,2.611200000000000000e+04,2.621400000000000000e+04,2.631600000000000000e+04,2.641800000000000000e+04,2.652000000000000000e+04,2.662200000000000000e+04,2.672400000000000000e+04,2.682600000000000000e+04,2.692800000000000000e+04,2.703000000000000000e+04,2.713200000000000000e+04,2.723400000000000000e+04,2.733600000000000000e+04,2.743800000000000000e+04,2.754000000000000000e+04,2.764200000000000000e+04,2.774400000000000000e+04,2.784600000000000000e+04,2.794800000000000000e+04,2.805000000000000000e+04,2.815200000000000000e+04,2.825400000000000000e+04,2.835600000000000000e+04,2.845800000000000000e+04,2.856000000000000000e+04,2.866200000000000000e+04,2.876400000000000000e+04,2.886600000000000000e+04,2.896800000000000000e+04,2.907000000000000000e+04,2.917200000000000000e+04,2.927400000000000000e+04,2.937600000000000000e+04,2.947800000000000000e+04,2.958000000000000000e+04,2.968200000000000000e+04,2.978400000000000000e+04,2.988600000000000000e+04,2.998800000000000000e+04,3.009000000000000000e+04,3.019200000000000000e+04,3.029400000000000000e+04,3.039600000000000000e+04,3.049800000000000000e+04
0.000000000000000000e+00,1.030000000000000000e+02,2.060000000000000000e+02,3.090000000000000000e+02,4.120000000000000000e+02,5.150000000000000000e+02,6.180000000000000000e+02,7.210000000000000000e+02,8.240000000000000000e+02,9.270000000000000000e+02,1.030000000000000000e+03,1.133000000000000000e+03,1.236000000000000000e+03,1.339000000000000000e+03,1.442000000000000000e+03,1.545000000000000000e+03,1.648000000000000000e+03,1.751000000000000000e+03,1.854000000000000000e+03,1.957000000000000000e+03,2.060000000000000000e+03,2.163000000000000000e+03,2.266000000000000000e+03,2.369000000000000000e+03,2.472000000000000000e+03,2.575000000000000000e+03,2.678000000000000000e+03,2.781000000000000000e+03,2.884000000000000000e+03,2.987000000000000000e+03,3.090000000000000000e+03,3.193000000000000000e+03,3.296000000000000000e+03,3.399000000000000000e+03,3.502000000000000000e+03,3.605000000000000000e+03,3.708000000000000000e+03,3.811000000000000000e+03,3.914000000000000000e+03,4.017000000000000000e+03,4.120000000000000000e+03,4.223000000000000000e+03,4.326000000000000000e+03,4.429000000000000000e+03,4.532000000000000000e+03,4.635000000000000000e+03,4.738000000000000000e+03,4.841000000000000000e+03,4.944000000000000000e+03,5.047000000000000000e+03,5.150000000000000000e+03,5.253000000000000000e+03,5.356000000000000000e+03,5.459000000000000000e+03,5.562000000000000000e+03,5.665000000000000000e+03,5.768000000000000000e+03,5.871000000000000000e+03,5.974000000000000000e+03,6.077000000000000000e+03,6.180000000000000000e+03,6.283000000000000000e+03,6.386000000000000000e+03,6.489000000000000000e+03,6.592000000000000000e+03,6.695000000000000000e+03,6.798000000000000000e+03,6.901000000000000000e+03,7.004000000000000000e+03,7.107000000000000000e+03,7.210000000000000000e+03,7.313000000000000000e+03,7.416000000000000000e+03,7.519000000000000000e+03,7.622000000000000000e+03,7.725000000000000000e+03,7.828000000000000000e+03,7.931000000000000000e+03,8.034000000000000000e+03,8.137000000000000000e+03,8.240000000000000000e+03,8.343000000000000000e+03,8.446000000000000000e+03,8.549000000000000000e+03,8.652000000000000000e+03,8.755000000000000000e+03,8.858000000000000000e+03,8.961000000000000000e+03,9.064000000000000000e+03,9.167000000000000000e+03,9.270000000000000000e+03,9.373000000000000000e+03,9.476000000000000000e+03,9.579000000000000000e+03,9.682000000000000000e+03,9.785000000000000000e+03,9.888000000000000000e+03,9.991000000000000000e+03,1.009400000000000000e+04,1.019700000000000000e+04,1.030000000000000000e+04,1.040300000000000000e+04,1.050600000000000000e+04,1.060900000000000000e+04,1.071200000000000000e+04,1.081500000000000000e+04,1.091800000000000000e+04,1.102100000000000000e+04,1.112400000000000000e+04,1.122700000000000000e+04,1.133000000000000000e+04,1.143300000000000000e+04,1.153600000000000000e+04,1.163900000000000000e+04,1.174200000000000000e+04,1.184500000000000000e+04,1.194800000000000000e+04,1.205100000000000000e+04,1.215400000000000000e+04,1.225700000000000000e+04,1.236000000000000000e+04,1.246300000000000000e+04,1.256600000000000000e+04,1.266900000000000000e+04,1.277200000000000000e+04,1.287500000000000000e+04,1.297800000000000000e+04,1.308100000000000000e+04,1.318400000000000000e+04,1.328700000000000000e+04,1.339000000000000000e+04,1.349300000000000000e+04,1.359600000000000000e+04,1.369900000000000000e+04,1.380200000000000000e+04,1.390500000000000000e+04,1.400800000000000000e+04,1.411100000000000000e+04,1.421400000000000000e+04,1.431700000000000000e+04,1.442000000000000000e+04,1.452300000000000000e+04,1.462600000000000000e+04,1.472900000000000000e+04,1.483200000000000000e+04,1.493500000000000000e+04,1.503800000000000000e+04,1.514100000000000000e+04,1.524400000000000000e+04,1.534700000000000000e+04,1.545000000000000000e+04,1.555300000000000000e+04,1.565600000000000000e+04,1.575900000000000000e+04,1.586200000000000000e+04,1.596500000000000000e+04,1.606800000000000000e+04,1.617100000000000000e+04,1.627400000000000000e+04,1.637700000000000000e+04,1.648000000000000000e+04,1.658300000000000000e+04,1.668600000000000000e+04,1.678900000000000000e+04,1.689200000000000000e+04,1.699500000000000000e+04,1.709800000000000000e+04,1.720100000000000000e+04,1.730400000000000000e+04,1.740700000000000000e+04,1.751000000000000000e+04,1.761300000000000000e+04,1.771600000000000000e+04,1.781900000000000000e+04,1.792200000000000000e+04,1.802500000000000000e+04,1.812800000000000000e+04,1.823100000000000000e+04,1.833400000000000000e+04,1.843700000000000000e+04,1.854000000000000000e+04,1.864300000000000000e+04,1.874600000000000000e+04,1.884900000000000000e+04,1.895200000000000000e+04,1.905500000000000000e+04,1.915800000000000000e+04,1.926100000000000000e+04,1.936400000000000000e+04,1.946700000000000000e+04,1.957000000000000000e+04,1.967300000000000000e+04,1.977600000000000000e+04,1.987900000000000000e+04,1.998200000000000000e+04,2.008500000000000000e+04,2.018800000000000000e+04,2.029100000000000000e+04,2.039400000000000000e+04,2.049700000000000000e+04,2.060000000000000000e+04,2.070300000000000000e+04,2.080600000000000000e+04,2.090900000000000000e+04,2.101200000000000000e+04,2.111500000000000000e+04,2.121800000000000000e+04,2.132100000000000000e+04,2.142400000000000000e+04,2.152700000000000000e+04,2.163000000000000000e+04,2.173300000000000000e+04,2.183600000000000000e+04,2.193900000000000000e+04,2.204200000000000000e+04,2.214500000000000000e+04,2.224800000000000000e+04,2.235100000000000000e+04,2.245400000000000000e+04,2.255700000000000000e+04,2.266000000000000000e+04,2.276300000000000000e+04,2.286600000000000000e+04,2.296900000000000000e+04,2.307200000000000000e+04,2.317500000000000000e+04,2.327800000000000000e+04,2.338100000000000000e+04,2.348400000000000000e+04,2.358700000000000000e+04,2.369000000000000000e+04,2.379300000000000000e+04,2.389600000000000000e+04,2.399900000000000000e+04,2.410200000000000000e+04,2.420500000000000000e+04,2.430800000000000000e+04,2.441100000000000000e+04,2.451400000000000000e+04,2.461700000000000000e+04,2.472000000000000000e+04,2.482300000000000000e+04,2.492600000000000000e+04,2.502900000000000000e+04,2.513200000000000000e+04,2.523500000000000000e+04,2.533800000000000000e+04,2.544100000000000000e+04,2.554400000000000000e+04,2.564700000000000000e+04,2.575000000000000000e+04,2.585300000000000000e+04,2.595600000000000000e+04,2.605900000000000000e+04,2.616200000000000000e+04,2.626500000000000000e+04,2.636800000000000000e+04,2.647100000000000000e+04,2.657400000000000000e+04,2.667700000000000000e+04,2.678000000000000000e+04,2.688300000000000000e+04,2.698600000000000000e+04,2.708900000000000000e+04,2.719200000000000000e+04,2.729500000000000000e+04,2.739800000000000000e+04,2.750100000000000000e+04,2.760400000000000000e+04,2.770700000000000000e+04,2.781000000000000000e+04,2.791300000000000000e+04,2.801600000000000000e+04,2.811900000000000000e+04,2.822200000000000000e+04,2.832500000000000000e+04,2.842800000000000000e+04,2.853100000000000000e+04,2.863400000000000000e+04,2.873700000000000000e+04,2.884000000000000000e+04,2.894300000000000000e+04,2.904600000000000000e+04,2.914900000000000000e+04,2.925200000000000000e+04,2.935500000000000000e+04,2.945800000000000000e+04,2.956100000000000000e+04,2.966400000000000000e+04,2.976700000000000000e+04,2.987000000000000000e+04,2.997300000000000000e+04,3.007600000000000000e+04,3.017900000000000000e+04,3.028200000000000000e+04,3.038500000000000000e+04,3.048800000000000000e+04,3.059100000000000000e+04,3.069400000000000000e+04,3.079700000000000000e+04
0.000000000000000000e+00,1.040000000000000000e+02,2.080000000000000000e+02,3.120000000000000000e+02,4.160000000000000000e+02,5.200000000000000000e+02,6.240000000000000000e+02,7.280000000000000000e+02,8.320000000000000000e+02,9.360000000000000000e+02,1.040000000000000000e+03,1.144000000000000000e+03,1.248000000000000000e+03,1.352000000000000000e+03,1.456000000000000000e+03,1.560000000000000000e+03,1.664000000000000000e+03,1.768000000000000000e+03,1.872000000000000000e+03,1.976000000000000000e+03,2.080000000000000000e+03,2.184000000000000000e+03,2.288000000000000000e+03,2.392000000000000000e+03,2.496000000000000000e+03,2.600000000000000000e+03,2.704000000000000000e+03,2.808000000000000000e+03,2.912000000000000000e+03,3.016000000000000000e+03,3.120000000000000000e+03,3.224000000000000000e+03,3.328000000000000000e+03,3.432000000000000000e+03,3.536000000000000000e+03,3.640000000000000000e+03,3.744000000000000000e+03,3.848000000000000000e+03,3.952000000000000000e+03,4.056000000000000000e+03,4.160000000000000000e+03,4.264000000000000000e+03,4.368000000000000000e+03,4.472000000000000000e+03,4.576000000000000000e+03,4.680000000000000000e+03,4.784000000000000000e+03,4.888000000000000000e+03,4.992000000000000000e+03,5.096000000000000000e+03,5.200000000000000000e+03,5.304000000000000000e+03,5.408000000000000000e+03,5.512000000000000000e+03,5.616000000000000000e+03,5.720000000000000000e+03,5.824000000000000000e+03,5.928000000000000000e+03,6.032000000000000000e+03,6.136000000000000000e+03,6.240000000000000000e+03,6.344000000000000000e+03,6.448000000000000000e+03,6.552000000000000000e+03,6.656000000000000000e+03,6.760000000000000000e+03,6.864000000000000000e+03,6.968000000000000000e+03,7.072000000000000000e+03,7.176000000000000000e+03,7.280000000000000000e+03,7.384000000000000000e+03,7.488000000000000000e+03,7.592000000000000000e+03,7.696000000000000000e+03,7.800000000000000000e+03,7.904000000000000000e+03,8.008000000000000000e+03,8.112000000000000000e+03,8.216000000000000000e+03,8.320000000000000000e+03,8.424000000000000000e+03,8.528000000000000000e+03,8.632000000000000000e+03,8.736000000000000000e+03,8.840000000000000000e+03,8.944000000000000000e+03,9.048000000000000000e+03,9.152000000000000000e+03,9.256000000000000000e+03,9.360000000000000000e+03,9.464000000000000000e+03,9.568000000000000000e+03,9.672000000000000000e+03,9.776000000000000000e+03,9.880000000000000000e+03,9.984000000000000000e+03,1.008800000000000000e+04,1.019200000000000000e+04,1.029600000000000000e+04,1.040000000000000000e+04,1.050400000000000000e+04,1.060800000000000000e+04,1.071200000000000000e+04,1.081600000000000000e+04,1.092000000000000000e+04,1.102400000000000000e+04,1.112800000000000000e+04,1.123200000000000000e+04,1.133600000000000000e+04,1.144000000000000000e+04,1.154400000000000000e+04,1.164800000000000000e+04,1.175200000000000000e+04,1.185600000000000000e+04,1.196000000000000000e+04,1.206400000000000000e+04,1.216800000000000000e+04,1.227200000000000000e+04,1.237600000000000000e+04,1.248000000000000000e+04,1.258400000000000000e+04,1.268800000000000000e+04,1.279200000000000000e+04,1.289600000000000000e+04,1.300000000000000000e+04,1.310400000000000000e+04,1.320800000000000000e+04,1.331200000000000000e+04,1.341600000000000000e+04,1.352000000000000000e+04,1.362400000000000000e+04,1.372800000000000000e+04,1.383200000000000000e+04,1.393600000000000000e+04,1.404000000000000000e+04,1.414400000000000000e+04,1.424800000000000000e+04,1.435200000000000000e+04,1.445600000000000000e+04,1.456000000000000000e+04,1.466400000000000000e+04,1.476800000000000000e+04,1.487200000000000000e+04,1.497600000000000000e+04,1.508000000000000000e+04,1.518400000000000000e+04,1.528800000000000000e+04,1.539200000000000000e+04,1.549600000000000000e+04,1.560000000000000000e+04,1.570400000000000000e+04,1.580800000000000000e+04,1.591200000000000000e+04,1.601600000000000000e+04,1.612000000000000000e+04,1.622400000000000000e+04,1.632800000000000000e+04,1.643200000000000000e+04,1.653600000000000000e+04,1.664000000000000000e+04,1.674400000000000000e+04,1.684800000000000000e+04,1.695200000000000000e+04,1.705600000000000000e+04,1.716000000000000000e+04,1.726400000000000000e+04,1.736800000000000000e+04,1.747200000000000000e+04,1.757600000000000000e+04,1.768000000000000000e+04,1.778400000000000000e+04,1.788800000000000000e+04,1.799200000000000000e+04,1.809600000000000000e+04,1.820000000000000000e+04,1.830400000000000000e+04,1.840800000000000000e+04,1.851200000000000000e+04,1.861600000000000000e+04,1.872000000000000000e+04,1.882400000000000000e+04,1.892800000000000000e+04,1.903200000000000000e+04,1.913600000000000000e+04,1.924000000000000000e+04,1.934400000000000000e+04,1.944800000000000000e+04,1.955200000000000000e+04,1.965600000000000000e+04,1.976000000000000000e+04,1.986400000000000000e+04,1.996800000000000000e+04,2.007200000000000000e+04,2.017600000000000000e+04,2.028000000000000000e+04,2.038400000000000000e+04,2.048800000000000000e+04,2.059200000000000000e+04,2.069600000000000000e+04,2.080000000000000000e+04,2.090400000000000000e+04,2.100800000000000000e+04,2.111200000000000000e+04,2.121600000000000000e+04,2.132000000000000000e+04,2.142400000000000000e+04,2.152800000000000000e+04,2.163200000000000000e+04,2.173600000000000000e+04,2.184000000000000000e+04,2.194400000000000000e+04,2.204800000000000000e+04,2.215200000000000000e+04,2.225600000000000000e+04,2.236000000000000000e+04,2.246400000000000000e+04,2.256800000000000000e+04,2.267200000000000000e+04,2.277600000000000000e+04,2.288000000000000000e+04,2.298400000000000000e+04,2.308800000000000000e+04,2.319200000000000000e+04,2.329600000000000000e+04,2.340000000000000000e+04,2.350400000000000000e+04,2.360800000000000000e+04,2.371200000000000000e+04,2.381600000000000000e+04,2.392000000000000000e+04,2.402400000000000000e+04,2.412800000000000000e+04,2.423200000000000000e+04,2.433600000000000000e+04,2.444000000000000000e+04,2.454400000000000000e+04,2.464800000000000000e+04,2.475200000000000000e+04,2.485600000000000000e+04,2.496000000000000000e+04,2.506400000000000000e+04,2.516800000000000000e+04,2.527200000000000000e+04,2.537600000000000000e+04,2.548000000000000000e+04,2.558400000000000000e+04,2.568800000000000000e+04,2.579200000000000000e+04,2.589600000000000000e+04,2.600000000000000000e+04,2.610400000000000000e+04,2.620800000000000000e+04,2.631200000000000000e+04,2.641600000000000000e+04,2.652000000000000000e+04,2.662400000000000000e+04,2.672800000000000000e+04,2.683200000000000000e+04,2.693600000000000000e+04,2.704000000000000000e+04,2.714400000000000000e+04,2.724800000000000000e+04,2.735200000000000000e+04,2.745600000000000000e+04,2.756000000000000000e+04,2.766400000000000000e+04,2.776800000000000000e+04,2.787200000000000000e+04,2.797600000000000000e+04,2.808000000000000000e+04,2.818400000000000000e+04,2.828800000000000000e+04,2.839200000000000000e+04,2.849600000000000000e+04,2.860000000000000000e+04,2.870400000000000000e+04,2.880800000000000000e+04,2.891200000000000000e+04,2.901600000000000000e+04,2.912000000000000000e+04,2.922400000000000000e+04,2.932800000000000000e+04,2.943200000000000000e+04,2.953600000000000000e+04,2.964000000000000000e+04,2.974400000000000000e+04,2.984800000000000000e+04,2.995200000000000000e+04,3.005600000000000000e+04,3.016000000000000000e+04,3.026400000000000000e+04,3.036800000000000000e+04,3.047200000000000000e+04,3.057600000000000000e+04,3.068000000000000000e+04,3.078400000000000000e+04,3.088800000000000000e+04,3.099200000000000000e+04,3.109600000000000000e+04
0.000000000000000000e+00,1.050000000000000000e+02,2.100000000000000000e+02,3.150000000000000000e+02,4.200000000000000000e+02,5.250000000000000000e+02,6.300000000000000000e+02,7.350000000000000000e+02,8.400000000000000000e+02,9.450000000000000000e+02,1.050000000000000000e+03,1.155000000000000000e+03,1.260000000000000000e+03,1.365000000000000000e+03,1.470000000000000000e+03,1.575000000000000000e+03,1.680000000000000000e+03,1.785000000000000000e+03,1.890000000000000000e+03,1.995000000000000000e+03,2.100000000000000000e+03,2.205000000000000000e+03,2.310000000000000000e+03,2.415000000000000000e+03,2.520000000000000000e+03,2.625000000000000000e+03,2.730000000000000000e+03,2.835000000000000000e+03,2.940000000000000000e+03,3.045000000000000000e+03,3.150000000000000000e+03,3.255000000000000000e+03,3.360000000000000000e+03,3.465000000000000000e+03,3.570000000000000000e+03,3.675000000000000000e+03,3.780000000000000000e+03,3.885000000000000000e+03,3.990000000000000000e+03,4.095000000000000000e+03,4.200000000000000000e+03,4.305000000000000000e+03,4.410000000000000000e+03,4.515000000000000000e+03,4.620000000000000000e+03,4.725000000000000000e+03,4.830000000000000000e+03,4.935000000000000000e+03,5.040000000000000000e+03,5.145000000000000000e+03,5.250000000000000000e+03,5.355000000000000000e+03,5.460000000000000000e+03,5.565000000000000000e+03,5.670000000000000000e+03,5.775000000000000000e+03,5.880000000000000000e+03,5.985000000000000000e+03,6.090000000000000000e+03,6.195000000000000000e+03,6.300000000000000000e+03,6.405000000000000000e+03,6.510000000000000000e+03,6.615000000000000000e+03,6.720000000000000000e+03,6.825000000000000000e+03,6.930000000000000000e+03,7.035000000000000000e+03,7.140000000000000000e+03,7.245000000000000000e+03,7.350000000000000000e+03,7.455000000000000000e+03,7.560000000000000000e+03,7.665000000000000000e+03,7.770000000000000000e+03,7.875000000000000000e+03,7.980000000000000000e+03,8.085000000000000000e+03,8.190000000000000000e+03,8.295000000000000000e+03,8.400000000000000000e+03,8.505000000000000000e+03,8.610000000000000000e+03,8.715000000000000000e+03,8.820000000000000000e+03,8.925000000000000000e+03,9.030000000000000000e+03,9.135000000000000000e+03,9.240000000000000000e+03,9.345000000000000000e+03,9.450000000000000000e+03,9.555000000000000000e+03,9.660000000000000000e+03,9.765000000000000000e+03,9.870000000000000000e+03,9.975000000000000000e+03,1.008000000000000000e+04,1.018500000000000000e+04,1.029000000000000000e+04,1.039500000000000000e+04,1.050000000000000000e+04,1.060500000000000000e+04,1.071000000000000000e+04,1.081500000000000000e+04,1.092000000000000000e+04,1.102500000000000000e+04,1.113000000000000000e+04,1.123500000000000000e+04,1.134000000000000000e+04,1.144500000000000000e+04,1.155000000000000000e+04,1.165500000000000000e+04,1.176000000000000000e+04,1.186500000000000000e+04,1.197000000000000000e+04,1.207500000000000000e+04,1.218000000000000000e+04,1.228500000000000000e+04,1.239000000000000000e+04,1.249500000000000000e+04,1.260000000000000000e+04,1.270500000000000000e+04,1.281000000000000000e+04,1.291500000000000000e+04,1.302000000000000000e+04,1.312500000000000000e+04,1.323000000000000000e+04,1.333500000000000000e+04,1.344000000000000000e+04,1.354500000000000000e+04,1.365000000000000000e+04,1.375500000000000000e+04,1.386000000000000000e+04,1.396500000000000000e+04,1.407000000000000000e+04,1.417500000000000000e+04,1.428000000000000000e+04,1.438500000000000000e+04,1.449000000000000000e+04,1.459500000000000000e+04,1.470000000000000000e+04,1.480500000000000000e+04,1.491000000000000000e+04,1.501500000000000000e+04,1.512000000000000000e+04,1.522500000000000000e+04,1.533000000000000000e+04,1.543500000000000000e+04,1.554000000000000000e+04,1.564500000000000000e+04,1.575000000000000000e+04,1.585500000000000000e+04,1.596000000000000000e+04,1.606500000000000000e+04,1.617000000000000000e+04,1.627500000000000000e+04,1.638000000000000000e+04,1.648500000000000000e+04,1.659000000000000000e+04,1.669500000000000000e+04,1.680000000000000000e+04,1.690500000000000000e+04,1.701000000000000000e+04,1.711500000000000000e+04,1.722000000000000000e+04,1.732500000000000000e+04,1.743000000000000000e+04,1.753500000000000000e+04,1.764000000000000000e+04,1.774500000000000000e+04,1.785000000000000000e+04,1.795500000000000000e+04,1.806000000000000000e+04,1.816500000000000000e+04,1.827000000000000000e+04,1.837500000000000000e+04,1.848000000000000000e+04,1.858500000000000000e+04,1.869000000000000000e+04,1.879500000000000000e+04,1.890000000000000000e+04,1.900500000000000000e+04,1.911000000000000000e+04,1.921500000000000000e+04,1.932000000000000000e+04,1.942500000000000000e+04,1.953000000000000000e+04,1.963500000000000000e+04,1.974000000000000000e+04,1.984500000000000000e+04,1.995000000000000000e+04,2.005500000000000000e+04,2.016000000000000000e+04,2.026500000000000000e+04,2.037000000000000000e+04,2.047500000000000000e+04,2.058000000000000000e+04,2.068500000000000000e+04,2.079000000000000000e+04,2.089500000000000000e+04,2.100000000000000000e+04,2.110500000000000000e+04,2.121000000000000000e+04,2.131500000000000000e+04,2.142000000000000000e+04,2.152500000000000000e+04,2.163000000000000000e+04,2.173500000000000000e+04,2.184000000000000000e+04,2.194500000000000000e+04,2.205000000000000000e+04,2.215500000000000000e+04,2.226000000000000000e+04,2.236500000000000000e+04,2.247000000000000000e+04,2.257500000000000000e+04,2.268000000000000000e+04,2.278500000000000000e+04,2.289000000000000000e+04,2.299500000000000000e+04,2.310000000000000000e+04,2.320500000000000000e+04,2.331000000000000000e+04,2.341500000000000000e+04,2.352000000000000000e+04,2.362500000000000000e+04,2.373000000000000000e+04,2.383500000000000000e+04,2.394000000000000000e+04,2.404500000000000000e+04,2.415000000000000000e+04,2.425500000000000000e+04,2.436000000000000000e+04,2.446500000000000000e+04,2.457000000000000000e+04,2.467500000000000000e+04,2.478000000000000000e+04,2.488500000000000000e+04,2.499000000000000000e+04,2.509500000000000000e+04,2.520000000000000000e+04,2.530500000000000000e+04,2.541000000000000000e+04,2.551500000000000000e+04,2.562000000000000000e+04,2.572500000000000000e+04,2.583000000000000000e+04,2.593500000000000000e+04,2.604000000000000000e+04,2.614500000000000000e+04,2.625000000000000000e+04,2.635500000000000000e+04,2.646000000000000000e+04,2.656500000000000000e+04,2.667000000000000000e+04,2.677500000000000000e+04,2.688000000000000000e+04,2.698500000000000000e+04,2.709000000000000000e+04,2.719500000000000000e+04,2.730000000000000000e+04,2.740500000000000000e+04,2.751000000000000000e+04,2.761500000000000000e+04,2.772000000000000000e+04,2.782500000000000000e+04,2.793000000000000000e+04,2.803500000000000000e+04,2.814000000000000000e+04,2.824500000000000000e+04,2.835000000000000000e+04,2.845500000000000000e+04,2.856000000000000000e+04,2.866500000000000000e+04,2.877000000000000000e+04,2.887500000000000000e+04,2.898000000000000000e+04,2.908500000000000000e+04,2.919000000000000000e+04,2.929500000000000000e+04,2.940000000000000000e+04,2.950500000000000000e+04,2.961000000000000000e+04,2.971500000000000000e+04,2.982000000000000000e+04,2.992500000000000000e+04,3.003000000000000000e+04,3.013500000000000000e+04,3.024000000000000000e+04,3.034500000000000000e+04,3.045000000000000000e+04,3.055500000000000000e+04,3.066000000000000000e+04,3.076500000000000000e+04,3.087000000000000000e+04,3.097500000000000000e+04,3.108000000000000000e+04,3.118500000000000000e+04,3.129000000000000000e+04,3.139500000000000000e+04
0.000000000000000000e+00,1.060000000000000000e+02,2.120000000000000000e+02,3.180000000000000000e+02,4.240000000000000000e+02,5.300000000000000000e+02,6.360000000000000000e+02,7.420000000000000000e+02,8.480000000000000000e+02,9.540000000000000000e+02,1.060000000000000000e+03,1.166000000000000000e+03,1.272000000000000000e+03,1.378000000000000000e+03,1.484000000000000000e+03,1.590000000000000000e+03,1.696000000000000000e+03,1.802000000000000000e+03,1.908000000000000000e+03,2.014000000000000000e+03,2.120000000000000000e+03,2.226000000000000000e+03,2.332000000000000000e+03,2.438000000000000000e+03,2.544000000000000000e+03,2.650000000000000000e+03,2.756000000000000000e+03,2.862000000000000000e+03,2.968000000000000000e+03,3.074000000000000000e+03,3.180000000000000000e+03,3.286000000000000000e+03,3.392000000000000000e+03,3.498000000000000000e+03,3.604000000000000000e+03,3.710000000000000000e+03,3.816000000000000000e+03,3.922000000000000000e+03,4.028000000000000000e+03,4.134000000000000000e+03,4.240000000000000000e+03,4.346000000000000000e+03,4.452000000000000000e+03,4.558000000000000000e+03,4.664000000000000000e+03,4.770000000000000000e+03,4.876000000000000000e+03,4.982000000000000000e+03,5.088000000000000000e+03,5.194000000000000000e+03,5.300000000000000000e+03,5.406000000000000000e+03,5.512000000000000000e+03,5.618000000000000000e+03,5.724000000000000000e+03,5.830000000000000000e+03,5.936000000000000000e+03,6.042000000000000000e+03,6.148000000000000000e+03,6.254000000000000000e+03,6.360000000000000000e+03,6.466000000000000000e+03,6.572000000000000000e+03,6.678000000000000000e+03,6.784000000000000000e+03,6.890000000000000000e+03,6.996000000000000000e+03,7.102000000000000000e+03,7.208000000000000000e+03,7.314000000000000000e+03,7.420000000000000000e+03,7.526000000000000000e+03,7.632000000000000000e+03,7.738000000000000000e+03,7.844000000000000000e+03,7.950000000000000000e+03,8.056000000000000000e+03,8.162000000000000000e+03,8.268000000000000000e+03,8.374000000000000000e+03,8.480000000000000000e+03,8.586000000000000000e+03,8.692000000000000000e+03,8.798000000000000000e+03,8.904000000000000000e+03,9.010000000000000000e+03,9.116000000000000000e+03,9.222000000000000000e+03,9.328000000000000000e+03,9.434000000000000000e+03,9.540000000000000000e+03,9.646000000000000000e+03,9.752000000000000000e+03,9.858000000000000000e+03,9.964000000000000000e+03,1.007000000000000000e+04,1.017600000000000000e+04,1.028200000000000000e+04,1.038800000000000000e+04,1.049400000000000000e+04,1.060000000000000000e+04,1.070600000000000000e+04,1.081200000000000000e+04,1.091800000000000000e+04,1.102400000000000000e+04,1.113000000000000000e+04,1.123600000000000000e+04,1.134200000000000000e+04,1.144800000000000000e+04,1.155400000000000000e+04,1.166000000000000000e+04,1.176600000000000000e+04,1.187200000000000000e+04,1.197800000000000000e+04,1.208400000000000000e+04,1.219000000000000000e+04,1.229600000000000000e+04,1.240200000000000000e+04,1.250800000000000000e+04,1.261400000000000000e+04,1.272000000000000000e+04,1.282600000000000000e+04,1.293200000000000000e+04,1.303800000000000000e+04,1.314400000000000000e+04,1.325000000000000000e+04,1.335600000000000000e+04,1.346200000000000000e+04,1.356800000000000000e+04,1.367400000000000000e+04,1.378000000000000000e+04,1.388600000000000000e+04,1.399200000000000000e+04,1.409800000000000000e+04,1.420400000000000000e+04,1.431000000000000000e+04,1.441600000000000000e+04,1.452200000000000000e+04,1.462800000000000000e+04,1.473400000000000000e+04,1.484000000000000000e+04,1.494600000000000000e+04,1.505200000000000000e+04,1.515800000000000000e+04,1.526400000000000000e+04,1.537000000000000000e+04,1.547600000000000000e+04,1.558200000000000000e+04,1.568800000000000000e+04,1.579400000000000000e+04,1.590000000000000000e+04,1.600600000000000000e+04,1.611200000000000000e+04,1.621800000000000000e+04,1.632400000000000000e+04,1.643000000000000000e+04,1.653600000000000000e+04,1.664200000000000000e+04,1.674800000000000000e+04,1.685400000000000000e+04,1.696000000000000000e+04,1.706600000000000000e+04,1.717200000000000000e+04,1.727800000000000000e+04,1.738400000000000000e+04,1.749000000000000000e+04,1.759600000000000000e+04,1.770200000000000000e+04,1.780800000000000000e+04,1.791400000000000000e+04,1.802000000000000000e+04,1.812600000000000000e+04,1.823200000000000000e+04,1.833800000000000000e+04,1.844400000000000000e+04,1.855000000000000000e+04,1.865600000000000000e+04,1.876200000000000000e+04,1.886800000000000000e+04,1.897400000000000000e+04,1.908000000000000000e+04,1.918600000000000000e+04,1.929200000000000000e+04,1.939800000000000000e+04,1.950400000000000000e+04,1.961000000000000000e+04,1.971600000000000000e+04,1.982200000000000000e+04,1.992800000000000000e+04,2.003400000000000000e+04,2.014000000000000000e+04,2.024600000000000000e+04,2.035200000000000000e+04,2.045800000000000000e+04,2.056400000000000000e+04,2.067000000000000000e+04,2.077600000000000000e+04,2.088200000000000000e+04,2.098800000000000000e+04,2.109400000000000000e+04,2.120000000000000000e+04,2.130600000000000000e+04,2.141200000000000000e+04,2.151800000000000000e+04,2.162400000000000000e+04,2.173000000000000000e+04,2.183600000000000000e+04,2.194200000000000000e+04,2.204800000000000000e+04,2.215400000000000000e+04,2.226000000000000000e+04,2.236600000000000000e+04,2.247200000000000000e+04,2.257800000000000000e+04,2.268400000000000000e+04,2.279000000000000000e+04,2.289600000000000000e+04,2.300200000000000000e+04,2.310800000000000000e+04,2.321400000000000000e+04,2.332000000000000000e+04,2.342600000000000000e+04,2.353200000000000000e+04,2.363800000000000000e+04,2.374400000000000000e+04,2.385000000000000000e+04,2.395600000000000000e+04,2.406200000000000000e+04,2.416800000000000000e+04,2.427400000000000000e+04,2.438000000000000000e+04,2.448600000000000000e+04,2.459200000000000000e+04,2.469800000000000000e+04,2.480400000000000000e+04,2.491000000000000000e+04,2.501600000000000000e+04,2.512200000000000000e+04,2.522800000000000000e+04,2.533400000000000000e+04,2.544000000000000000e+04,2.554600000000000000e+04,2.565200000000000000e+04,2.575800000000000000e+04,2.586400000000000000e+04,2.597000000000000000e+04,2.607600000000000000e+04,2.618200000000000000e+04,2.628800000000000000e+04,2.639400000000000000e+04,2.650000000000000000e+04,2.660600000000000000e+04,2.671200000000000000e+04,2.681800000000000000e+04,2.692400000000000000e+04,2.703000000000000000e+04,2.713600000000000000e+04,2.724200000000000000e+04,2.734800000000000000e+04,2.745400000000000000e+04,2.756000000000000000e+04,2.766600000000000000e+04,2.777200000000000000e+04,2.787800000000000000e+04,2.798400000000000000e+04,2.809000000000000000e+04,2.819600000000000000e+04,2.830200000000000000e+04,2.840800000000000000e+04,2.851400000000000000e+04,2.862000000000000000e+04,2.872600000000000000e+04,2.883200000000000000e+04,2.893800000000000000e+04,2.904400000000000000e+04,2.915000000000000000e+04,2.925600000000000000e+04,2.936200000000000000e+04,2.946800000000000000e+04,2.957400000000000000e+04,2.968000000000000000e+04,2.978600000000000000e+04,2.989200000000000000e+04,2.999800000000000000e+04,3.010400000000000000e+04,3.021000000000000000e+04,3.031600000000000000e+04,3.042200000000000000e+04,3.052800000000000000e+04,3.063400000000000000e+04,3.074000000000000000e+04,3.084600000000000000e+04,3.095200000000000000e+04,3.105800000000000000e+04,3.116400000000000000e+04,3.127000000000000000e+04,3.137600000000000000e+04,3.148200000000000000e+04,3.158800000000000000e+04,3.169400000000000000e+04
0.000000000000000000e+00,1.070000000000000000e+02,2.140000000000000000e+02,3.210000000000000000e+02,4.280000000000000000e+02,5.350000000000000000e+02,6.420000000000000000e+02,7.490000000000000000e+02,8.560000000000000000e+02,9.630000000000000000e+02,1.070000000000000000e+03,1.177000000000000000e+03,1.284000000000000000e+03,1.391000000000000000e+03,1.498000000000000000e+03,1.605000000000000000e+03,1.712000000000000000e+03,1.819000000000000000e+03,1.926000000000000000e+03,2.033000000000000000e+03,2.140000000000000000e+03,2.247000000000000000e+03,2.354000000000000000e+03,2.461000000000000000e+03,2.568000000000000000e+03,2.675000000000000000e+03,2.782000000000000000e+03,2.889000000000000000e+03,2.996000000000000000e+03,3.103000000000000000e+03,3.210000000000000000e+03,3.317000000000000000e+03,3.424000000000000000e+03,3.531000000000000000e+03,3.638000000000000000e+03,3.745000000000000000e+03,3.852000000000000000e+03,3.959000000000000000e+03,4.066000000000000000e+03,4.173000000000000000e+03,4.280000000000000000e+03,4.387000000000000000e+03,4.494000000000000000e+03,4.601000000000000000e+03,4.708000000000000000e+03,4.815000000000000000e+03,4.922000000000000000e+03,5.029000000000000000e+03,5.136000000000000000e+03,5.243000000000000000e+03,5.350000000000000000e+03,5.457000000000000000e+03,5.564000000000000000e+03,5.671000000000000000e+03,5.778000000000000000e+03,5.885000000000000000e+03,5.992000000000000000e+03,6.099000000000000000e+03,6.206000000000000000e+03,6.313000000000000000e+03,6.420000000000000000e+03,6.527000000000000000e+03,6.634000000000000000e+03,6.741000000000000000e+03,6.848000000000000000e+03,6.955000000000000000e+03,7.062000000000000000e+03,7.169000000000000000e+03,7.276000000000000000e+03,7.383000000000000000e+03,7.490000000000000000e+03,7.597000000000000000e+03,7.704000000000000000e+03,7.811000000000000000e+03,7.918000000000000000e+03,8.025000000000000000e+03,8.132000000000000000e+03,8.239000000000000000e+03,8.346000000000000000e+03,8.453000000000000000e+03,8.560000000000000000e+03,8.667000000000000000e+03,8.774000000000000000e+03,8.881000000000000000e+03,8.988000000000000000e+03,9.095000000000000000e+03,9.202000000000000000e+03,9.309000000000000000e+03,9.416000000000000000e+03,9.523000000000000000e+03,9.630000000000000000e+03,9.737000000000000000e+03,9.844000000000000000e+03,9.951000000000000000e+03,1.005800000000000000e+04,1.016500000000000000e+04,1.027200000000000000e+04,1.037900000000000000e+04,1.048600000000000000e+04,1.059300000000000000e+04,1.070000000000000000e+04,1.080700000000000000e+04,1.091400000000000000e+04,1.102100000000000000e+04,1.112800000000000000e+04,1.123500000000000000e+04,1.134200000000000000e+04,1.144900000000000000e+04,1.155600000000000000e+04,1.166300000000000000e+04,1.177000000000000000e+04,1.187700000000000000e+04,1.198400000000000000e+04,1.209100000000000000e+04,1.219800000000000000e+04,1.230500000000000000e+04,1.241200000000000000e+04,1.251900000000000000e+04,1.262600000000000000e+04,1.273300000000000000e+04,1.284000000000000000e+04,1.294700000000000000e+04,1.305400000000000000e+04,1.316100000000000000e+04,1.326800000000000000e+04,1.337500000000000000e+04,1.348200000000000000e+04,1.358900000000000000e+04,1.369600000000000000e+04,1.380300000000000000e+04,1.391000000000000000e+04,1.401700000000000000e+04,1.412400000000000000e+04,1.423100000000000000e+04,1.433800000000000000e+04,1.444500000000000000e+04,1.455200000000000000e+04,1.465900000000000000e+04,1.476600000000000000e+04,1.487300000000000000e+04,1.498000000000000000e+04,1.508700000000000000e+04,1.519400000000000000e+04,1.530100000000000000e+04,1.540800000000000000e+04,1.551500000000000000e+04,1.562200000000000000e+04,1.572900000000000000e+04,1.583600000000000000e+04,1.594300000000000000e+04,1.605000000000000000e+04,1.615700000000000000e+04,1.626400000000000000e+04,1.637100000000000000e+04,1.647800000000000000e+04,1.658500000000000000e+04,1.669200000000000000e+04,1.679900000000000000e+04,1.690600000000000000e+04,1.701300000000000000e+04,1.712000000000000000e+04,1.722700000000000000e+04,1.733400000000000000e+04,1.744100000000000000e+04,1.754800000000000000e+04,1.765500000000000000e+04,1.776200000000000000e+04,1.786900000000000000e+04,1.797600000000000000e+04,1.808300000000000000e+04,1.819000000000000000e+04,1.829700000000000000e+04,1.840400000000000000e+04,1.851100000000000000e+04,1.861800000000000000e+04,1.872500000000000000e+04,1.883200000000000000e+04,1.893900000000000000e+04,1.904600000000000000e+04,1.915300000000000000e+04,1.926000000000000000e+04,1.936700000000000000e+04,1.947400000000000000e+04,1.958100000000000000e+04,1.968800000000000000e+04,1.979500000000000000e+04,1.990200000000000000e+04,2.000900000000000000e+04,2.011600000000000000e+04,2.022300000000000000e+04,2.033000000000000000e+04,2.043700000000000000e+04,2.054400000000000000e+04,2.065100000000000000e+04,2.075800000000000000e+04,2.086500000000000000e+04,2.097200000000000000e+04,2.107900000000000000e+04,2.118600000000000000e+04,2.129300000000000000e+04,2.140000000000000000e+04,2.150700000000000000e+04,2.161400000000000000e+04,2.172100000000000000e+04,2.182800000000000000e+04,2.193500000000000000e+04,2.204200000000000000e+04,2.214900000000000000e+04,2.225600000000000000e+04,2.236300000000000000e+04,2.247000000000000000e+04,2.257700000000000000e+04,2.268400000000000000e+04,2.279100000000000000e+04,2.289800000000000000e+04,2.300500000000000000e+04,2.311200000000000000e+04,2.321900000000000000e+04,2.332600000000000000e+04,2.343300000000000000e+04,2.354000000000000000e+04,2.364700000000000000e+04,2.375400000000000000e+04,2.386100000000000000e+04,2.396800000000000000e+04,2.407500000000000000e+04,2.418200000000000000e+04,2.428900000000000000e+04,2.439600000000000000e+04,2.450300000000000000e+04,2.461000000000000000e+04,2.471700000000000000e+04,2.482400000000000000e+04,2.493100000000000000e+04,2.503800000000000000e+04,2.514500000000000000e+04,2.525200000000000000e+04,2.535900000000000000e+04,2.546600000000000000e+04,2.557300000000000000e+04,2.568000000000000000e+04,2.578700000000000000e+04,2.589400000000000000e+04,2.600100000000000000e+04,2.610800000000000000e+04,2.621500000000000000e+04,2.632200000000000000e+04,2.642900000000000000e+04,2.653600000000000000e+04,2.664300000000000000e+04,2.675000000000000000e+04,2.685700000000000000e+04,2.696400000000000000e+04,2.707100000000000000e+04,2.717800000000000000e+04,2.728500000000000000e+04,2.739200000000000000e+04,2.749900000000000000e+04,2.760600000000000000e+04,2.771300000000000000e+04,2.782000000000000000e+04,2.792700000000000000e+04,2.803400000000000000e+04,2.814100000000000000e+04,2.824800000000000000e+04,2.835500000000000000e+04,2.846200000000000000e+04,2.856900000000000000e+04,2.867600000000000000e+04,2.878300000000000000e+04,2.889000000000000000e+04,2.899700000000000000e+04,2.910400000000000000e+04,2.921100000000000000e+04,2.931800000000000000e+04,2.942500000000000000e+04,2.953200000000000000e+04,2.963900000000000000e+04,2.974600000000000000e+04,2.985300000000000000e+04,2.996000000000000000e+04,3.006700000000000000e+04,3.017400000000000000e+04,3.028100000000000000e+04,3.038800000000000000e+04,3.049500000000000000e+04,3.060200000000000000e+04,3.070900000000000000e+04,3.081600000000000000e+04,3.092300000000000000e+04,3.103000000000000000e+04,3.113700000000000000e+04,3.124400000000000000e+04,3.135100000000000000e+04,3.145800000000000000e+04,3.156500000000000000e+04,3.167200000000000000e+04,3.177900000000000000e+04,3.188600000000000000e+04,3.199300000000000000e+04
0.000000000000000000e+00,1.080000000000000000e+02,2.160000000000000000e+02,3.240000000000000000e+02,4.320000000000000000e+02,5.400000000000000000e+02,6.480000000000000000e+02,7.560000000000000000e+02,8.640000000000000000e+02,9.720000000000000000e+02,1.080000000000000000e+03,1.188000000000000000e+03,1.296000000000000000e+03,1.404000000000000000e+03,1.512000000000000000e+03,1.620000000000000000e+03,1.728000000000000000e+03,1.836000000000000000e+03,1.944000000000000000e+03,2.052000000000000000e+03,2.160000000000000000e+03,2.268000000000000000e+03,2.376000000000000000e+03,2.484000000000000000e+03,2.592000000000000000e+03,2.700000000000000000e+03,2.808000000000000000e+03,2.916000000000000000e+03,3.024000000000000000e+03,3.132000000000000000e+03,3.240000000000000000e+03,3.348000000000000000e+03,3.456000000000000000e+03,3.564000000000000000e+03,3.672000000000000000e+03,3.780000000000000000e+03,3.888000000000000000e+03,3.996000000000000000e+03,4.104000000000000000e+03,4.212000000000000000e+03,4.320000000000000000e+03,4.428000000000000000e+03,4.536000000000000000e+03,4.644000000000000000e+03,4.752000000000000000e+03,4.860000000000000000e+03,4.968000000000000000e+03,5.076000000000000000e+03,5.184000000000000000e+03,5.292000000000000000e+03,5.400000000000000000e+03,5.508000000000000000e+03,5.616000000000000000e+03,5.724000000000000000e+03,5.832000000000000000e+03,5.940000000000000000e+03,6.048000000000000000e+03,6.156000000000000000e+03,6.264000000000000000e+03,6.372000000000000000e+03,6.480000000000000000e+03,6.588000000000000000e+03,6.696000000000000000e+03,6.804000000000000000e+03,6.912000000000000000e+03,7.020000000000000000e+03,7.128000000000000000e+03,7.236000000000000000e+03,7.344000000000000000e+03,7.452000000000000000e+03,7.560000000000000000e+03,7.668000000000000000e+03,7.776000000000000000e+03,7.884000000000000000e+03,7.992000000000000000e+03,8.100000000000000000e+03,8.208000000000000000e+03,8.316000000000000000e+03,8.424000000000000000e+03,8.532000000000000000e+03,8.640000000000000000e+03,8.748000000000000000e+03,8.856000000000000000e+03,8.964000000000000000e+03,9.072000000000000000e+03,9.180000000000000000e+03,9.288000000000000000e+03,9.396000000000000000e+03,9.504000000000000000e+03,9.612000000000000000e+03,9.720000000000000000e+03,9.828000000000000000e+03,9.936000000000000000e+03,1.004400000000000000e+04,1.015200000000000000e+04,1.026000000000000000e+04,1.036800000000000000e+04,1.047600000000000000e+04,1.058400000000000000e+04,1.069200000000000000e+04,1.080000000000000000e+04,1.090800000000000000e+04,1.101600000000000000e+04,1.112400000000000000e+04,1.123200000000000000e+04,1.134000000000000000e+04,1.144800000000000000e+04,1.155600000000000000e+04,1.166400000000000000e+04,1.177200000000000000e+04,1.188000000000000000e+04,1.198800000000000000e+04,1.209600000000000000e+04,1.220400000000000000e+04,1.231200000000000000e+04,1.242000000000000000e+04,1.252800000000000000e+04,1.263600000000000000e+04,1.274400000000000000e+04,1.285200000000000000e+04,1.296000000000000000e+04,1.306800000000000000e+04,1.317600000000000000e+04,1.328400000000000000e+04,1.339200000000000000e+04,1.350000000000000000e+04,1.360800000000000000e+04,1.371600000000000000e+04,1.382400000000000000e+04,1.393200000000000000e+04,1.404000000000000000e+04,1.414800000000000000e+04,1.425600000000000000e+04,1.436400000000000000e+04,1.447200000000000000e+04,1.458000000000000000e+04,1.468800000000000000e+04,1.479600000000000000e+04,1.490400000000000000e+04,1.501200000000000000e+04,1.512000000000000000e+04,1.522800000000000000e+04,1.533600000000000000e+04,1.544400000000000000e+04,1.555200000000000000e+04,1.566000000000000000e+04,1.576800000000000000e+04,1.587600000000000000e+04,1.598400000000000000e+04,1.609200000000000000e+04,1.620000000000000000e+04,1.630800000000000000e+04,1.641600000000000000e+04,1.652400000000000000e+04,1.663200000000000000e+04,1.674000000000000000e+04,1.684800000000000000e+04,1.695600000000000000e+04,1.706400000000000000e+04,1.717200000000000000e+04,1.728000000000000000e+04,1.738800000000000000e+04,1.749600000000000000e+04,1.760400000000000000e+04,1.771200000000000000e+04,1.782000000000000000e+04,1.792800000000000000e+04,1.803600000000000000e+04,1.814400000000000000e+04,1.825200000000000000e+04,1.836000000000000000e+04,1.846800000000000000e+04,1.857600000000000000e+04,1.868400000000000000e+04,1.879200000000000000e+04,1.890000000000000000e+04,1.900800000000000000e+04,1.911600000000000000e+04,1.922400000000000000e+04,1.933200000000000000e+04,1.944000000000000000e+04,1.954800000000000000e+04,1.965600000000000000e+04,1.976400000000000000e+04,1.987200000000000000e+04,1.998000000000000000e+04,2.008800000000000000e+04,2.019600000000000000e+04,2.030400000000000000e+04,2.041200000000000000e+04,2.052000000000000000e+04,2.062800000000000000e+04,2.073600000000000000e+04,2.084400000000000000e+04,2.095200000000000000e+04,2.106000000000000000e+04,2.116800000000000000e+04,2.127600000000000000e+04,2.138400000000000000e+04,2.149200000000000000e+04,2.160000000000000000e+04,2.170800000000000000e+04,2.181600000000000000e+04,2.192400000000000000e+04,2.203200000000000000e+04,2.214000000000000000e+04,2.224800000000000000e+04,2.235600000000000000e+04,2.246400000000000000e+04,2.257200000000000000e+04,2.268000000000000000e+04,2.278800000000000000e+04,2.289600000000000000e+04,2.300400000000000000e+04,2.311200000000000000e+04,2.322000000000000000e+04,2.332800000000000000e+04,2.343600000000000000e+04,2.354400000000000000e+04,2.365200000000000000e+04,2.376000000000000000e+04,2.386800000000000000e+04,2.397600000000000000e+04,2.408400000000000000e+04,2.419200000000000000e+04,2.430000000000000000e+04,2.440800000000000000e+04,2.451600000000000000e+04,2.462400000000000000e+04,2.473200000000000000e+04,2.484000000000000000e+04,2.494800000000000000e+04,2.505600000000000000e+04,2.516400000000000000e+04,2.527200000000000000e+04,2.538000000000000000e+04,2.548800000000000000e+04,2.559600000000000000e+04,2.570400000000000000e+04,2.581200000000000000e+04,2.592000000000000000e+04,2.602800000000000000e+04,2.613600000000000000e+04,2.624400000000000000e+04,2.635200000000000000e+04,2.646000000000000000e+04,2.656800000000000000e+04,2.667600000000000000e+04,2.678400000000000000e+04,2.689200000000000000e+04,2.700000000000000000e+04,2.710800000000000000e+04,2.721600000000000000e+04,2.732400000000000000e+04,2.743200000000000000e+04,2.754000000000000000e+04,2.764800000000000000e+04,2.775600000000000000e+04,2.786400000000000000e+04,2.797200000000000000e+04,2.808000000000000000e+04,2.818800000000000000e+04,2.829600000000000000e+04,2.840400000000000000e+04,2.851200000000000000e+04,2.862000000000000000e+04,2.872800000000000000e+04,2.883600000000000000e+04,2.894400000000000000e+04,2.905200000000000000e+04,2.916000000000000000e+04,2.926800000000000000e+04,2.937600000000000000e+04,2.948400000000000000e+04,2.959200000000000000e+04,2.970000000000000000e+04,2.980800000000000000e+04,2.991600000000000000e+04,3.002400000000000000e+04,3.013200000000000000e+04,3.024000000000000000e+04,3.034800000000000000e+04,3.045600000000000000e+04,3.056400000000000000e+04,3.067200000000000000e+04,3.078000000000000000e+04,3.088800000000000000e+04,3.099600000000000000e+04,3.110400000000000000e+04,3.121200000000000000e+04,3.132000000000000000e+04,3.142800000000000000e+04,3.153600000000000000e+04,3.164400000000000000e+04,3.175200000000000000e+04,3.186000000000000000e+04,3.196800000000000000e+04,3.207600000000000000e+04,3.218400000000000000e+04,3.229200000000000000e+04
0.000000000000000000e+00,1.090000000000000000e+02,2.180000000000000000e+02,3.270000000000000000e+02,4.360000000000000000e+02,5.450000000000000000e+02,6.540000000000000000e+02,7.630000000000000000e+02,8.720000000000000000e+02,9.810000000000000000e+02,1.090000000000000000e+03,1.199000000000000000e+03,1.308000000000000000e+03,1.417000000000000000e+03,1.526000000000000000e+03,1.635000000000000000e+03,1.744000000000000000e+03,1.853000000000000000e+03,1.962000000000000000e+03,2.071000000000000000e+03,2.180000000000000000e+03,2.289000000000000000e+03,2.398000000000000000e+03,2.507000000000000000e+03,2.616000000000000000e+03,2.725000000000000000e+03,2.834000000000000000e+03,2.943000000000000000e+03,3.052000000000000000e+03,3.161000000000000000e+03,3.270000000000000000e+03,3.379000000000000000e+03,3.488000000000000000e+03,3.597000000000000000e+03,3.706000000000000000e+03,3.815000000000000000e+03,3.924000000000000000e+03,4.033000000000000000e+03,4.142000000000000000e+03,4.251000000000000000e+03,4.360000000000000000e+03,4.469000000000000000e+03,4.578000000000000000e+03,4.687000000000000000e+03,4.796000000000000000e+03,4.905000000000000000e+03,5.014000000000000000e+03,5.123000000000000000e+03,5.232000000000000000e+03,5.341000000000000000e+03,5.450000000000000000e+03,5.559000000000000000e+03,5.668000000000000000e+03,5.777000000000000000e+03,5.886000000000000000e+03,5.995000000000000000e+03,6.104000000000000000e+03,6.213000000000000000e+03,6.322000000000000000e+03,6.431000000000000000e+03,6.540000000000000000e+03,6.649000000000000000e+03,6.758000000000000000e+03,6.867000000000000000e+03,6.976000000000000000e+03,7.085000000000000000e+03,7.194000000000000000e+03,7.303000000000000000e+03,7.412000000000000000e+03,7.521000000000000000e+03,7.630000000000000000e+03,7.739000000000000000e+03,7.848000000000000000e+03,7.957000000000000000e+03,8.066000000000000000e+03,8.175000000000000000e+03,8.284000000000000000e+03,8.393000000000000000e+03,8.502000000000000000e+03,8.611000000000000000e+03,8.720000000000000000e+03,8.829000000000000000e+03,8.938000000000000000e+03,9.047000000000000000e+03,9.156000000000000000e+03,9.265000000000000000e+03,9.374000000000000000e+03,9.483000000000000000e+03,9.592000000000000000e+03,9.701000000000000000e+03,9.810000000000000000e+03,9.919000000000000000e+03,1.002800000000000000e+04,1.013700000000000000e+04,1.024600000000000000e+04,1.035500000000000000e+04,1.046400000000000000e+04,1.057300000000000000e+04,1.068200000000000000e+04,1.079100000000000000e+04,1.090000000000000000e+04,1.100900000000000000e+04,1.111800000000000000e+04,1.122700000000000000e+04,1.133600000000000000e+04,1.144500000000000000e+04,1.155400000000000000e+04,1.166300000000000000e+04,1.177200000000000000e+04,1.188100000000000000e+04,1.199000000000000000e+04,1.209900000000000000e+04,1.220800000000000000e+04,1.231700000000000000e+04,1.242600000000000000e+04,1.253500000000000000e+04,1.264400000000000000e+04,1.275300000000000000e+04,1.286200000000000000e+04,1.297100000000000000e+04,1.308000000000000000e+04,1.318900000000000000e+04,1.329800000000000000e+04,1.340700000000000000e+04,1.351600000000000000e+04,1.362500000000000000e+04,1.373400000000000000e+04,1.384300000000000000e+04,1.395200000000000000e+04,1.406100000000000000e+04,1.417000000000000000e+04,1.427900000000000000e+04,1.438800000000000000e+04,1.449700000000000000e+04,1.460600000000000000e+04,1.471500000000000000e+04,1.482400000000000000e+04,1.493300000000000000e+04,1.504200000000000000e+04,1.515100000000000000e+04,1.526000000000000000e+04,1.536900000000000000e+04,1.547800000000000000e+04,1.558700000000000000e+04,1.569600000000000000e+04,1.580500000000000000e+04,1.591400000000000000e+04,1.602300000000000000e+04,1.613200000000000000e+04,1.624100000000000000e+04,1.635000000000000000e+04,1.645900000000000000e+04,1.656800000000000000e+04,1.667700000000000000e+04,1.678600000000000000e+04,1.689500000000000000e+04,1.700400000000000000e+04,1.711300000000000000e+04,1.722200000000000000e+04,1.733100000000000000e+04,1.744000000000000000e+04,1.754900000000000000e+04,1.765800000000000000e+04,1.776700000000000000e+04,1.787600000000000000e+04,1.798500000000000000e+04,1.809400000000000000e+04,1.820300000000000000e+04,1.831200000000000000e+04,1.842100000000000000e+04,1.853000000000000000e+04,1.863900000000000000e+04,1.874800000000000000e+04,1.885700000000000000e+04,1.896600000000000000e+04,1.907500000000000000e+04,1.918400000000000000e+04,1.929300000000000000e+04,1.940200000000000000e+04,1.951100000000000000e+04,1.962000000000000000e+04,1.972900000000000000e+04,1.983800000000000000e+04,1.994700000000000000e+04,2.005600000000000000e+04,2.016500000000000000e+04,2.027400000000000000e+04,2.038300000000000000e+04,2.049200000000000000e+04,2.060100000000000000e+04,2.071000000000000000e+04,2.081900000000000000e+04,2.092800000000000000e+04,2.103700000000000000e+04,2.114600000000000000e+04,2.125500000000000000e+04,2.136400000000000000e+04,2.147300000000000000e+04,2.158200000000000000e+04,2.169100000000000000e+04,2.180000000000000000e+04,2.190900000000000000e+04,2.201800000000000000e+04,2.212700000000000000e+04,2.223600000000000000e+04,2.234500000000000000e+04,2.245400000000000000e+04,2.256300000000000000e+04,2.267200000000000000e+04,2.278100000000000000e+04,2.289000000000000000e+04,2.299900000000000000e+04,2.310800000000000000e+04,2.321700000000000000e+04,2.332600000000000000e+04,2.343500000000000000e+04,2.354400000000000000e+04,2.365300000000000000e+04,2.376200000000000000e+04,2.387100000000000000e+04,2.398000000000000000e+04,2.408900000000000000e+04,2.419800000000000000e+04,2.430700000000000000e+04,2.441600000000000000e+04,2.452500000000000000e+04,2.463400000000000000e+04,2.474300000000000000e+04,2.485200000000000000e+04,2.496100000000000000e+04,2.507000000000000000e+04,2.517900000000000000e+04,2.528800000000000000e+04,2.539700000000000000e+04,2.550600000000000000e+04,2.561500000000000000e+04,2.572400000000000000e+04,2.583300000000000000e+04,2.594200000000000000e+04,2.605100000000000000e+04,2.616000000000000000e+04,2.626900000000000000e+04,2.637800000000000000e+04,2.648700000000000000e+04,2.659600000000000000e+04,2.670500000000000000e+04,2.681400000000000000e+04,2.692300000000000000e+04,2.703200000000000000e+04,2.714100000000000000e+04,2.725000000000000000e+04,2.735900000000000000e+04,2.746800000000000000e+04,2.757700000000000000e+04,2.768600000000000000e+04,2.779500000000000000e+04,2.790400000000000000e+04,2.801300000000000000e+04,2.812200000000000000e+04,2.823100000000000000e+04,2.834000000000000000e+04,2.844900000000000000e+04,2.855800000000000000e+04,2.866700000000000000e+04,2.877600000000000000e+04,2.888500000000000000e+04,2.899400000000000000e+04,2.910300000000000000e+04,2.921200000000000000e+04,2.932100000000000000e+04,2.943000000000000000e+04,2.953900000000000000e+04,2.964800000000000000e+04,2.975700000000000000e+04,2.986600000000000000e+04,2.997500000000000000e+04,3.008400000000000000e+04,3.019300000000000000e+04,3.030200000000000000e+04,3.041100000000000000e+04,3.052000000000000000e+04,3.062900000000000000e+04,3.073800000000000000e+04,3.084700000000000000e+04,3.095600000000000000e+04,3.106500000000000000e+04,3.117400000000000000e+04,3.128300000000000000e+04,3.139200000000000000e+04,3.150100000000000000e+04,3.161000000000000000e+04,3.171900000000000000e+04,3.182800000000000000e+04,3.193700000000000000e+04,3.204600000000000000e+04,3.215500000000000000e+04,3.226400000000000000e+04,3.237300000000000000e+04,3.248200000000000000e+04,3.259100000000000000e+04
0.000000000000000000e+00,1.100000000000000000e+02,2.200000000000000000e+02,3.300000000000000000e+02,4.400000000000000000e+02,5.500000000000000000e+02,6.600000000000000000e+02,7.700000000000000000e+02,8.800000000000000000e+02,9.900000000000000000e+02,1.100000000000000000e+03,1.210000000000000000e+03,1.320000000000000000e+03,1.430000000000000000e+03,1.540000000000000000e+03,1.650000000000000000e+03,1.760000000000000000e+03,1.870000000000000000e+03,1.980000000000000000e+03,2.090000000000000000e+03,2.200000000000000000e+03,2.310000000000000000e+03,2.420000000000000000e+03,2.530000000000000000e+03,2.640000000000000000e+03,2.750000000000000000e+03,2.860000000000000000e+03,2.970000000000000000e+03,3.080000000000000000e+03,3.190000000000000000e+03,3.300000000000000000e+03,3.410000000000000000e+03,3.520000000000000000e+03,3.630000000000000000e+03,3.740000000000000000e+03,3.850000000000000000e+03,3.960000000000000000e+03,4.070000000000000000e+03,4.180000000000000000e+03,4.290000000000000000e+03,4.400000000000000000e+03,4.510000000000000000e+03,4.620000000000000000e+03,4.730000000000000000e+03,4.840000000000000000e+03,4.950000000000000000e+03,5.060000000000000000e+03,5.170000000000000000e+03,5.280000000000000000e+03,5.390000000000000000e+03,5.500000000000000000e+03,5.610000000000000000e+03,5.720000000000000000e+03,5.830000000000000000e+03,5.940000000000000000e+03,6.050000000000000000e+03,6.160000000000000000e+03,6.270000000000000000e+03,6.380000000000000000e+03,6.490000000000000000e+03,6.600000000000000000e+03,6.710000000000000000e+03,6.820000000000000000e+03,6.930000000000000000e+03,7.040000000000000000e+03,7.150000000000000000e+03,7.260000000000000000e+03,7.370000000000000000e+03,7.480000000000000000e+03,7.590000000000000000e+03,7.700000000000000000e+03,7.810000000000000000e+03,7.920000000000000000e+03,8.030000000000000000e+03,8.140000000000000000e+03,8.250000000000000000e+03,8.360000000000000000e+03,8.470000000000000000e+03,8.580000000000000000e+03,8.690000000000000000e+03,8.800000000000000000e+03,8.910000000000000000e+03,9.020000000000000000e+03,9.130000000000000000e+03,9.240000000000000000e+03,9.350000000000000000e+03,9.460000000000000000e+03,9.570000000000000000e+03,9.680000000000000000e+03,9.790000000000000000e+03,9.900000000000000000e+03,1.001000000000000000e+04,1.012000000000000000e+04,1.023000000000000000e+04,1.034000000000000000e+04,1.045000000000000000e+04,1.056000000000000000e+04,1.067000000000000000e+04,1.078000000000000000e+04,1.089000000000000000e+04,1.100000000000000000e+04,1.111000000000000000e+04,1.122000000000000000e+04,1.133000000000000000e+04,1.144000000000000000e+04,1.155000000000000000e+04,1.166000000000000000e+04,1.177000000000000000e+04,1.188000000000000000e+04,1.199000000000000000e+04,1.210000000000000000e+04,1.221000000000000000e+04,1.232000000000000000e+04,1.243000000000000000e+04,1.254000000000000000e+04,1.265000000000000000e+04,1.276000000000000000e+04,1.287000000000000000e+04,1.298000000000000000e+04,1.309000000000000000e+04,1.320000000000000000e+04,1.331000000000000000e+04,1.342000000000000000e+04,1.353000000000000000e+04,1.364000000000000000e+04,1.375000000000000000e+04,1.386000000000000000e+04,1.397000000000000000e+04,1.408000000000000000e+04,1.419000000000000000e+04,1.430000000000000000e+04,1.441000000000000000e+04,1.452000000000000000e+04,1.463000000000000000e+04,1.474000000000000000e+04,1.485000000000000000e+04,1.496000000000000000e+04,1.507000000000000000e+04,1.518000000000000000e+04,1.529000000000000000e+04,1.540000000000000000e+04,1.551000000000000000e+04,1.562000000000000000e+04,1.573000000000000000e+04,1.584000000000000000e+04,1.595000000000000000e+04,1.606000000000000000e+04,1.617000000000000000e+04,1.628000000000000000e+04,1.639000000000000000e+04,1.650000000000000000e+04,1.661000000000000000e+04,1.672000000000000000e+04,1.683000000000000000e+04,1.694000000000000000e+04,1.705000000000000000e+04,1.716000000000000000e+04,1.727000000000000000e+04,1.738000000000000000e+04,1.749000000000000000e+04,1.760000000000000000e+04,1.771000000000000000e+04,1.782000000000000000e+04,1.793000000000000000e+04,1.804000000000000000e+04,1.815000000000000000e+04,1.826000000000000000e+04,1.837000000000000000e+04,1.848000000000000000e+04,1.859000000000000000e+04,1.870000000000000000e+04,1.881000000000000000e+04,1.892000000000000000e+04,1.903000000000000000e+04,1.914000000000000000e+04,1.925000000000000000e+04,1.936000000000000000e+04,1.947000000000000000e+04,1.958000000000000000e+04,1.969000000000000000e+04,1.980000000000000000e+04,1.991000000000000000e+04,2.002000000000000000e+04,2.013000000000000000e+04,2.024000000000000000e+04,2.035000000000000000e+04,2.046000000000000000e+04,2.057000000000000000e+04,2.068000000000000000e+04,2.079000000000000000e+04,2.090000000000000000e+04,2.101000000000000000e+04,2.112000000000000000e+04,2.123000000000000000e+04,2.134000000000000000e+04,2.145000000000000000e+04,2.156000000000000000e+04,2.167000000000000000e+04,2.178000000000000000e+04,2.189000000000000000e+04,2.200000000000000000e+04,2.211000000000000000e+04,2.222000000000000000e+04,2.233000000000000000e+04,2.244000000000000000e+04,2.255000000000000000e+04,2.266000000000000000e+04,2.277000000000000000e+04,2.288000000000000000e+04,2.299000000000000000e+04,2.310000000000000000e+04,2.321000000000000000e+04,2.332000000000000000e+04,2.343000000000000000e+04,2.354000000000000000e+04,2.365000000000000000e+04,2.376000000000000000e+04,2.387000000000000000e+04,2.398000000000000000e+04,2.409000000000000000e+04,2.420000000000000000e+04,2.431000000000000000e+04,2.442000000000000000e+04,2.453000000000000000e+04,2.464000000000000000e+04,2.475000000000000000e+04,2.486000000000000000e+04,2.497000000000000000e+04,2.508000000000000000e+04,2.519000000000000000e+04,2.530000000000000000e+04,2.541000000000000000e+04,2.552000000000000000e+04,2.563000000000000000e+04,2.574000000000000000e+04,2.585000000000000000e+04,2.596000000000000000e+04,2.607000000000000000e+04,2.618000000000000000e+04,2.629000000000000000e+04,2.640000000000000000e+04,2.651000000000000000e+04,2.662000000000000000e+04,2.673000000000000000e+04,2.684000000000000000e+04,2.695000000000000000e+04,2.706000000000000000e+04,2.717000000000000000e+04,2.728000000000000000e+04,2.739000000000000000e+04,2.750000000000000000e+04,2.761000000000000000e+04,2.772000000000000000e+04,2.783000000000000000e+04,2.794000000000000000e+04,2.805000000000000000e+04,2.816000000000000000e+04,2.827000000000000000e+04,2.838000000000000000e+04,2.849000000000000000e+04,2.860000000000000000e+04,2.871000000000000000e+04,2.882000000000000000e+04,2.893000000000000000e+04,2.904000000000000000e+04,2.915000000000000000e+04,2.926000000000000000e+04,2.937000000000000000e+04,2.948000000000000000e+04,2.959000000000000000e+04,2.970000000000000000e+04,2.981000000000000000e+04,2.992000000000000000e+04,3.003000000000000000e+04,3.014000000000000000e+04,3.025000000000000000e+04,3.036000000000000000e+04,3.047000000000000000e+04,3.058000000000000000e+04,3.069000000000000000e+04,3.080000000000000000e+04,3.091000000000000000e+04,3.102000000000000000e+04,3.113000000000000000e+04,3.124000000000000000e+04,3.135000000000000000e+04,3.146000000000000000e+04,3.157000000000000000e+04,3.168000000000000000e+04,3.179000000000000000e+04,3.190000000000000000e+04,3.201000000000000000e+04,3.212000000000000000e+04,3.223000000000000000e+04,3.234000000000000000e+04,3.245000000000000000e+04,3.256000000000000000e+04,3.267000000000000000e+04,3.278000000000000000e+04,3.289000000000000000e+04
0.000000000000000000e+00,1.110000000000000000e+02,2.220000000000000000e+02,3.330000000000000000e+02,4.440000000000000000e+02,5.550000000000000000e+02,6.660000000000000000e+02,7.770000000000000000e+02,8.880000000000000000e+02,9.990000000000000000e+02,1.110000000000000000e+03,1.221000000000000000e+03,1.332000000000000000e+03,1.443000000000000000e+03,1.554000000000000000e+03,1.665000000000000000e+03,1.776000000000000000e+03,1.887000000000000000e+03,1.998000000000000000e+03,2.109000000000000000e+03,2.220000000000000000e+03,2.331000000000000000e+03,2.442000000000000000e+03,2.553000000000000000e+03,2.664000000000000000e+03,2.775000000000000000e+03,2.886000000000000000e+03,2.997000000000000000e+03,3.108000000000000000e+03,3.219000000000000000e+03,3.330000000000000000e+03,3.441000000000000000e+03,3.552000000000000000e+03,3.663000000000000000e+03,3.774000000000000000e+03,3.885000000000000000e+03,3.996000000000000000e+03,4.107000000000000000e+03,4.218000000000000000e+03,4.329000000000000000e+03,4.440000000000000000e+03,4.551000000000000000e+03,4.662000000000000000e+03,4.773000000000000000e+03,4.884000000000000000e+03,4.995000000000000000e+03,5.106000000000000000e+03,5.217000000000000000e+03,5.328000000000000000e+03,5.439000000000000000e+03,5.550000000000000000e+03,5.661000000000000000e+03,5.772000000000000000e+03,5.883000000000000000e+03,5.994000000000000000e+03,6.105000000000000000e+03,6.216000000000000000e+03,6.327000000000000000e+03,6.438000000000000000e+03,6.549000000000000000e+03,6.660000000000000000e+03,6.771000000000000000e+03,6.882000000000000000e+03,6.993000000000000000e+03,7.104000000000000000e+03,7.215000000000000000e+03,7.326000000000000000e+03,7.437000000000000000e+03,7.548000000000000000e+03,7.659000000000000000e+03,7.770000000000000000e+03,7.881000000000000000e+03,7.992000000000000000e+03,8.103000000000000000e+03,8.214000000000000000e+03,8.325000000000000000e+03,8.436000000000000000e+03,8.547000000000000000e+03,8.658000000000000000e+03,8.769000000000000000e+03,8.880000000000000000e+03,8.991000000000000000e+03,9.102000000000000000e+03,9.213000000000000000e+03,9.324000000000000000e+03,9.435000000000000000e+03,9.546000000000000000e+03,9.657000000000000000e+03,9.768000000000000000e+03,9.879000000000000000e+03,9.990000000000000000e+03,1.010100000000000000e+04,1.021200000000000000e+04,1.032300000000000000e+04,1.043400000000000000e+04,1.054500000000000000e+04,1.065600000000000000e+04,1.076700000000000000e+04,1.087800000000000000e+04,1.098900000000000000e+04,1.110000000000000000e+04,1.121100000000000000e+04,1.132200000000000000e+04,1.143300000000000000e+04,1.154400000000000000e+04,1.165500000000000000e+04,1.176600000000000000e+04,1.187700000000000000e+04,1.198800000000000000e+04,1.209900000000000000e+04,1.221000000000000000e+04,1.232100000000000000e+04,1.243200000000000000e+04,1.254300000000000000e+04,1.265400000000000000e+04,1.276500000000000000e+04,1.287600000000000000e+04,1.298700000000000000e+04,1.309800000000000000e+04,1.320900000000000000e+04,1.332000000000000000e+04,1.343100000000000000e+04,1.354200000000000000e+04,1.365300000000000000e+04,1.376400000000000000e+04,1.387500000000000000e+04,1.398600000000000000e+04,1.409700000000000000e+04,1.420800000000000000e+04,1.431900000000000000e+04,1.443000000000000000e+04,1.454100000000000000e+04,1.465200000000000000e+04,1.476300000000000000e+04,1.487400000000000000e+04,1.498500000000000000e+04,1.509600000000000000e+04,1.520700000000000000e+04,1.531800000000000000e+04,1.542900000000000000e+04,1.554000000000000000e+04,1.565100000000000000e+04,1.576200000000000000e+04,1.587300000000000000e+04,1.598400000000000000e+04,1.609500000000000000e+04,1.620600000000000000e+04,1.631700000000000000e+04,1.642800000000000000e+04,1.653900000000000000e+04,1.665000000000000000e+04,1.676100000000000000e+04,1.687200000000000000e+04,1.698300000000000000e+04,1.709400000000000000e+04,1.720500000000000000e+04,1.731600000000000000e+04,1.742700000000000000e+04,1.753800000000000000e+04,1.764900000000000000e+04,1.776000000000000000e+04,1.787100000000000000e+04,1.798200000000000000e+04,1.809300000000000000e+04,1.820400000000000000e+04,1.831500000000000000e+04,1.842600000000000000e+04,1.853700000000000000e+04,1.864800000000000000e+04,1.875900000000000000e+04,1.887000000000000000e+04,1.898100000000000000e+04,1.909200000000000000e+04,1.920300000000000000e+04,1.931400000000000000e+04,1.942500000000000000e+04,1.953600000000000000e+04,1.964700000000000000e+04,1.975800000000000000e+04,1.986900000000000000e+04,1.998000000000000000e+04,2.009100000000000000e+04,2.020200000000000000e+04,2.031300000000000000e+04,2.042400000000000000e+04,2.053500000000000000e+04,2.064600000000000000e+04,2.075700000000000000e+04,2.086800000000000000e+04,2.097900000000000000e+04,2.109000000000000000e+04,2.120100000000000000e+04,2.131200000000000000e+04,2.142300000000000000e+04,2.153400000000000000e+04,2.164500000000000000e+04,2.175600000000000000e+04,2.186700000000000000e+04,2.197800000000000000e+04,2.208900000000000000e+04,2.220000000000000000e+04,2.231100000000000000e+04,2.242200000000000000e+04,2.253300000000000000e+04,2.264400000000000000e+04,2.275500000000000000e+04,2.286600000000000000e+04,2.297700000000000000e+04,2.308800000000000000e+04,2.319900000000000000e+04,2.331000000000000000e+04,2.342100000000000000e+04,2.353200000000000000e+04,2.364300000000000000e+04,2.375400000000000000e+04,2.386500000000000000e+04,2.397600000000000000e+04,2.408700000000000000e+04,2.419800000000000000e+04,2.430900000000000000e+04,2.442000000000000000e+04,2.453100000000000000e+04,2.464200000000000000e+04,2.475300000000000000e+04,2.486400000000000000e+04,2.497500000000000000e+04,2.508600000000000000e+04,2.519700000000000000e+04,2.530800000000000000e+04,2.541900000000000000e+04,2.553000000000000000e+04,2.564100000000000000e+04,2.575200000000000000e+04,2.586300000000000000e+04,2.597400000000000000e+04,2.608500000000000000e+04,2.619600000000000000e+04,2.630700000000000000e+04,2.641800000000000000e+04,2.652900000000000000e+04,2.664000000000000000e+04,2.675100000000000000e+04,2.686200000000000000e+04,2.697300000000000000e+04,2.708400000000000000e+04,2.719500000000000000e+04,2.730600000000000000e+04,2.741700000000000000e+04,2.752800000000000000e+04,2.763900000000000000e+04,2.775000000000000000e+04,2.786100000000000000e+04,2.797200000000000000e+04,2.808300000000000000e+04,2.819400000000000000e+04,2.830500000000000000e+04,2.841600000000000000e+04,2.852700000000000000e+04,2.863800000000000000e+04,2.874900000000000000e+04,2.886000000000000000e+04,2.897100000000000000e+04,2.908200000000000000e+04,2.919300000000000000e+04,2.930400000000000000e+04,2.941500000000000000e+04,2.952600000000000000e+04,2.963700000000000000e+04,2.974800000000000000e+04,2.985900000000000000e+04,2.997000000000000000e+04,3.008100000000000000e+04,3.019200000000000000e+04,3.030300000000000000e+04,3.041400000000000000e+04,3.052500000000000000e+04,3.063600000000000000e+04,3.074700000000000000e+04,3.085800000000000000e+04,3.096900000000000000e+04,3.108000000000000000e+04,3.119100000000000000e+04,3.130200000000000000e+04,3.141300000000000000e+04,3.152400000000000000e+04,3.163500000000000000e+04,3.174600000000000000e+04,3.185700000000000000e+04,3.196800000000000000e+04,3.207900000000000000e+04,3.219000000000000000e+04,3.230100000000000000e+04,3.241200000000000000e+04,3.252300000000000000e+04,3.263400000000000000e+04,3.274500000000000000e+04,3.285600000000000000e+04,3.296700000000000000e+04,3.307800000000000000e+04,3.318900000000000000e+04
0.000000000000000000e+00,1.120000000000000000e+02,2.240000000000000000e+02,3.360000000000000000e+02,4.480000000000000000e+02,5.600000000000000000e+02,6.720000000000000000e+02,7.840000000000000000e+02,8.960000000000000000e+02,1.008000000000000000e+03,1.120000000000000000e+03,1.232000000000000000e+03,1.344000000000000000e+03,1.456000000000000000e+03,1.568000000000000000e+03,1.680000000000000000e+03,1.792000000000000000e+03,1.904000000000000000e+03,2.016000000000000000e+03,2.128000000000000000e+03,2.240000000000000000e+03,2.352000000000000000e+03,2.464000000000000000e+03,2.576000000000000000e+03,2.688000000000000000e+03,2.800000000000000000e+03,2.912000000000000000e+03,3.024000000000000000e+03,3.136000000000000000e+03,3.248000000000000000e+03,3.360000000000000000e+03,3.472000000000000000e+03,3.584000000000000000e+03,3.696000000000000000e+03,3.808000000000000000e+03,3.920000000000000000e+03,4.032000000000000000e+03,4.144000000000000000e+03,4.256000000000000000e+03,4.368000000000000000e+03,4.480000000000000000e+03,4.592000000000000000e+03,4.704000000000000000e+03,4.816000000000000000e+03,4.928000000000000000e+03,5.040000000000000000e+03,5.152000000000000000e+03,5.264000000000000000e+03,5.376000000000000000e+03,5.488000000000000000e+03,5.600000000000000000e+03,5.712000000000000000e+03,5.824000000000000000e+03,5.936000000000000000e+03,6.048000000000000000e+03,6.160000000000000000e+03,6.272000000000000000e+03,6.384000000000000000e+03,6.496000000000000000e+03,6.608000000000000000e+03,6.720000000000000000e+03,6.832000000000000000e+03,6.944000000000000000e+03,7.056000000000000000e+03,7.168000000000000000e+03,7.280000000000000000e+03,7.392000000000000000e+03,7.504000000000000000e+03,7.616000000000000000e+03,7.728000000000000000e+03,7.840000000000000000e+03,7.952000000000000000e+03,8.064000000000000000e+03,8.176000000000000000e+03,8.288000000000000000e+03,8.400000000000000000e+03,8.512000000000000000e+03,8.624000000000000000e+03,8.736000000000000000e+03,8.848000000000000000e+03,8.960000000000000000e+03,9.072000000000000000e+03,9.184000000000000000e+03,9.296000000000000000e+03,9.408000000000000000e+03,9.520000000000000000e+03,9.632000000000000000e+03,9.744000000000000000e+03,9.856000000000000000e+03,9.968000000000000000e+03,1.008000000000000000e+04,1.019200000000000000e+04,1.030400000000000000e+04,1.041600000000000000e+04,1.052800000000000000e+04,1.064000000000000000e+04,1.075200000000000000e+04,1.086400000000000000e+04,1.097600000000000000e+04,1.108800000000000000e+04,1.120000000000000000e+04,1.131200000000000000e+04,1.142400000000000000e+04,1.153600000000000000e+04,1.164800000000000000e+04,1.176000000000000000e+04,1.187200000000000000e+04,1.198400000000000000e+04,1.209600000000000000e+04,1.220800000000000000e+04,1.232000000000000000e+04,1.243200000000000000e+04,1.254400000000000000e+04,1.265600000000000000e+04,1.276800000000000000e+04,1.288000000000000000e+04,1.299200000000000000e+04,1.310400000000000000e+04,1.321600000000000000e+04,1.332800000000000000e+04,1.344000000000000000e+04,1.355200000000000000e+04,1.366400000000000000e+04,1.377600000000000000e+04,1.388800000000000000e+04,1.400000000000000000e+04,1.411200000000000000e+04,1.422400000000000000e+04,1.433600000000000000e+04,1.444800000000000000e+04,1.456000000000000000e+04,1.467200000000000000e+04,1.478400000000000000e+04,1.489600000000000000e+04,1.500800000000000000e+04,1.512000000000000000e+04,1.523200000000000000e+04,1.534400000000000000e+04,1.545600000000000000e+04,1.556800000000000000e+04,1.568000000000000000e+04,1.579200000000000000e+04,1.590400000000000000e+04,1.601600000000000000e+04,1.612800000000000000e+04,1.624000000000000000e+04,1.635200000000000000e+04,1.646400000000000000e+04,1.657600000000000000e+04,1.668800000000000000e+04,1.680000000000000000e+04,1.691200000000000000e+04,1.702400000000000000e+04,1.713600000000000000e+04,1.724800000000000000e+04,1.736000000000000000e+04,1.747200000000000000e+04,1.758400000000000000e+04,1.769600000000000000e+04,1.780800000000000000e+04,1.792000000000000000e+04,1.803200000000000000e+04,1.814400000000000000e+04,1.825600000000000000e+04,1.836800000000000000e+04,1.848000000000000000e+04,1.859200000000000000e+04,1.870400000000000000e+04,1.881600000000000000e+04,1.892800000000000000e+04,1.904000000000000000e+04,1.915200000000000000e+04,1.926400000000000000e+04,1.937600000000000000e+04,1.948800000000000000e+04,1.960000000000000000e+04,1.971200000000000000e+04,1.982400000000000000e+04,1.993600000000000000e+04,2.004800000000000000e+04,2.016000000000000000e+04,2.027200000000000000e+04,2.038400000000000000e+04,2.049600000000000000e+04,2.060800000000000000e+04,2.072000000000000000e+04,2.083200000000000000e+04,2.094400000000000000e+04,2.105600000000000000e+04,2.116800000000000000e+04,2.128000000000000000e+04,2.139200000000000000e+04,2.150400000000000000e+04,2.161600000000000000e+04,2.172800000000000000e+04,2.184000000000000000e+04,2.195200000000000000e+04,2.206400000000000000e+04,2.217600000000000000e+04,2.228800000000000000e+04,2.240000000000000000e+04,2.251200000000000000e+04,2.262400000000000000e+04,2.273600000000000000e+04,2.284800000000000000e+04,2.296000000000000000e+04,2.307200000000000000e+04,2.318400000000000000e+04,2.329600000000000000e+04,2.340800000000000000e+04,2.352000000000000000e+04,2.363200000000000000e+04,2.374400000000000000e+04,2.385600000000000000e+04,2.396800000000000000e+04,2.408000000000000000e+04,2.419200000000000000e+04,2.430400000000000000e+04,2.441600000000000000e+04,2.452800000000000000e+04,2.464000000000000000e+04,2.475200000000000000e+04,2.486400000000000000e+04,2.497600000000000000e+04,2.508800000000000000e+04,2.520000000000000000e+04,2.531200000000000000e+04,2.542400000000000000e+04,2.553600000000000000e+04,2.564800000000000000e+04,2.576000000000000000e+04,2.587200000000000000e+04,2.598400000000000000e+04,2.609600000000000000e+04,2.620800000000000000e+04,2.632000000000000000e+04,2.643200000000000000e+04,2.654400000000000000e+04,2.665600000000000000e+04,2.676800000000000000e+04,2.688000000000000000e+04,2.699200000000000000e+04,2.710400000000000000e+04,2.721600000000000000e+04,2.732800000000000000e+04,2.744000000000000000e+04,2.755200000000000000e+04,2.766400000000000000e+04,2.777600000000000000e+04,2.788800000000000000e+04,2.800000000000000000e+04,2.811200000000000000e+04,2.822400000000000000e+04,2.833600000000000000e+04,2.844800000000000000e+04,2.856000000000000000e+04,2.867200000000000000e+04,2.878400000000000000e+04,2.889600000000000000e+04,2.900800000000000000e+04,2.912000000000000000e+04,2.923200000000000000e+04,2.934400000000000000e+04,2.945600000000000000e+04,2.956800000000000000e+04,2.968000000000000000e+04,2.979200000000000000e+04,2.990400000000000000e+04,3.001600000000000000e+04,3.012800000000000000e+04,3.024000000000000000e+04,3.035200000000000000e+04,3.046400000000000000e+04,3.057600000000000000e+04,3.068800000000000000e+04,3.080000000000000000e+04,3.091200000000000000e+04,3.102400000000000000e+04,3.113600000000000000e+04,3.124800000000000000e+04,3.136000000000000000e+04,3.147200000000000000e+04,3.158400000000000000e+04,3.169600000000000000e+04,3.180800000000000000e+04,3.192000000000000000e+04,3.203200000000000000e+04,3.214400000000000000e+04,3.225600000000000000e+04,3.236800000000000000e+04,3.248000000000000000e+04,3.259200000000000000e+04,3.270400000000000000e+04,3.281600000000000000e+04,3.292800000000000000e+04,3.304000000000000000e+04,3.315200000000000000e+04,3.326400000000000000e+04,3.337600000000000000e+04,3.348800000000000000e+04
0.000000000000000000e+00,1.130000000000000000e+02,2.260000000000000000e+02,3.390000000000000000e+02,4.520000000000000000e+02,5.650000000000000000e+02,6.780000000000000000e+02,7.910000000000000000e+02,9.040000000000000000e+02,1.017000000000000000e+03,1.130000000000000000e+03,1.243000000000000000e+03,1.356000000000000000e+03,1.469000000000000000e+03,1.582000000000000000e+03,1.695000000000000000e+03,1.808000000000000000e+03,1.921000000000000000e+03,2.034000000000000000e+03,2.147000000000000000e+03,2.260000000000000000e+03,2.373000000000000000e+03,2.486000000000000000e+03,2.599000000000000000e+03,2.712000000000000000e+03,2.825000000000000000e+03,2.938000000000000000e+03,3.051000000000000000e+03,3.164000000000000000e+03,3.277000000000000000e+03,3.390000000000000000e+03,3.503000000000000000e+03,3.616000000000000000e+03,3.729000000000000000e+03,3.842000000000000000e+03,3.955000000000000000e+03,4.068000000000000000e+03,4.181000000000000000e+03,4.294000000000000000e+03,4.407000000000000000e+03,4.520000000000000000e+03,4.633000000000000000e+03,4.746000000000000000e+03,4.859000000000000000e+03,4.972000000000000000e+03,5.085000000000000000e+03,5.198000000000000000e+03,5.311000000000000000e+03,5.424000000000000000e+03,5.537000000000000000e+03,5.650000000000000000e+03,5.763000000000000000e+03,5.876000000000000000e+03,5.989000000000000000e+03,6.102000000000000000e+03,6.215000000000000000e+03,6.328000000000000000e+03,6.441000000000000000e+03,6.554000000000000000e+03,6.667000000000000000e+03,6.780000000000000000e+03,6.893000000000000000e+03,7.006000000000000000e+03,7.119000000000000000e+03,7.232000000000000000e+03,7.345000000000000000e+03,7.458000000000000000e+03,7.571000000000000000e+03,7.684000000000000000e+03,7.797000000000000000e+03,7.910000000000000000e+03,8.023000000000000000e+03,8.136000000000000000e+03,8.249000000000000000e+03,8.362000000000000000e+03,8.475000000000000000e+03,8.588000000000000000e+03,8.701000000000000000e+03,8.814000000000000000e+03,8.927000000000000000e+03,9.040000000000000000e+03,9.153000000000000000e+03,9.266000000000000000e+03,9.379000000000000000e+03,9.492000000000000000e+03,9.605000000000000000e+03,9.718000000000000000e+03,9.831000000000000000e+03,9.944000000000000000e+03,1.005700000000000000e+04,1.017000000000000000e+04,1.028300000000000000e+04,1.039600000000000000e+04,1.050900000000000000e+04,1.062200000000000000e+04,1.073500000000000000e+04,1.084800000000000000e+04,1.096100000000000000e+04,1.107400000000000000e+04,1.118700000000000000e+04,1.130000000000000000e+04,1.141300000000000000e+04,1.152600000000000000e+04,1.163900000000000000e+04,1.175200000000000000e+04,1.186500000000000000e+04,1.197800000000000000e+04,1.209100000000000000e+04,1.220400000000000000e+04,1.231700000000000000e+04,1.243000000000000000e+04,1.254300000000000000e+04,1.265600000000000000e+04,1.276900000000000000e+04,1.288200000000000000e+04,1.299500000000000000e+04,1.310800000000000000e+04,1.322100000000000000e+04,1.333400000000000000e+04,1.344700000000000000e+04,1.356000000000000000e+04,1.367300000000000000e+04,1.378600000000000000e+04,1.389900000000000000e+04,1.401200000000000000e+04,1.412500000000000000e+04,1.423800000000000000e+04,1.435100000000000000e+04,1.446400000000000000e+04,1.457700000000000000e+04,1.469000000000000000e+04,1.480300000000000000e+04,1.491600000000000000e+04,1.502900000000000000e+04,1.514200000000000000e+04,1.525500000000000000e+04,1.536800000000000000e+04,1.548100000000000000e+04,1.559400000000000000e+04,1.570700000000000000e+04,1.582000000000000000e+04,1.593300000000000000e+04,1.604600000000000000e+04,1.615900000000000000e+04,1.627200000000000000e+04,1.638500000000000000e+04,1.649800000000000000e+04,1.661100000000000000e+04,1.672400000000000000e+04,1.683700000000000000e+04,1.695000000000000000e+04,1.706300000000000000e+04,1.717600000000000000e+04,1.728900000000000000e+04,1.740200000000000000e+04,1.751500000000000000e+04,1.762800000000000000e+04,1.774100000000000000e+04,1.785400000000000000e+04,1.796700000000000000e+04,1.808000000000000000e+04,1.819300000000000000e+04,1.830600000000000000e+04,1.841900000000000000e+04,1.853200000000000000e+04,1.864500000000000000e+04,1.875800000000000000e+04,1.887100000000000000e+04,1.898400000000000000e+04,1.909700000000000000e+04,1.921000000000000000e+04,1.932300000000000000e+04,1.943600000000000000e+04,1.954900000000000000e+04,1.966200000000000000e+04,1.977500000000000000e+04,1.988800000000000000e+04,2.000100000000000000e+04,2.011400000000000000e+04,2.022700000000000000e+04,2.034000000000000000e+04,2.045300000000000000e+04,2.056600000000000000e+04,2.067900000000000000e+04,2.079200000000000000e+04,2.090500000000000000e+04,2.101800000000000000e+04,2.113100000000000000e+04,2.124400000000000000e+04,2.135700000000000000e+04,2.147000000000000000e+04,2.158300000000000000e+04,2.169600000000000000e+04,2.180900000000000000e+04,2.192200000000000000e+04,2.203500000000000000e+04,2.214800000000000000e+04,2.226100000000000000e+04,2.237400000000000000e+04,2.248700000000000000e+04,2.260000000000000000e+04,2.271300000000000000e+04,2.282600000000000000e+04,2.293900000000000000e+04,2.305200000000000000e+04,2.316500000000000000e+04,2.327800000000000000e+04,2.339100000000000000e+04,2.350400000000000000e+04,2.361700000000000000e+04,2.373000000000000000e+04,2.384300000000000000e+04,2.395600000000000000e+04,2.406900000000000000e+04,2.418200000000000000e+04,2.429500000000000000e+04,2.440800000000000000e+04,2.452100000000000000e+04,2.463400000000000000e+04,2.474700000000000000e+04,2.486000000000000000e+04,2.497300000000000000e+04,2.508600000000000000e+04,2.519900000000000000e+04,2.531200000000000000e+04,2.542500000000000000e+04,2.553800000000000000e+04,2.565100000000000000e+04,2.576400000000000000e+04,2.587700000000000000e+04,2.599000000000000000e+04,2.610300000000000000e+04,2.621600000000000000e+04,2.632900000000000000e+04,2.644200000000000000e+04,2.655500000000000000e+04,2.666800000000000000e+04,2.678100000000000000e+04,2.689400000000000000e+04,2.700700000000000000e+04,2.712000000000000000e+04,2.723300000000000000e+04,2.734600000000000000e+04,2.745900000000000000e+04,2.757200000000000000e+04,2.768500000000000000e+04,2.779800000000000000e+04,2.791100000000000000e+04,2.802400000000000000e+04,2.813700000000000000e+04,2.825000000000000000e+04,2.836300000000000000e+04,2.847600000000000000e+04,2.858900000000000000e+04,2.870200000000000000e+04,2.881500000000000000e+04,2.892800000000000000e+04,2.904100000000000000e+04,2.915400000000000000e+04,2.926700000000000000e+04,2.938000000000000000e+04,2.949300000000000000e+04,2.960600000000000000e+04,2.971900000000000000e+04,2.983200000000000000e+04,2.994500000000000000e+04,3.005800000000000000e+04,3.017100000000000000e+04,3.028400000000000000e+04,3.039700000000000000e+04,3.051000000000000000e+04,3.062300000000000000e+04,3.073600000000000000e+04,3.084900000000000000e+04,3.096200000000000000e+04,3.107500000000000000e+04,3.118800000000000000e+04,3.130100000000000000e+04,3.141400000000000000e+04,3.152700000000000000e+04,3.164000000000000000e+04,3.175300000000000000e+04,3.186600000000000000e+04,3.197900000000000000e+04,3.209200000000000000e+04,3.220500000000000000e+04,3.231800000000000000e+04,3.243100000000000000e+04,3.254400000000000000e+04,3.265700000000000000e+04,3.277000000000000000e+04,3.288300000000000000e+04,3.299600000000000000e+04,3.310900000000000000e+04,3.322200000000000000e+04,3.333500000000000000e+04,3.344800000000000000e+04,3.356100000000000000e+04,3.367400000000000000e+04,3.378700000000000000e+04
0.000000000000000000e+00,1.140000000000000000e+02,2.280000000000000000e+02,3.420000000000000000e+02,4.560000000000000000e+02,5.700000000000000000e+02,6.840000000000000000e+02,7.980000000000000000e+02,9.120000000000000000e+02,1.026000000000000000e+03,1.140000000000000000e+03,1.254000000000000000e+03,1.368000000000000000e+03,1.482000000000000000e+03,1.596000000000000000e+03,1.710000000000000000e+03,1.824000000000000000e+03,1.938000000000000000e+03,2.052000000000000000e+03,2.166000000000000000e+03,2.280000000000000000e+03,2.394000000000000000e+03,2.508000000000000000e+03,2.622000000000000000e+03,2.736000000000000000e+03,2.850000000000000000e+03,2.964000000000000000e+03,3.078000000000000000e+03,3.192000000000000000e+03,3.306000000000000000e+03,3.420000000000000000e+03,3.534000000000000000e+03,3.648000000000000000e+03,3.762000000000000000e+03,3.876000000000000000e+03,3.990000000000000000e+03,4.104000000000000000e+03,4.218000000000000000e+03,4.332000000000000000e+03,4.446000000000000000e+03,4.560000000000000000e+03,4.674000000000000000e+03,4.788000000000000000e+03,4.902000000000000000e+03,5.016000000000000000e+03,5.130000000000000000e+03,5.244000000000000000e+03,5.358000000000000000e+03,5.472000000000000000e+03,5.586000000000000000e+03,5.700000000000000000e+03,5.814000000000000000e+03,5.928000000000000000e+03,6.042000000000000000e+03,6.156000000000000000e+03,6.270000000000000000e+03,6.384000000000000000e+03,6.498000000000000000e+03,6.612000000000000000e+03,6.726000000000000000e+03,6.840000000000000000e+03,6.954000000000000000e+03,7.068000000000000000e+03,7.182000000000000000e+03,7.296000000000000000e+03,7.410000000000000000e+03,7.524000000000000000e+03,7.638000000000000000e+03,7.752000000000000000e+03,7.866000000000000000e+03,7.980000000000000000e+03,8.094000000000000000e+03,8.208000000000000000e+03,8.322000000000000000e+03,8.436000000000000000e+03,8.550000000000000000e+03,8.664000000000000000e+03,8.778000000000000000e+03,8.892000000000000000e+03,9.006000000000000000e+03,9.120000000000000000e+03,9.234000000000000000e+03,9.348000000000000000e+03,9.462000000000000000e+03,9.576000000000000000e+03,9.690000000000000000e+03,9.804000000000000000e+03,9.918000000000000000e+03,1.003200000000000000e+04,1.014600000000000000e+04,1.026000000000000000e+04,1.037400000000000000e+04,1.048800000000000000e+04,1.060200000000000000e+04,1.071600000000000000e+04,1.083000000000000000e+04,1.094400000000000000e+04,1.105800000000000000e+04,1.117200000000000000e+04,1.128600000000000000e+04,1.140000000000000000e+04,1.151400000000000000e+04,1.162800000000000000e+04,1.174200000000000000e+04,1.185600000000000000e+04,1.197000000000000000e+04,1.208400000000000000e+04,1.219800000000000000e+04,1.231200000000000000e+04,1.242600000000000000e+04,1.254000000000000000e+04,1.265400000000000000e+04,1.276800000000000000e+04,1.288200000000000000e+04,1.299600000000000000e+04,1.311000000000000000e+04,1.322400000000000000e+04,1.333800000000000000e+04,1.345200000000000000e+04,1.356600000000000000e+04,1.368000000000000000e+04,1.379400000000000000e+04,1.390800000000000000e+04,1.402200000000000000e+04,1.413600000000000000e+04,1.425000000000000000e+04,1.436400000000000000e+04,1.447800000000000000e+04,1.459200000000000000e+04,1.470600000000000000e+04,1.482000000000000000e+04,1.493400000000000000e+04,1.504800000000000000e+04,1.516200000000000000e+04,1.527600000000000000e+04,1.539000000000000000e+04,1.550400000000000000e+04,1.561800000000000000e+04,1.573200000000000000e+04,1.584600000000000000e+04,1.596000000000000000e+04,1.607400000000000000e+04,1.618800000000000000e+04,1.630200000000000000e+04,1.641600000000000000e+04,1.653000000000000000e+04,1.664400000000000000e+04,1.675800000000000000e+04,1.687200000000000000e+04,1.698600000000000000e+04,1.710000000000000000e+04,1.721400000000000000e+04,1.732800000000000000e+04,1.744200000000000000e+04,1.755600000000000000e+04,1.767000000000000000e+04,1.778400000000000000e+04,1.789800000000000000e+04,1.801200000000000000e+04,1.812600000000000000e+04,1.824000000000000000e+04,1.835400000000000000e+04,1.846800000000000000e+04,1.858200000000000000e+04,1.869600000000000000e+04,1.881000000000000000e+04,1.892400000000000000e+04,1.903800000000000000e+04,1.915200000000000000e+04,1.926600000000000000e+04,1.938000000000000000e+04,1.949400000000000000e+04,1.960800000000000000e+04,1.972200000000000000e+04,1.983600000000000000e+04,1.995000000000000000e+04,2.006400000000000000e+04,2.017800000000000000e+04,2.029200000000000000e+04,2.040600000000000000e+04,2.052000000000000000e+04,2.063400000000000000e+04,2.074800000000000000e+04,2.086200000000000000e+04,2.097600000000000000e+04,2.109000000000000000e+04,2.120400000000000000e+04,2.131800000000000000e+04,2.143200000000000000e+04,2.154600000000000000e+04,2.166000000000000000e+04,2.177400000000000000e+04,2.188800000000000000e+04,2.200200000000000000e+04,2.211600000000000000e+04,2.223000000000000000e+04,2.234400000000000000e+04,2.245800000000000000e+04,2.257200000000000000e+04,2.268600000000000000e+04,2.280000000000000000e+04,2.291400000000000000e+04,2.302800000000000000e+04,2.314200000000000000e+04,2.325600000000000000e+04,2.337000000000000000e+04,2.348400000000000000e+04,2.359800000000000000e+04,2.371200000000000000e+04,2.382600000000000000e+04,2.394000000000000000e+04,2.405400000000000000e+04,2.416800000000000000e+04,2.428200000000000000e+04,2.439600000000000000e+04,2.451000000000000000e+04,2.462400000000000000e+04,2.473800000000000000e+04,2.485200000000000000e+04,2.496600000000000000e+04,2.508000000000000000e+04,2.519400000000000000e+04,2.530800000000000000e+04,2.542200000000000000e+04,2.553600000000000000e+04,2.565000000000000000e+04,2.576400000000000000e+04,2.587800000000000000e+04,2.599200000000000000e+04,2.610600000000000000e+04,2.622000000000000000e+04,2.633400000000000000e+04,2.644800000000000000e+04,2.656200000000000000e+04,2.667600000000000000e+04,2.679000000000000000e+04,2.690400000000000000e+04,2.701800000000000000e+04,2.713200000000000000e+04,2.724600000000000000e+04,2.736000000000000000e+04,2.747400000000000000e+04,2.758800000000000000e+04,2.770200000000000000e+04,2.781600000000000000e+04,2.793000000000000000e+04,2.804400000000000000e+04,2.815800000000000000e+04,2.827200000000000000e+04,2.838600000000000000e+04,2.850000000000000000e+04,2.861400000000000000e+04,2.872800000000000000e+04,2.884200000000000000e+04,2.895600000000000000e+04,2.907000000000000000e+04,2.918400000000000000e+04,2.929800000000000000e+04,2.941200000000000000e+04,2.952600000000000000e+04,2.964000000000000000e+04,2.975400000000000000e+04,2.986800000000000000e+04,2.998200000000000000e+04,3.009600000000000000e+04,3.021000000000000000e+04,3.032400000000000000e+04,3.043800000000000000e+04,3.055200000000000000e+04,3.066600000000000000e+04,3.078000000000000000e+04,3.089400000000000000e+04,3.100800000000000000e+04,3.112200000000000000e+04,3.123600000000000000e+04,3.135000000000000000e+04,3.146400000000000000e+04,3.157800000000000000e+04,3.169200000000000000e+04,3.180600000000000000e+04,3.192000000000000000e+04,3.203400000000000000e+04,3.214800000000000000e+04,3.226200000000000000e+04,3.237600000000000000e+04,3.249000000000000000e+04,3.260400000000000000e+04,3.271800000000000000e+04,3.283200000000000000e+04,3.294600000000000000e+04,3.306000000000000000e+04,3.317400000000000000e+04,3.328800000000000000e+04,3.340200000000000000e+04,3.351600000000000000e+04,3.363000000000000000e+04,3.374400000000000000e+04,3.385800000000000000e+04,3.397200000000000000e+04,3.408600000000000000e+04
0.000000000000000000e+00,1.150000000000000000e+02,2.300000000000000000e+02,3.450000000000000000e+02,4.600000000000000000e+02,5.750000000000000000e+02,6.900000000000000000e+02,8.050000000000000000e+02,9.200000000000000000e+02,1.035000000000000000e+03,1.150000000000000000e+03,1.265000000000000000e+03,1.380000000000000000e+03,1.495000000000000000e+03,1.610000000000000000e+03,1.725000000000000000e+03,1.840000000000000000e+03,1.955000000000000000e+03,2.070000000000000000e+03,2.185000000000000000e+03,2.300000000000000000e+03,2.415000000000000000e+03,2.530000000000000000e+03,2.645000000000000000e+03,2.760000000000000000e+03,2.875000000000000000e+03,2.990000000000000000e+03,3.105000000000000000e+03,3.220000000000000000e+03,3.335000000000000000e+03,3.450000000000000000e+03,3.565000000000000000e+03,3.680000000000000000e+03,3.795000000000000000e+03,3.910000000000000000e+03,4.025000000000000000e+03,4.140000000000000000e+03,4.255000000000000000e+03,4.370000000000000000e+03,4.485000000000000000e+03,4.600000000000000000e+03,4.715000000000000000e+03,4.830000000000000000e+03,4.945000000000000000e+03,5.060000000000000000e+03,5.175000000000000000e+03,5.290000000000000000e+03,5.405000000000000000e+03,5.520000000000000000e+03,5.635000000000000000e+03,5.750000000000000000e+03,5.865000000000000000e+03,5.980000000000000000e+03,6.095000000000000000e+03,6.210000000000000000e+03,6.325000000000000000e+03,6.440000000000000000e+03,6.555000000000000000e+03,6.670000000000000000e+03,6.785000000000000000e+03,6.900000000000000000e+03,7.015000000000000000e+03,7.130000000000000000e+03,7.245000000000000000e+03,7.360000000000000000e+03,7.475000000000000000e+03,7.590000000000000000e+03,7.705000000000000000e+03,7.820000000000000000e+03,7.935000000000000000e+03,8.050000000000000000e+03,8.165000000000000000e+03,8.280000000000000000e+03,8.395000000000000000e+03,8.510000000000000000e+03,8.625000000000000000e+03,8.740000000000000000e+03,8.855000000000000000e+03,8.970000000000000000e+03,9.085000000000000000e+03,9.200000000000000000e+03,9.315000000000000000e+03,9.430000000000000000e+03,9.545000000000000000e+03,9.660000000000000000e+03,9.775000000000000000e+03,9.890000000000000000e+03,1.000500000000000000e+04,1.012000000000000000e+04,1.023500000000000000e+04,1.035000000000000000e+04,1.046500000000000000e+04,1.058000000000000000e+04,1.069500000000000000e+04,1.081000000000000000e+04,1.092500000000000000e+04,1.104000000000000000e+04,1.115500000000000000e+04,1.127000000000000000e+04,1.138500000000000000e+04,1.150000000000000000e+04,1.161500000000000000e+04,1.173000000000000000e+04,1.184500000000000000e+04,1.196000000000000000e+04,1.207500000000000000e+04,1.219000000000000000e+04,1.230500000000000000e+04,1.242000000000000000e+04,1.253500000000000000e+04,1.265000000000000000e+04,1.276500000000000000e+04,1.288000000000000000e+04,1.299500000000000000e+04,1.311000000000000000e+04,1.322500000000000000e+04,1.334000000000000000e+04,1.345500000000000000e+04,1.357000000000000000e+04,1.368500000000000000e+04,1.380000000000000000e+04,1.391500000000000000e+04,1.403000000000000000e+04,1.414500000000000000e+04,1.426000000000000000e+04,1.437500000000000000e+04,1.449000000000000000e+04,1.460500000000000000e+04,1.472000000000000000e+04,1.483500000000000000e+04,1.495000000000000000e+04,1.506500000000000000e+04,1.518000000000000000e+04,1.529500000000000000e+04,1.541000000000000000e+04,1.552500000000000000e+04,1.564000000000000000e+04,1.575500000000000000e+04,1.587000000000000000e+04,1.598500000000000000e+04,1.610000000000000000e+04,1.621500000000000000e+04,1.633000000000000000e+04,1.644500000000000000e+04,1.656000000000000000e+04,1.667500000000000000e+04,1.679000000000000000e+04,1.690500000000000000e+04,1.702000000000000000e+04,1.713500000000000000e+04,1.725000000000000000e+04,1.736500000000000000e+04,1.748000000000000000e+04,1.759500000000000000e+04,1.771000000000000000e+04,1.782500000000000000e+04,1.794000000000000000e+04,1.805500000000000000e+04,1.817000000000000000e+04,1.828500000000000000e+04,1.840000000000000000e+04,1.851500000000000000e+04,1.863000000000000000e+04,1.874500000000000000e+04,1.886000000000000000e+04,1.897500000000000000e+04,1.909000000000000000e+04,1.920500000000000000e+04,1.932000000000000000e+04,1.943500000000000000e+04,1.955000000000000000e+04,1.966500000000000000e+04,1.978000000000000000e+04,1.989500000000000000e+04,2.001000000000000000e+04,2.012500000000000000e+04,2.024000000000000000e+04,2.035500000000000000e+04,2.047000000000000000e+04,2.058500000000000000e+04,2.070000000000000000e+04,2.081500000000000000e+04,2.093000000000000000e+04,2.104500000000000000e+04,2.116000000000000000e+04,2.127500000000000000e+04,2.139000000000000000e+04,2.150500000000000000e+04,2.162000000000000000e+04,2.173500000000000000e+04,2.185000000000000000e+04,2.196500000000000000e+04,2.208000000000000000e+04,2.219500000000000000e+04,2.231000000000000000e+04,2.242500000000000000e+04,2.254000000000000000e+04,2.265500000000000000e+04,2.277000000000000000e+04,2.288500000000000000e+04,2.300000000000000000e+04,2.311500000000000000e+04,2.323000000000000000e+04,2.334500000000000000e+04,2.346000000000000000e+04,2.357500000000000000e+04,2.369000000000000000e+04,2.380500000000000000e+04,2.392000000000000000e+04,2.403500000000000000e+04,2.415000000000000000e+04,2.426500000000000000e+04,2.438000000000000000e+04,2.449500000000000000e+04,2.461000000000000000e+04,2.472500000000000000e+04,2.484000000000000000e+04,2.495500000000000000e+04,2.507000000000000000e+04,2.518500000000000000e+04,2.530000000000000000e+04,2.541500000000000000e+04,2.553000000000000000e+04,2.564500000000000000e+04,2.576000000000000000e+04,2.587500000000000000e+04,2.599000000000000000e+04,2.610500000000000000e+04,2.622000000000000000e+04,2.633500000000000000e+04,2.645000000000000000e+04,2.656500000000000000e+04,2.668000000000000000e+04,2.679500000000000000e+04,2.691000000000000000e+04,2.702500000000000000e+04,2.714000000000000000e+04,2.725500000000000000e+04,2.737000000000000000e+04,2.748500000000000000e+04,2.760000000000000000e+04,2.771500000000000000e+04,2.783000000000000000e+04,2.794500000000000000e+04,2.806000000000000000e+04,2.817500000000000000e+04,2.829000000000000000e+04,2.840500000000000000e+04,2.852000000000000000e+04,2.863500000000000000e+04,2.875000000000000000e+04,2.886500000000000000e+04,2.898000000000000000e+04,2.909500000000000000e+04,2.921000000000000000e+04,2.932500000000000000e+04,2.944000000000000000e+04,2.955500000000000000e+04,2.967000000000000000e+04,2.978500000000000000e+04,2.990000000000000000e+04,3.001500000000000000e+04,3.013000000000000000e+04,3.024500000000000000e+04,3.036000000000000000e+04,3.047500000000000000e+04,3.059000000000000000e+04,3.070500000000000000e+04,3.082000000000000000e+04,3.093500000000000000e+04,3.105000000000000000e+04,3.116500000000000000e+04,3.128000000000000000e+04,3.139500000000000000e+04,3.151000000000000000e+04,3.162500000000000000e+04,3.174000000000000000e+04,3.185500000000000000e+04,3.197000000000000000e+04,3.208500000000000000e+04,3.220000000000000000e+04,3.231500000000000000e+04,3.243000000000000000e+04,3.254500000000000000e+04,3.266000000000000000e+04,3.277500000000000000e+04,3.289000000000000000e+04,3.300500000000000000e+04,3.312000000000000000e+04,3.323500000000000000e+04,3.335000000000000000e+04,3.346500000000000000e+04,3.358000000000000000e+04,3.369500000000000000e+04,3.381000000000000000e+04,3.392500000000000000e+04,3.404000000000000000e+04,3.415500000000000000e+04,3.427000000000000000e+04,3.438500000000000000e+04
0.000000000000000000e+00,1.160000000000000000e+02,2.320000000000000000e+02,3.480000000000000000e+02,4.640000000000000000e+02,5.800000000000000000e+02,6.960000000000000000e+02,8.120000000000000000e+02,9.280000000000000000e+02,1.044000000000000000e+03,1.160000000000000000e+03,1.276000000000000000e+03,1.392000000000000000e+03,1.508000000000000000e+03,1.624000000000000000e+03,1.740000000000000000e+03,1.856000000000000000e+03,1.972000000000000000e+03,2.088000000000000000e+03,2.204000000000000000e+03,2.320000000000000000e+03,2.436000000000000000e+03,2.552000000000000000e+03,2.668000000000000000e+03,2.784000000000000000e+03,2.900000000000000000e+03,3.016000000000000000e+03,3.132000000000000000e+03,3.248000000000000000e+03,3.364000000000000000e+03,3.480000000000000000e+03,3.596000000000000000e+03,3.712000000000000000e+03,3.828000000000000000e+03,3.944000000000000000e+03,4.060000000000000000e+03,4.176000000000000000e+03,4.292000000000000000e+03,4.408000000000000000e+03,4.524000000000000000e+03,4.640000000000000000e+03,4.756000000000000000e+03,4.872000000000000000e+03,4.988000000000000000e+03,5.104000000000000000e+03,5.220000000000000000e+03,5.336000000000000000e+03,5.452000000000000000e+03,5.568000000000000000e+03,5.684000000000000000e+03,5.800000000000000000e+03,5.916000000000000000e+03,6.032000000000000000e+03,6.148000000000000000e+03,6.264000000000000000e+03,6.380000000000000000e+03,6.496000000000000000e+03,6.612000000000000000e+03,6.728000000000000000e+03,6.844000000000000000e+03,6.960000000000000000e+03,7.076000000000000000e+03,7.192000000000000000e+03,7.308000000000000000e+03,7.424000000000000000e+03,7.540000000000000000e+03,7.656000000000000000e+03,7.772000000000000000e+03,7.888000000000000000e+03,8.004000000000000000e+03,8.120000000000000000e+03,8.236000000000000000e+03,8.352000000000000000e+03,8.468000000000000000e+03,8.584000000000000000e+03,8.700000000000000000e+03,8.816000000000000000e+03,8.932000000000000000e+03,9.048000000000000000e+03,9.164000000000000000e+03,9.280000000000000000e+03,9.396000000000000000e+03,9.512000000000000000e+03,9.628000000000000000e+03,9.744000000000000000e+03,9.860000000000000000e+03,9.976000000000000000e+03,1.009200000000000000e+04,1.020800000000000000e+04,1.032400000000000000e+04,1.044000000000000000e+04,1.055600000000000000e+04,1.067200000000000000e+04,1.078800000000000000e+04,1.090400000000000000e+04,1.102000000000000000e+04,1.113600000000000000e+04,1.125200000000000000e+04,1.136800000000000000e+04,1.148400000000000000e+04,1.160000000000000000e+04,1.171600000000000000e+04,1.183200000000000000e+04,1.194800000000000000e+04,1.206400000000000000e+04,1.218000000000000000e+04,1.229600000000000000e+04,1.241200000000000000e+04,1.252800000000000000e+04,1.264400000000000000e+04,1.276000000000000000e+04,1.287600000000000000e+04,1.299200000000000000e+04,1.310800000000000000e+04,1.322400000000000000e+04,1.334000000000000000e+04,1.345600000000000000e+04,1.357200000000000000e+04,1.368800000000000000e+04,1.380400000000000000e+04,1.392000000000000000e+04,1.403600000000000000e+04,1.415200000000000000e+04,1.426800000000000000e+04,1.438400000000000000e+04,1.450000000000000000e+04,1.461600000000000000e+04,1.473200000000000000e+04,1.484800000000000000e+04,1.496400000000000000e+04,1.508000000000000000e+04,1.519600000000000000e+04,1.531200000000000000e+04,1.542800000000000000e+04,1.554400000000000000e+04,1.566000000000000000e+04,1.577600000000000000e+04,1.589200000000000000e+04,1.600800000000000000e+04,1.612400000000000000e+04,1.624000000000000000e+04,1.635600000000000000e+04,1.647200000000000000e+04,1.658800000000000000e+04,1.670400000000000000e+04,1.682000000000000000e+04,1.693600000000000000e+04,1.705200000000000000e+04,1.716800000000000000e+04,1.728400000000000000e+04,1.740000000000000000e+04,1.751600000000000000e+04,1.763200000000000000e+04,1.774800000000000000e+04,1.786400000000000000e+04,1.798000000000000000e+04,1.809600000000000000e+04,1.821200000000000000e+04,1.832800000000000000e+04,1.844400000000000000e+04,1.856000000000000000e+04,1.867600000000000000e+04,1.879200000000000000e+04,1.890800000000000000e+04,1.902400000000000000e+04,1.914000000000000000e+04,1.925600000000000000e+04,1.937200000000000000e+04,1.948800000000000000e+04,1.960400000000000000e+04,1.972000000000000000e+04,1.983600000000000000e+04,1.995200000000000000e+04,2.006800000000000000e+04,2.018400000000000000e+04,2.030000000000000000e+04,2.041600000000000000e+04,2.053200000000000000e+04,2.064800000000000000e+04,2.076400000000000000e+04,2.088000000000000000e+04,2.099600000000000000e+04,2.111200000000000000e+04,2.122800000000000000e+04,2.134400000000000000e+04,2.146000000000000000e+04,2.157600000000000000e+04,2.169200000000000000e+04,2.180800000000000000e+04,2.192400000000000000e+04,2.204000000000000000e+04,2.215600000000000000e+04,2.227200000000000000e+04,2.238800000000000000e+04,2.250400000000000000e+04,2.262000000000000000e+04,2.273600000000000000e+04,2.285200000000000000e+04,2.296800000000000000e+04,2.308400000000000000e+04,2.320000000000000000e+04,2.331600000000000000e+04,2.343200000000000000e+04,2.354800000000000000e+04,2.366400000000000000e+04,2.378000000000000000e+04,2.389600000000000000e+04,2.401200000000000000e+04,2.412800000000000000e+04,2.424400000000000000e+04,2.436000000000000000e+04,2.447600000000000000e+04,2.459200000000000000e+04,2.470800000000000000e+04,2.482400000000000000e+04,2.494000000000000000e+04,2.505600000000000000e+04,2.517200000000000000e+04,2.528800000000000000e+04,2.540400000000000000e+04,2.552000000000000000e+04,2.563600000000000000e+04,2.575200000000000000e+04,2.586800000000000000e+04,2.598400000000000000e+04,2.610000000000000000e+04,2.621600000000000000e+04,2.633200000000000000e+04,2.644800000000000000e+04,2.656400000000000000e+04,2.668000000000000000e+04,2.679600000000000000e+04,2.691200000000000000e+04,2.702800000000000000e+04,2.714400000000000000e+04,2.726000000000000000e+04,2.737600000000000000e+04,2.749200000000000000e+04,2.760800000000000000e+04,2.772400000000000000e+04,2.784000000000000000e+04,2.795600000000000000e+04,2.807200000000000000e+04,2.818800000000000000e+04,2.830400000000000000e+04,2.842000000000000000e+04,2.853600000000000000e+04,2.865200000000000000e+04,2.876800000000000000e+04,2.888400000000000000e+04,2.900000000000000000e+04,2.911600000000000000e+04,2.923200000000000000e+04,2.934800000000000000e+04,2.946400000000000000e+04,2.958000000000000000e+04,2.969600000000000000e+04,2.981200000000000000e+04,2.992800000000000000e+04,3.004400000000000000e+04,3.016000000000000000e+04,3.027600000000000000e+04,3.039200000000000000e+04,3.050800000000000000e+04,3.062400000000000000e+04,3.074000000000000000e+04,3.085600000000000000e+04,3.097200000000000000e+04,3.108800000000000000e+04,3.120400000000000000e+04,3.132000000000000000e+04,3.143600000000000000e+04,3.155200000000000000e+04,3.166800000000000000e+04,3.178400000000000000e+04,3.190000000000000000e+04,3.201600000000000000e+04,3.213200000000000000e+04,3.224800000000000000e+04,3.236400000000000000e+04,3.248000000000000000e+04,3.259600000000000000e+04,3.271200000000000000e+04,3.282800000000000000e+04,3.294400000000000000e+04,3.306000000000000000e+04,3.317600000000000000e+04,3.329200000000000000e+04,3.340800000000000000e+04,3.352400000000000000e+04,3.364000000000000000e+04,3.375600000000000000e+04,3.387200000000000000e+04,3.398800000000000000e+04,3.410400000000000000e+04,3.422000000000000000e+04,3.433600000000000000e+04,3.445200000000000000e+04,3.456800000000000000e+04,3.468400000000000000e+04
0.000000000000000000e+00,1.170000000000000000e+02,2.340000000000000000e+02,3.510000000000000000e+02,4.680000000000000000e+02,5.850000000000000000e+02,7.020000000000000000e+02,8.190000000000000000e+02,9.360000000000000000e+02,1.053000000000000000e+03,1.170000000000000000e+03,1.287000000000000000e+03,1.404000000000000000e+03,1.521000000000000000e+03,1.638000000000000000e+03,1.755000000000000000e+03,1.872000000000000000e+03,1.989000000000000000e+03,2.106000000000000000e+03,2.223000000000000000e+03,2.340000000000000000e+03,2.457000000000000000e+03,2.574000000000000000e+03,2.691000000000000000e+03,2.808000000000000000e+03,2.925000000000000000e+03,3.042000000000000000e+03,3.159000000000000000e+03,3.276000000000000000e+03,3.393000000000000000e+03,3.510000000000000000e+03,3.627000000000000000e+03,3.744000000000000000e+03,3.861000000000000000e+03,3.978000000000000000e+03,4.095000000000000000e+03,4.212000000000000000e+03,4.329000000000000000e+03,4.446000000000000000e+03,4.563000000000000000e+03,4.680000000000000000e+03,4.797000000000000000e+03,4.914000000000000000e+03,5.031000000000000000e+03,5.148000000000000000e+03,5.265000000000000000e+03,5.382000000000000000e+03,5.499000000000000000e+03,5.616000000000000000e+03,5.733000000000000000e+03,5.850000000000000000e+03,5.967000000000000000e+03,6.084000000000000000e+03,6.201000000000000000e+03,6.318000000000000000e+03,6.435000000000000000e+03,6.552000000000000000e+03,6.669000000000000000e+03,6.786000000000000000e+03,6.903000000000000000e+03,7.020000000000000000e+03,7.137000000000000000e+03,7.254000000000000000e+03,7.371000000000000000e+03,7.488000000000000000e+03,7.605000000000000000e+03,7.722000000000000000e+03,7.839000000000000000e+03,7.956000000000000000e+03,8.073000000000000000e+03,8.190000000000000000e+03,8.307000000000000000e+03,8.424000000000000000e+03,8.541000000000000000e+03,8.658000000000000000e+03,8.775000000000000000e+03,8.892000000000000000e+03,9.009000000000000000e+03,9.126000000000000000e+03,9.243000000000000000e+03,9.360000000000000000e+03,9.477000000000000000e+03,9.594000000000000000e+03,9.711000000000000000e+03,9.828000000000000000e+03,9.945000000000000000e+03,1.006200000000000000e+04,1.017900000000000000e+04,1.029600000000000000e+04,1.041300000000000000e+04,1.053000000000000000e+04,1.064700000000000000e+04,1.076400000000000000e+04,1.088100000000000000e+04,1.099800000000000000e+04,1.111500000000000000e+04,1.123200000000000000e+04,1.134900000000000000e+04,1.146600000000000000e+04,1.158300000000000000e+04,1.170000000000000000e+04,1.181700000000000000e+04,1.193400000000000000e+04,1.205100000000000000e+04,1.216800000000000000e+04,1.228500000000000000e+04,1.240200000000000000e+04,1.251900000000000000e+04,1.263600000000000000e+04,1.275300000000000000e+04,1.287000000000000000e+04,1.298700000000000000e+04,1.310400000000000000e+04,1.322100000000000000e+04,1.333800000000000000e+04,1.345500000000000000e+04,1.357200000000000000e+04,1.368900000000000000e+04,1.380600000000000000e+04,1.392300000000000000e+04,1.404000000000000000e+04,1.415700000000000000e+04,1.427400000000000000e+04,1.439100000000000000e+04,1.450800000000000000e+04,1.462500000000000000e+04,1.474200000000000000e+04,1.485900000000000000e+04,1.497600000000000000e+04,1.509300000000000000e+04,1.521000000000000000e+04,1.532700000000000000e+04,1.544400000000000000e+04,1.556100000000000000e+04,1.567800000000000000e+04,1.579500000000000000e+04,1.591200000000000000e+04,1.602900000000000000e+04,1.614600000000000000e+04,1.626300000000000000e+04,1.638000000000000000e+04,1.649700000000000000e+04,1.661400000000000000e+04,1.673100000000000000e+04,1.684800000000000000e+04,1.696500000000000000e+04,1.708200000000000000e+04,1.719900000000000000e+04,1.731600000000000000e+04,1.743300000000000000e+04,1.755000000000000000e+04,1.766700000000000000e+04,1.778400000000000000e+04,1.790100000000000000e+04,1.801800000000000000e+04,1.813500000000000000e+04,1.825200000000000000e+04,1.836900000000000000e+04,1.848600000000000000e+04,1.860300000000000000e+04,1.872000000000000000e+04,1.883700000000000000e+04,1.895400000000000000e+04,1.907100000000000000e+04,1.918800000000000000e+04,1.930500000000000000e+04,1.942200000000000000e+04,1.953900000000000000e+04,1.965600000000000000e+04,1.977300000000000000e+04,1.989000000000000000e+04,2.000700000000000000e+04,2.012400000000000000e+04,2.024100000000000000e+04,2.035800000000000000e+04,2.047500000000000000e+04,2.059200000000000000e+04,2.070900000000000000e+04,2.082600000000000000e+04,2.094300000000000000e+04,2.106000000000000000e+04,2.117700000000000000e+04,2.129400000000000000e+04,2.141100000000000000e+04,2.152800000000000000e+04,2.164500000000000000e+04,2.176200000000000000e+04,2.187900000000000000e+04,2.199600000000000000e+04,2.211300000000000000e+04,2.223000000000000000e+04,2.234700000000000000e+04,2.246400000000000000e+04,2.258100000000000000e+04,2.269800000000000000e+04,2.281500000000000000e+04,2.293200000000000000e+04,2.304900000000000000e+04,2.316600000000000000e+04,2.328300000000000000e+04,2.340000000000000000e+04,2.351700000000000000e+04,2.363400000000000000e+04,2.375100000000000000e+04,2.386800000000000000e+04,2.398500000000000000e+04,2.410200000000000000e+04,2.421900000000000000e+04,2.433600000000000000e+04,2.445300000000000000e+04,2.457000000000000000e+04,2.468700000000000000e+04,2.480400000000000000e+04,2.492100000000000000e+04,2.503800000000000000e+04,2.515500000000000000e+04,2.527200000000000000e+04,2.538900000000000000e+04,2.550600000000000000e+04,2.562300000000000000e+04,2.574000000000000000e+04,2.585700000000000000e+04,2.597400000000000000e+04,2.609100000000000000e+04,2.620800000000000000e+04,2.632500000000000000e+04,2.644200000000000000e+04,2.655900000000000000e+04,2.667600000000000000e+04,2.679300000000000000e+04,2.691000000000000000e+04,2.702700000000000000e+04,2.714400000000000000e+04,2.726100000000000000e+04,2.737800000000000000e+04,2.749500000000000000e+04,2.761200000000000000e+04,2.772900000000000000e+04,2.784600000000000000e+04,2.796300000000000000e+04,2.808000000000000000e+04,2.819700000000000000e+04,2.831400000000000000e+04,2.843100000000000000e+04,2.854800000000000000e+04,2.866500000000000000e+04,2.878200000000000000e+04,2.889900000000000000e+04,2.901600000000000000e+04,2.913300000000000000e+04,2.925000000000000000e+04,2.936700000000000000e+04,2.948400000000000000e+04,2.960100000000000000e+04,2.971800000000000000e+04,2.983500000000000000e+04,2.995200000000000000e+04,3.006900000000000000e+04,3.018600000000000000e+04,3.030300000000000000e+04,3.042000000000000000e+04,3.053700000000000000e+04,3.065400000000000000e+04,3.077100000000000000e+04,3.088800000000000000e+04,3.100500000000000000e+04,3.112200000000000000e+04,3.123900000000000000e+04,3.135600000000000000e+04,3.147300000000000000e+04,3.159000000000000000e+04,3.170700000000000000e+04,3.182400000000000000e+04,3.194100000000000000e+04,3.205800000000000000e+04,3.217500000000000000e+04,3.229200000000000000e+04,3.240900000000000000e+04,3.252600000000000000e+04,3.264300000000000000e+04,3.276000000000000000e+04,3.287700000000000000e+04,3.299400000000000000e+04,3.311100000000000000e+04,3.322800000000000000e+04,3.334500000000000000e+04,3.346200000000000000e+04,3.357900000000000000e+04,3.369600000000000000e+04,3.381300000000000000e+04,3.393000000000000000e+04,3.404700000000000000e+04,3.416400000000000000e+04,3.428100000000000000e+04,3.439800000000000000e+04,3.451500000000000000e+04,3.463200000000000000e+04,3.474900000000000000e+04,3.486600000000000000e+04,3.498300000000000000e+04
0.000000000000000000e+00,1.180000000000000000e+02,2.360000000000000000e+02,3.540000000000000000e+02,4.720000000000000000e+02,5.900000000000000000e+02,7.080000000000000000e+02,8.260000000000000000e+02,9.440000000000000000e+02,1.062000000000000000e+03,1.180000000000000000e+03,1.298000000000000000e+03,1.416000000000000000e+03,1.534000000000000000e+03,1.652000000000000000e+03,1.770000000000000000e+03,1.888000000000000000e+03,2.006000000000000000e+03,2.124000000000000000e+03,2.242000000000000000e+03,2.360000000000000000e+03,2.478000000000000000e+03,2.596000000000000000e+03,2.714000000000000000e+03,2.832000000000000000e+03,2.950000000000000000e+03,3.068000000000000000e+03,3.186000000000000000e+03,3.304000000000000000e+03,3.422000000000000000e+03,3.540000000000000000e+03,3.658000000000000000e+03,3.776000000000000000e+03,3.894000000000000000e+03,4.012000000000000000e+03,4.130000000000000000e+03,4.248000000000000000e+03,4.366000000000000000e+03,4.484000000000000000e+03,4.602000000000000000e+03,4.720000000000000000e+03,4.838000000000000000e+03,4.956000000000000000e+03,5.074000000000000000e+03,5.192000000000000000e+03,5.310000000000000000e+03,5.428000000000000000e+03,5.546000000000000000e+03,5.664000000000000000e+03,5.782000000000000000e+03,5.900000000000000000e+03,6.018000000000000000e+03,6.136000000000000000e+03,6.254000000000000000e+03,6.372000000000000000e+03,6.490000000000000000e+03,6.608000000000000000e+03,6.726000000000000000e+03,6.844000000000000000e+03,6.962000000000000000e+03,7.080000000000000000e+03,7.198000000000000000e+03,7.316000000000000000e+03,7.434000000000000000e+03,7.552000000000000000e+03,7.670000000000000000e+03,7.788000000000000000e+03,7.906000000000000000e+03,8.024000000000000000e+03,8.142000000000000000e+03,8.260000000000000000e+03,8.378000000000000000e+03,8.496000000000000000e+03,8.614000000000000000e+03,8.732000000000000000e+03,8.850000000000000000e+03,8.968000000000000000e+03,9.086000000000000000e+03,9.204000000000000000e+03,9.322000000000000000e+03,9.440000000000000000e+03,9.558000000000000000e+03,9.676000000000000000e+03,9.794000000000000000e+03,9.912000000000000000e+03,1.003000000000000000e+04,1.014800000000000000e+04,1.026600000000000000e+04,1.038400000000000000e+04,1.050200000000000000e+04,1.062000000000000000e+04,1.073800000000000000e+04,1.085600000000000000e+04,1.097400000000000000e+04,1.109200000000000000e+04,1.121000000000000000e+04,1.132800000000000000e+04,1.144600000000000000e+04,1.156400000000000000e+04,1.168200000000000000e+04,1.180000000000000000e+04,1.191800000000000000e+04,1.203600000000000000e+04,1.215400000000000000e+04,1.227200000000000000e+04,1.239000000000000000e+04,1.250800000000000000e+04,1.262600000000000000e+04,1.274400000000000000e+04,1.286200000000000000e+04,1.298000000000000000e+04,1.309800000000000000e+04,1.321600000000000000e+04,1.333400000000000000e+04,1.345200000000000000e+04,1.357000000000000000e+04,1.368800000000000000e+04,1.380600000000000000e+04,1.392400000000000000e+04,1.404200000000000000e+04,1.416000000000000000e+04,1.427800000000000000e+04,1.439600000000000000e+04,1.451400000000000000e+04,1.463200000000000000e+04,1.475000000000000000e+04,1.486800000000000000e+04,1.498600000000000000e+04,1.510400000000000000e+04,1.522200000000000000e+04,1.534000000000000000e+04,1.545800000000000000e+04,1.557600000000000000e+04,1.569400000000000000e+04,1.581200000000000000e+04,1.593000000000000000e+04,1.604800000000000000e+04,1.616600000000000000e+04,1.628400000000000000e+04,1.640200000000000000e+04,1.652000000000000000e+04,1.663800000000000000e+04,1.675600000000000000e+04,1.687400000000000000e+04,1.699200000000000000e+04,1.711000000000000000e+04,1.722800000000000000e+04,1.734600000000000000e+04,1.746400000000000000e+04,1.758200000000000000e+04,1.770000000000000000e+04,1.781800000000000000e+04,1.793600000000000000e+04,1.805400000000000000e+04,1.817200000000000000e+04,1.829000000000000000e+04,1.840800000000000000e+04,1.852600000000000000e+04,1.864400000000000000e+04,1.876200000000000000e+04,1.888000000000000000e+04,1.899800000000000000e+04,1.911600000000000000e+04,1.923400000000000000e+04,1.935200000000000000e+04,1.947000000000000000e+04,1.958800000000000000e+04,1.970600000000000000e+04,1.982400000000000000e+04,1.994200000000000000e+04,2.006000000000000000e+04,2.017800000000000000e+04,2.029600000000000000e+04,2.041400000000000000e+04,2.053200000000000000e+04,2.065000000000000000e+04,2.076800000000000000e+04,2.088600000000000000e+04,2.100400000000000000e+04,2.112200000000000000e+04,2.124000000000000000e+04,2.135800000000000000e+04,2.147600000000000000e+04,2.159400000000000000e+04,2.171200000000000000e+04,2.183000000000000000e+04,2.194800000000000000e+04,2.206600000000000000e+04,2.218400000000000000e+04,2.230200000000000000e+04,2.242000000000000000e+04,2.253800000000000000e+04,2.265600000000000000e+04,2.277400000000000000e+04,2.289200000000000000e+04,2.301000000000000000e+04,2.312800000000000000e+04,2.324600000000000000e+04,2.336400000000000000e+04,2.348200000000000000e+04,2.360000000000000000e+04,2.371800000000000000e+04,2.383600000000000000e+04,2.395400000000000000e+04,2.407200000000000000e+04,2.419000000000000000e+04,2.430800000000000000e+04,2.442600000000000000e+04,2.454400000000000000e+04,2.466200000000000000e+04,2.478000000000000000e+04,2.489800000000000000e+04,2.501600000000000000e+04,2.513400000000000000e+04,2.525200000000000000e+04,2.537000000000000000e+04,2.548800000000000000e+04,2.560600000000000000e+04,2.572400000000000000e+04,2.584200000000000000e+04,2.596000000000000000e+04,2.607800000000000000e+04,2.619600000000000000e+04,2.631400000000000000e+04,2.643200000000000000e+04,2.655000000000000000e+04,2.666800000000000000e+04,2.678600000000000000e+04,2.690400000000000000e+04,2.702200000000000000e+04,2.714000000000000000e+04,2.725800000000000000e+04,2.737600000000000000e+04,2.749400000000000000e+04,2.761200000000000000e+04,2.773000000000000000e+04,2.784800000000000000e+04,2.796600000000000000e+04,2.808400000000000000e+04,2.820200000000000000e+04,2.832000000000000000e+04,2.843800000000000000e+04,2.855600000000000000e+04,2.867400000000000000e+04,2.879200000000000000e+04,2.891000000000000000e+04,2.902800000000000000e+04,2.914600000000000000e+04,2.926400000000000000e+04,2.938200000000000000e+04,2.950000000000000000e+04,2.961800000000000000e+04,2.973600000000000000e+04,2.985400000000000000e+04,2.997200000000000000e+04,3.009000000000000000e+04,3.020800000000000000e+04,3.032600000000000000e+04,3.044400000000000000e+04,3.056200000000000000e+04,3.068000000000000000e+04,3.079800000000000000e+04,3.091600000000000000e+04,3.103400000000000000e+04,3.115200000000000000e+04,3.127000000000000000e+04,3.138800000000000000e+04,3.150600000000000000e+04,3.162400000000000000e+04,3.174200000000000000e+04,3.186000000000000000e+04,3.197800000000000000e+04,3.209600000000000000e+04,3.221400000000000000e+04,3.233200000000000000e+04,3.245000000000000000e+04,3.256800000000000000e+04,3.268600000000000000e+04,3.280400000000000000e+04,3.292200000000000000e+04,3.304000000000000000e+04,3.315800000000000000e+04,3.327600000000000000e+04,3.339400000000000000e+04,3.351200000000000000e+04,3.363000000000000000e+04,3.374800000000000000e+04,3.386600000000000000e+04,3.398400000000000000e+04,3.410200000000000000e+04,3.422000000000000000e+04,3.433800000000000000e+04,3.445600000000000000e+04,3.457400000000000000e+04,3.469200000000000000e+04,3.481000000000000000e+04,3.492800000000000000e+04,3.504600000000000000e+04,3.516400000000000000e+04,3.528200000000000000e+04
0.000000000000000000e+00,1.190000000000000000e+02,2.380000000000000000e+02,3.570000000000000000e+02,4.760000000000000000e+02,5.950000000000000000e+02,7.140000000000000000e+02,8.330000000000000000e+02,9.520000000000000000e+02,1.071000000000000000e+03,1.190000000000000000e+03,1.309000000000000000e+03,1.428000000000000000e+03,1.547000000000000000e+03,1.666000000000000000e+03,1.785000000000000000e+03,1.904000000000000000e+03,2.023000000000000000e+03,2.142000000000000000e+03,2.261000000000000000e+03,2.380000000000000000e+03,2.499000000000000000e+03,2.618000000000000000e+03,2.737000000000000000e+03,2.856000000000000000e+03,2.975000000000000000e+03,3.094000000000000000e+03,3.213000000000000000e+03,3.332000000000000000e+03,3.451000000000000000e+03,3.570000000000000000e+03,3.689000000000000000e+03,3.808000000000000000e+03,3.927000000000000000e+03,4.046000000000000000e+03,4.165000000000000000e+03,4.284000000000000000e+03,4.403000000000000000e+03,4.522000000000000000e+03,4.641000000000000000e+03,4.760000000000000000e+03,4.879000000000000000e+03,4.998000000000000000e+03,5.117000000000000000e+03,5.236000000000000000e+03,5.355000000000000000e+03,5.474000000000000000e+03,5.593000000000000000e+03,5.712000000000000000e+03,5.831000000000000000e+03,5.950000000000000000e+03,6.069000000000000000e+03,6.188000000000000000e+03,6.307000000000000000e+03,6.426000000000000000e+03,6.545000000000000000e+03,6.664000000000000000e+03,6.783000000000000000e+03,6.902000000000000000e+03,7.021000000000000000e+03,7.140000000000000000e+03,7.259000000000000000e+03,7.378000000000000000e+03,7.497000000000000000e+03,7.616000000000000000e+03,7.735000000000000000e+03,7.854000000000000000e+03,7.973000000000000000e+03,8.092000000000000000e+03,8.211000000000000000e+03,8.330000000000000000e+03,8.449000000000000000e+03,8.568000000000000000e+03,8.687000000000000000e+03,8.806000000000000000e+03,8.925000000000000000e+03,9.044000000000000000e+03,9.163000000000000000e+03,9.282000000000000000e+03,9.401000000000000000e+03,9.520000000000000000e+03,9.639000000000000000e+03,9.758000000000000000e+03,9.877000000000000000e+03,9.996000000000000000e+03,1.011500000000000000e+04,1.023400000000000000e+04,1.035300000000000000e+04,1.047200000000000000e+04,1.059100000000000000e+04,1.071000000000000000e+04,1.082900000000000000e+04,1.094800000000000000e+04,1.106700000000000000e+04,1.118600000000000000e+04,1.130500000000000000e+04,1.142400000000000000e+04,1.154300000000000000e+04,1.166200000000000000e+04,1.178100000000000000e+04,1.190000000000000000e+04,1.201900000000000000e+04,1.213800000000000000e+04,1.225700000000000000e+04,1.237600000000000000e+04,1.249500000000000000e+04,1.261400000000000000e+04,1.273300000000000000e+04,1.285200000000000000e+04,1.297100000000000000e+04,1.309000000000000000e+04,1.320900000000000000e+04,1.332800000000000000e+04,1.344700000000000000e+04,1.356600000000000000e+04,1.368500000000000000e+04,1.380400000000000000e+04,1.392300000000000000e+04,1.404200000000000000e+04,1.416100000000000000e+04,1.428000000000000000e+04,1.439900000000000000e+04,1.451800000000000000e+04,1.463700000000000000e+04,1.475600000000000000e+04,1.487500000000000000e+04,1.499400000000000000e+04,1.511300000000000000e+04,1.523200000000000000e+04,1.535100000000000000e+04,1.547000000000000000e+04,1.558900000000000000e+04,1.570800000000000000e+04,1.582700000000000000e+04,1.594600000000000000e+04,1.606500000000000000e+04,1.618400000000000000e+04,1.630300000000000000e+04,1.642200000000000000e+04,1.654100000000000000e+04,1.666000000000000000e+04,1.677900000000000000e+04,1.689800000000000000e+04,1.701700000000000000e+04,1.713600000000000000e+04,1.725500000000000000e+04,1.737400000000000000e+04,1.749300000000000000e+04,1.761200000000000000e+04,1.773100000000000000e+04,1.785000000000000000e+04,1.796900000000000000e+04,1.808800000000000000e+04,1.820700000000000000e+04,1.832600000000000000e+04,1.844500000000000000e+04,1.856400000000000000e+04,1.868300000000000000e+04,1.880200000000000000e+04,1.892100000000000000e+04,1.904000000000000000e+04,1.915900000000000000e+04,1.927800000000000000e+04,1.939700000000000000e+04,1.951600000000000000e+04,1.963500000000000000e+04,1.975400000000000000e+04,1.987300000000000000e+04,1.999200000000000000e+04,2.011100000000000000e+04,2.023000000000000000e+04,2.034900000000000000e+04,2.046800000000000000e+04,2.058700000000000000e+04,2.070600000000000000e+04,2.082500000000000000e+04,2.094400000000000000e+04,2.106300000000000000e+04,2.118200000000000000e+04,2.130100000000000000e+04,2.142000000000000000e+04,2.153900000000000000e+04,2.165800000000000000e+04,2.177700000000000000e+04,2.189600000000000000e+04,2.201500000000000000e+04,2.213400000000000000e+04,2.225300000000000000e+04,2.237200000000000000e+04,2.249100000000000000e+04,2.261000000000000000e+04,2.272900000000000000e+04,2.284800000000000000e+04,2.296700000000000000e+04,2.308600000000000000e+04,2.320500000000000000e+04,2.332400000000000000e+04,2.344300000000000000e+04,2.356200000000000000e+04,2.368100000000000000e+04,2.380000000000000000e+04,2.391900000000000000e+04,2.403800000000000000e+04,2.415700000000000000e+04,2.427600000000000000e+04,2.439500000000000000e+04,2.451400000000000000e+04,2.463300000000000000e+04,2.475200000000000000e+04,2.487100000000000000e+04,2.499000000000000000e+04,2.510900000000000000e+04,2.522800000000000000e+04,2.534700000000000000e+04,2.546600000000000000e+04,2.558500000000000000e+04,2.570400000000000000e+04,2.582300000000000000e+04,2.594200000000000000e+04,2.606100000000000000e+04,2.618000000000000000e+04,2.629900000000000000e+04,2.641800000000000000e+04,2.653700000000000000e+04,2.665600000000000000e+04,2.677500000000000000e+04,2.689400000000000000e+04,2.701300000000000000e+04,2.713200000000000000e+04,2.725100000000000000e+04,2.737000000000000000e+04,2.748900000000000000e+04,2.760800000000000000e+04,2.772700000000000000e+04,2.784600000000000000e+04,2.796500000000000000e+04,2.808400000000000000e+04,2.820300000000000000e+04,2.832200000000000000e+04,2.844100000000000000e+04,2.856000000000000000e+04,2.867900000000000000e+04,2.879800000000000000e+04,2.891700000000000000e+04,2.903600000000000000e+04,2.915500000000000000e+04,2.927400000000000000e+04,2.939300000000000000e+04,2.951200000000000000e+04,2.963100000000000000e+04,2.975000000000000000e+04,2.986900000000000000e+04,2.998800000000000000e+04,3.010700000000000000e+04,3.022600000000000000e+04,3.034500000000000000e+04,3.046400000000000000e+04,3.058300000000000000e+04,3.070200000000000000e+04,3.082100000000000000e+04,3.094000000000000000e+04,3.105900000000000000e+04,3.117800000000000000e+04,3.129700000000000000e+04,3.141600000000000000e+04,3.153500000000000000e+04,3.165400000000000000e+04,3.177300000000000000e+04,3.189200000000000000e+04,3.201100000000000000e+04,3.213000000000000000e+04,3.224900000000000000e+04,3.236800000000000000e+04,3.248700000000000000e+04,3.260600000000000000e+04,3.272500000000000000e+04,3.284400000000000000e+04,3.296300000000000000e+04,3.308200000000000000e+04,3.320100000000000000e+04,3.332000000000000000e+04,3.343900000000000000e+04,3.355800000000000000e+04,3.367700000000000000e+04,3.379600000000000000e+04,3.391500000000000000e+04,3.403400000000000000e+04,3.415300000000000000e+04,3.427200000000000000e+04,3.439100000000000000e+04,3.451000000000000000e+04,3.462900000000000000e+04,3.474800000000000000e+04,3.486700000000000000e+04,3.498600000000000000e+04,3.510500000000000000e+04,3.522400000000000000e+04,3.534300000000000000e+04,3.546200000000000000e+04,3.558100000000000000e+04
0.000000000000000000e+00,1.200000000000000000e+02,2.400000000000000000e+02,3.600000000000000000e+02,4.800000000000000000e+02,6.000000000000000000e+02,7.200000000000000000e+02,8.400000000000000000e+02,9.600000000000000000e+02,1.080000000000000000e+03,1.200000000000000000e+03,1.320000000000000000e+03,1.440000000000000000e+03,1.560000000000000000e+03,1.680000000000000000e+03,1.800000000000000000e+03,1.920000000000000000e+03,2.040000000000000000e+03,2.160000000000000000e+03,2.280000000000000000e+03,2.400000000000000000e+03,2.520000000000000000e+03,2.640000000000000000e+03,2.760000000000000000e+03,2.880000000000000000e+03,3.000000000000000000e+03,3.120000000000000000e+03,3.240000000000000000e+03,3.360000000000000000e+03,3.480000000000000000e+03,3.600000000000000000e+03,3.720000000000000000e+03,3.840000000000000000e+03,3.960000000000000000e+03,4.080000000000000000e+03,4.200000000000000000e+03,4.320000000000000000e+03,4.440000000000000000e+03,4.560000000000000000e+03,4.680000000000000000e+03,4.800000000000000000e+03,4.920000000000000000e+03,5.040000000000000000e+03,5.160000000000000000e+03,5.280000000000000000e+03,5.400000000000000000e+03,5.520000000000000000e+03,5.640000000000000000e+03,5.760000000000000000e+03,5.880000000000000000e+03,6.000000000000000000e+03,6.120000000000000000e+03,6.240000000000000000e+03,6.360000000000000000e+03,6.480000000000000000e+03,6.600000000000000000e+03,6.720000000000000000e+03,6.840000000000000000e+03,6.960000000000000000e+03,7.080000000000000000e+03,7.200000000000000000e+03,7.320000000000000000e+03,7.440000000000000000e+03,7.560000000000000000e+03,7.680000000000000000e+03,7.800000000000000000e+03,7.920000000000000000e+03,8.040000000000000000e+03,8.160000000000000000e+03,8.280000000000000000e+03,8.400000000000000000e+03,8.520000000000000000e+03,8.640000000000000000e+03,8.760000000000000000e+03,8.880000000000000000e+03,9.000000000000000000e+03,9.120000000000000000e+03,9.240000000000000000e+03,9.360000000000000000e+03,9.480000000000000000e+03,9.600000000000000000e+03,9.720000000000000000e+03,9.840000000000000000e+03,9.960000000000000000e+03,1.008000000000000000e+04,1.020000000000000000e+04,1.032000000000000000e+04,1.044000000000000000e+04,1.056000000000000000e+04,1.068000000000000000e+04,1.080000000000000000e+04,1.092000000000000000e+04,1.104000000000000000e+04,1.116000000000000000e+04,1.128000000000000000e+04,1.140000000000000000e+04,1.152000000000000000e+04,1.164000000000000000e+04,1.176000000000000000e+04,1.188000000000000000e+04,1.200000000000000000e+04,1.212000000000000000e+04,1.224000000000000000e+04,1.236000000000000000e+04,1.248000000000000000e+04,1.260000000000000000e+04,1.272000000000000000e+04,1.284000000000000000e+04,1.296000000000000000e+04,1.308000000000000000e+04,1.320000000000000000e+04,1.332000000000000000e+04,1.344000000000000000e+04,1.356000000000000000e+04,1.368000000000000000e+04,1.380000000000000000e+04,1.392000000000000000e+04,1.404000000000000000e+04,1.416000000000000000e+04,1.428000000000000000e+04,1.440000000000000000e+04,1.452000000000000000e+04,1.464000000000000000e+04,1.476000000000000000e+04,1.488000000000000000e+04,1.500000000000000000e+04,1.512000000000000000e+04,1.524000000000000000e+04,1.536000000000000000e+04,1.548000000000000000e+04,1.560000000000000000e+04,1.572000000000000000e+04,1.584000000000000000e+04,1.596000000000000000e+04,1.608000000000000000e+04,1.620000000000000000e+04,1.632000000000000000e+04,1.644000000000000000e+04,1.656000000000000000e+04,1.668000000000000000e+04,1.680000000000000000e+04,1.692000000000000000e+04,1.704000000000000000e+04,1.716000000000000000e+04,1.728000000000000000e+04,1.740000000000000000e+04,1.752000000000000000e+04,1.764000000000000000e+04,1.776000000000000000e+04,1.788000000000000000e+04,1.800000000000000000e+04,1.812000000000000000e+04,1.824000000000000000e+04,1.836000000000000000e+04,1.848000000000000000e+04,1.860000000000000000e+04,1.872000000000000000e+04,1.884000000000000000e+04,1.896000000000000000e+04,1.908000000000000000e+04,1.920000000000000000e+04,1.932000000000000000e+04,1.944000000000000000e+04,1.956000000000000000e+04,1.968000000000000000e+04,1.980000000000000000e+04,1.992000000000000000e+04,2.004000000000000000e+04,2.016000000000000000e+04,2.028000000000000000e+04,2.040000000000000000e+04,2.052000000000000000e+04,2.064000000000000000e+04,2.076000000000000000e+04,2.088000000000000000e+04,2.100000000000000000e+04,2.112000000000000000e+04,2.124000000000000000e+04,2.136000000000000000e+04,2.148000000000000000e+04,2.160000000000000000e+04,2.172000000000000000e+04,2.184000000000000000e+04,2.196000000000000000e+04,2.208000000000000000e+04,2.220000000000000000e+04,2.232000000000000000e+04,2.244000000000000000e+04,2.256000000000000000e+04,2.268000000000000000e+04,2.280000000000000000e+04,2.292000000000000000e+04,2.304000000000000000e+04,2.316000000000000000e+04,2.328000000000000000e+04,2.340000000000000000e+04,2.352000000000000000e+04,2.364000000000000000e+04,2.376000000000000000e+04,2.388000000000000000e+04,2.400000000000000000e+04,2.412000000000000000e+04,2.424000000000000000e+04,2.436000000000000000e+04,2.448000000000000000e+04,2.460000000000000000e+04,2.472000000000000000e+04,2.484000000000000000e+04,2.496000000000000000e+04,2.508000000000000000e+04,2.520000000000000000e+04,2.532000000000000000e+04,2.544000000000000000e+04,2.556000000000000000e+04,2.568000000000000000e+04,2.580000000000000000e+04,2.592000000000000000e+04,2.604000000000000000e+04,2.616000000000000000e+04,2.628000000000000000e+04,2.640000000000000000e+04,2.652000000000000000e+04,2.664000000000000000e+04,2.676000000000000000e+04,2.688000000000000000e+04,2.700000000000000000e+04,2.712000000000000000e+04,2.724000000000000000e+04,2.736000000000000000e+04,2.748000000000000000e+04,2.760000000000000000e+04,2.772000000000000000e+04,2.784000000000000000e+04,2.796000000000000000e+04,2.808000000000000000e+04,2.820000000000000000e+04,2.832000000000000000e+04,2.844000000000000000e+04,2.856000000000000000e+04,2.868000000000000000e+04,2.880000000000000000e+04,2.892000000000000000e+04,2.904000000000000000e+04,2.916000000000000000e+04,2.928000000000000000e+04,2.940000000000000000e+04,2.952000000000000000e+04,2.964000000000000000e+04,2.976000000000000000e+04,2.988000000000000000e+04,3.000000000000000000e+04,3.012000000000000000e+04,3.024000000000000000e+04,3.036000000000000000e+04,3.048000000000000000e+04,3.060000000000000000e+04,3.072000000000000000e+04,3.084000000000000000e+04,3.096000000000000000e+04,3.108000000000000000e+04,3.120000000000000000e+04,3.132000000000000000e+04,3.144000000000000000e+04,3.156000000000000000e+04,3.168000000000000000e+04,3.180000000000000000e+04,3.192000000000000000e+04,3.204000000000000000e+04,3.216000000000000000e+04,3.228000000000000000e+04,3.240000000000000000e+04,3.252000000000000000e+04,3.264000000000000000e+04,3.276000000000000000e+04,3.288000000000000000e+04,3.300000000000000000e+04,3.312000000000000000e+04,3.324000000000000000e+04,3.336000000000000000e+04,3.348000000000000000e+04,3.360000000000000000e+04,3.372000000000000000e+04,3.384000000000000000e+04,3.396000000000000000e+04,3.408000000000000000e+04,3.420000000000000000e+04,3.432000000000000000e+04,3.444000000000000000e+04,3.456000000000000000e+04,3.468000000000000000e+04,3.480000000000000000e+04,3.492000000000000000e+04,3.504000000000000000e+04,3.516000000000000000e+04,3.528000000000000000e+04,3.540000000000000000e+04,3.552000000000000000e+04,3.564000000000000000e+04,3.576000000000000000e+04,3.588000000000000000e+04
0.000000000000000000e+00,1.210000000000000000e+02,2.420000000000000000e+02,3.630000000000000000e+02,4.840000000000000000e+02,6.050000000000000000e+02,7.260000000000000000e+02,8.470000000000000000e+02,9.680000000000000000e+02,1.089000000000000000e+03,1.210000000000000000e+03,1.331000000000000000e+03,1.452000000000000000e+03,1.573000000000000000e+03,1.694000000000000000e+03,1.815000000000000000e+03,1.936000000000000000e+03,2.057000000000000000e+03,2.178000000000000000e+03,2.299000000000000000e+03,2.420000000000000000e+03,2.541000000000000000e+03,2.662000000000000000e+03,2.783000000000000000e+03,2.904000000000000000e+03,3.025000000000000000e+03,3.146000000000000000e+03,3.267000000000000000e+03,3.388000000000000000e+03,3.509000000000000000e+03,3.630000000000000000e+03,3.751000000000000000e+03,3.872000000000000000e+03,3.993000000000000000e+03,4.114000000000000000e+03,4.235000000000000000e+03,4.356000000000000000e+03,4.477000000000000000e+03,4.598000000000000000e+03,4.719000000000000000e+03,4.840000000000000000e+03,4.961000000000000000e+03,5.082000000000000000e+03,5.203000000000000000e+03,5.324000000000000000e+03,5.445000000000000000e+03,5.566000000000000000e+03,5.687000000000000000e+03,5.808000000000000000e+03,5.929000000000000000e+03,6.050000000000000000e+03,6.171000000000000000e+03,6.292000000000000000e+03,6.413000000000000000e+03,6.534000000000000000e+03,6.655000000000000000e+03,6.776000000000000000e+03,6.897000000000000000e+03,7.018000000000000000e+03,7.139000000000000000e+03,7.260000000000000000e+03,7.381000000000000000e+03,7.502000000000000000e+03,7.623000000000000000e+03,7.744000000000000000e+03,7.865000000000000000e+03,7.986000000000000000e+03,8.107000000000000000e+03,8.228000000000000000e+03,8.349000000000000000e+03,8.470000000000000000e+03,8.591000000000000000e+03,8.712000000000000000e+03,8.833000000000000000e+03,8.954000000000000000e+03,9.075000000000000000e+03,9.196000000000000000e+03,9.317000000000000000e+03,9.438000000000000000e+03,9.559000000000000000e+03,9.680000000000000000e+03,9.801000000000000000e+03,9.922000000000000000e+03,1.004300000000000000e+04,1.016400000000000000e+04,1.028500000000000000e+04,1.040600000000000000e+04,1.052700000000000000e+04,1.064800000000000000e+04,1.076900000000000000e+04,1.089000000000000000e+04,1.101100000000000000e+04,1.113200000000000000e+04,1.125300000000000000e+04,1.137400000000000000e+04,1.149500000000000000e+04,1.161600000000000000e+04,1.173700000000000000e+04,1.185800000000000000e+04,1.197900000000000000e+04,1.210000000000000000e+04,1.222100000000000000e+04,1.234200000000000000e+04,1.246300000000000000e+04,1.258400000000000000e+04,1.270500000000000000e+04,1.282600000000000000e+04,1.294700000000000000e+04,1.306800000000000000e+04,1.318900000000000000e+04,1.331000000000000000e+04,1.343100000000000000e+04,1.355200000000000000e+04,1.367300000000000000e+04,1.379400000000000000e+04,1.391500000000000000e+04,1.403600000000000000e+04,1.415700000000000000e+04,1.427800000000000000e+04,1.439900000000000000e+04,1.452000000000000000e+04,1.464100000000000000e+04,1.476200000000000000e+04,1.488300000000000000e+04,1.500400000000000000e+04,1.512500000000000000e+04,1.524600000000000000e+04,1.536700000000000000e+04,1.548800000000000000e+04,1.560900000000000000e+04,1.573000000000000000e+04,1.585100000000000000e+04,1.597200000000000000e+04,1.609300000000000000e+04,1.621400000000000000e+04,1.633500000000000000e+04,1.645600000000000000e+04,1.657700000000000000e+04,1.669800000000000000e+04,1.681900000000000000e+04,1.694000000000000000e+04,1.706100000000000000e+04,1.718200000000000000e+04,1.730300000000000000e+04,1.742400000000000000e+04,1.754500000000000000e+04,1.766600000000000000e+04,1.778700000000000000e+04,1.790800000000000000e+04,1.802900000000000000e+04,1.815000000000000000e+04,1.827100000000000000e+04,1.839200000000000000e+04,1.851300000000000000e+04,1.863400000000000000e+04,1.875500000000000000e+04,1.887600000000000000e+04,1.899700000000000000e+04,1.911800000000000000e+04,1.923900000000000000e+04,1.936000000000000000e+04,1.948100000000000000e+04,1.960200000000000000e+04,1.972300000000000000e+04,1.984400000000000000e+04,1.996500000000000000e+04,2.008600000000000000e+04,2.020700000000000000e+04,2.032800000000000000e+04,2.044900000000000000e+04,2.057000000000000000e+04,2.069100000000000000e+04,2.081200000000000000e+04,2.093300000000000000e+04,2.105400000000000000e+04,2.117500000000000000e+04,2.129600000000000000e+04,2.141700000000000000e+04,2.153800000000000000e+04,2.165900000000000000e+04,2.178000000000000000e+04,2.190100000000000000e+04,2.202200000000000000e+04,2.214300000000000000e+04,2.226400000000000000e+04,2.238500000000000000e+04,2.250600000000000000e+04,2.262700000000000000e+04,2.274800000000000000e+04,2.286900000000000000e+04,2.299000000000000000e+04,2.311100000000000000e+04,2.323200000000000000e+04,2.335300000000000000e+04,2.347400000000000000e+04,2.359500000000000000e+04,2.371600000000000000e+04,2.383700000000000000e+04,2.395800000000000000e+04,2.407900000000000000e+04,2.420000000000000000e+04,2.432100000000000000e+04,2.444200000000000000e+04,2.456300000000000000e+04,2.468400000000000000e+04,2.480500000000000000e+04,2.492600000000000000e+04,2.504700000000000000e+04,2.516800000000000000e+04,2.528900000000000000e+04,2.541000000000000000e+04,2.553100000000000000e+04,2.565200000000000000e+04,2.577300000000000000e+04,2.589400000000000000e+04,2.601500000000000000e+04,2.613600000000000000e+04,2.625700000000000000e+04,2.637800000000000000e+04,2.649900000000000000e+04,2.662000000000000000e+04,2.674100000000000000e+04,2.686200000000000000e+04,2.698300000000000000e+04,2.710400000000000000e+04,2.722500000000000000e+04,2.734600000000000000e+04,2.746700000000000000e+04,2.758800000000000000e+04,2.770900000000000000e+04,2.783000000000000000e+04,2.795100000000000000e+04,2.807200000000000000e+04,2.819300000000000000e+04,2.831400000000000000e+04,2.843500000000000000e+04,2.855600000000000000e+04,2.867700000000000000e+04,2.879800000000000000e+04,2.891900000000000000e+04,2.904000000000000000e+04,2.916100000000000000e+04,2.928200000000000000e+04,2.940300000000000000e+04,2.952400000000000000e+04,2.964500000000000000e+04,2.976600000000000000e+04,2.988700000000000000e+04,3.000800000000000000e+04,3.012900000000000000e+04,3.025000000000000000e+04,3.037100000000000000e+04,3.049200000000000000e+04,3.061300000000000000e+04,3.073400000000000000e+04,3.085500000000000000e+04,3.097600000000000000e+04,3.109700000000000000e+04,3.121800000000000000e+04,3.133900000000000000e+04,3.146000000000000000e+04,3.158100000000000000e+04,3.170200000000000000e+04,3.182300000000000000e+04,3.194400000000000000e+04,3.206500000000000000e+04,3.218600000000000000e+04,3.230700000000000000e+04,3.242800000000000000e+04,3.254900000000000000e+04,3.267000000000000000e+04,3.279100000000000000e+04,3.291200000000000000e+04,3.303300000000000000e+04,3.315400000000000000e+04,3.327500000000000000e+04,3.339600000000000000e+04,3.351700000000000000e+04,3.363800000000000000e+04,3.375900000000000000e+04,3.388000000000000000e+04,3.400100000000000000e+04,3.412200000000000000e+04,3.424300000000000000e+04,3.436400000000000000e+04,3.448500000000000000e+04,3.460600000000000000e+04,3.472700000000000000e+04,3.484800000000000000e+04,3.496900000000000000e+04,3.509000000000000000e+04,3.521100000000000000e+04,3.533200000000000000e+04,3.545300000000000000e+04,3.557400000000000000e+04,3.569500000000000000e+04,3.581600000000000000e+04,3.593700000000000000e+04,3.605800000000000000e+04,3.617900000000000000e+04
0.000000000000000000e+00,1.220000000000000000e+02,2.440000000000000000e+02,3.660000000000000000e+02,4.880000000000000000e+02,6.100000000000000000e+02,7.320000000000000000e+02,8.540000000000000000e+02,9.760000000000000000e+02,1.098000000000000000e+03,1.220000000000000000e+03,1.342000000000000000e+03,1.464000000000000000e+03,1.586000000000000000e+03,1.708000000000000000e+03,1.830000000000000000e+03,1.952000000000000000e+03,2.074000000000000000e+03,2.196000000000000000e+03,2.318000000000000000e+03,2.440000000000000000e+03,2.562000000000000000e+03,2.684000000000000000e+03,2.806000000000000000e+03,2.928000000000000000e+03,3.050000000000000000e+03,3.172000000000000000e+03,3.294000000000000000e+03,3.416000000000000000e+03,3.538000000000000000e+03,3.660000000000000000e+03,3.782000000000000000e+03,3.904000000000000000e+03,4.026000000000000000e+03,4.148000000000000000e+03,4.270000000000000000e+03,4.392000000000000000e+03,4.514000000000000000e+03,4.636000000000000000e+03,4.758000000000000000e+03,4.880000000000000000e+03,5.002000000000000000e+03,5.124000000000000000e+03,5.246000000000000000e+03,5.368000000000000000e+03,5.490000000000000000e+03,5.612000000000000000e+03,5.734000000000000000e+03,5.856000000000000000e+03,5.978000000000000000e+03,6.100000000000000000e+03,6.222000000000000000e+03,6.344000000000000000e+03,6.466000000000000000e+03,6.588000000000000000e+03,6.710000000000000000e+03,6.832000000000000000e+03,6.954000000000000000e+03,7.076000000000000000e+03,7.198000000000000000e+03,7.320000000000000000e+03,7.442000000000000000e+03,7.564000000000000000e+03,7.686000000000000000e+03,7.808000000000000000e+03,7.930000000000000000e+03,8.052000000000000000e+03,8.174000000000000000e+03,8.296000000000000000e+03,8.418000000000000000e+03,8.540000000000000000e+03,8.662000000000000000e+03,8.784000000000000000e+03,8.906000000000000000e+03,9.028000000000000000e+03,9.150000000000000000e+03,9.272000000000000000e+03,9.394000000000000000e+03,9.516000000000000000e+03,9.638000000000000000e+03,9.760000000000000000e+03,9.882000000000000000e+03,1.000400000000000000e+04,1.012600000000000000e+04,1.024800000000000000e+04,1.037000000000000000e+04,1.049200000000000000e+04,1.061400000000000000e+04,1.073600000000000000e+04,1.085800000000000000e+04,1.098000000000000000e+04,1.110200000000000000e+04,1.122400000000000000e+04,1.134600000000000000e+04,1.146800000000000000e+04,1.159000000000000000e+04,1.171200000000000000e+04,1.183400000000000000e+04,1.195600000000000000e+04,1.207800000000000000e+04,1.220000000000000000e+04,1.232200000000000000e+04,1.244400000000000000e+04,1.256600000000000000e+04,1.268800000000000000e+04,1.281000000000000000e+04,1.293200000000000000e+04,1.305400000000000000e+04,1.317600000000000000e+04,1.329800000000000000e+04,1.342000000000000000e+04,1.354200000000000000e+04,1.366400000000000000e+04,1.378600000000000000e+04,1.390800000000000000e+04,1.403000000000000000e+04,1.415200000000000000e+04,1.427400000000000000e+04,1.439600000000000000e+04,1.451800000000000000e+04,1.464000000000000000e+04,1.476200000000000000e+04,1.488400000000000000e+04,1.500600000000000000e+04,1.512800000000000000e+04,1.525000000000000000e+04,1.537200000000000000e+04,1.549400000000000000e+04,1.561600000000000000e+04,1.573800000000000000e+04,1.586000000000000000e+04,1.598200000000000000e+04,1.610400000000000000e+04,1.622600000000000000e+04,1.634800000000000000e+04,1.647000000000000000e+04,1.659200000000000000e+04,1.671400000000000000e+04,1.683600000000000000e+04,1.695800000000000000e+04,1.708000000000000000e+04,1.720200000000000000e+04,1.732400000000000000e+04,1.744600000000000000e+04,1.756800000000000000e+04,1.769000000000000000e+04,1.781200000000000000e+04,1.793400000000000000e+04,1.805600000000000000e+04,1.817800000000000000e+04,1.830000000000000000e+04,1.842200000000000000e+04,1.854400000000000000e+04,1.866600000000000000e+04,1.878800000000000000e+04,1.891000000000000000e+04,1.903200000000000000e+04,1.915400000000000000e+04,1.927600000000000000e+04,1.939800000000000000e+04,1.952000000000000000e+04,1.964200000000000000e+04,1.976400000000000000e+04,1.988600000000000000e+04,2.000800000000000000e+04,2.013000000000000000e+04,2.025200000000000000e+04,2.037400000000000000e+04,2.049600000000000000e+04,2.061800000000000000e+04,2.074000000000000000e+04,2.086200000000000000e+04,2.098400000000000000e+04,2.110600000000000000e+04,2.122800000000000000e+04,2.135000000000000000e+04,2.147200000000000000e+04,2.159400000000000000e+04,2.171600000000000000e+04,2.183800000000000000e+04,2.196000000000000000e+04,2.208200000000000000e+04,2.220400000000000000e+04,2.232600000000000000e+04,2.244800000000000000e+04,2.257000000000000000e+04,2.269200000000000000e+04,2.281400000000000000e+04,2.293600000000000000e+04,2.305800000000000000e+04,2.318000000000000000e+04,2.330200000000000000e+04,2.342400000000000000e+04,2.354600000000000000e+04,2.366800000000000000e+04,2.379000000000000000e+04,2.391200000000000000e+04,2.403400000000000000e+04,2.415600000000000000e+04,2.427800000000000000e+04,2.440000000000000000e+04,2.452200000000000000e+04,2.464400000000000000e+04,2.476600000000000000e+04,2.488800000000000000e+04,2.501000000000000000e+04,2.513200000000000000e+04,2.525400000000000000e+04,2.537600000000000000e+04,2.549800000000000000e+04,2.562000000000000000e+04,2.574200000000000000e+04,2.586400000000000000e+04,2.598600000000000000e+04,2.610800000000000000e+04,2.623000000000000000e+04,2.635200000000000000e+04,2.647400000000000000e+04,2.659600000000000000e+04,2.671800000000000000e+04,2.684000000000000000e+04,2.696200000000000000e+04,2.708400000000000000e+04,2.720600000000000000e+04,2.732800000000000000e+04,2.745000000000000000e+04,2.757200000000000000e+04,2.769400000000000000e+04,2.781600000000000000e+04,2.793800000000000000e+04,2.806000000000000000e+04,2.818200000000000000e+04,2.830400000000000000e+04,2.842600000000000000e+04,2.854800000000000000e+04,2.867000000000000000e+04,2.879200000000000000e+04,2.891400000000000000e+04,2.903600000000000000e+04,2.915800000000000000e+04,2.928000000000000000e+04,2.940200000000000000e+04,2.952400000000000000e+04,2.964600000000000000e+04,2.976800000000000000e+04,2.989000000000000000e+04,3.001200000000000000e+04,3.013400000000000000e+04,3.025600000000000000e+04,3.037800000000000000e+04,3.050000000000000000e+04,3.062200000000000000e+04,3.074400000000000000e+04,3.086600000000000000e+04,3.098800000000000000e+04,3.111000000000000000e+04,3.123200000000000000e+04,3.135400000000000000e+04,3.147600000000000000e+04,3.159800000000000000e+04,3.172000000000000000e+04,3.184200000000000000e+04,3.196400000000000000e+04,3.208600000000000000e+04,3.220800000000000000e+04,3.233000000000000000e+04,3.245200000000000000e+04,3.257400000000000000e+04,3.269600000000000000e+04,3.281800000000000000e+04,3.294000000000000000e+04,3.306200000000000000e+04,3.318400000000000000e+04,3.330600000000000000e+04,3.342800000000000000e+04,3.355000000000000000e+04,3.367200000000000000e+04,3.379400000000000000e+04,3.391600000000000000e+04,3.403800000000000000e+04,3.416000000000000000e+04,3.428200000000000000e+04,3.440400000000000000e+04,3.452600000000000000e+04,3.464800000000000000e+04,3.477000000000000000e+04,3.489200000000000000e+04,3.501400000000000000e+04,3.513600000000000000e+04,3.525800000000000000e+04,3.538000000000000000e+04,3.550200000000000000e+04,3.562400000000000000e+04,3.574600000000000000e+04,3.586800000000000000e+04,3.599000000000000000e+04,3.611200000000000000e+04,3.623400000000000000e+04,3.635600000000000000e+04,3.647800000000000000e+04
0.000000000000000000e+00,1.230000000000000000e+02,2.460000000000000000e+02,3.690000000000000000e+02,4.920000000000000000e+02,6.150000000000000000e+02,7.380000000000000000e+02,8.610000000000000000e+02,9.840000000000000000e+02,1.107000000000000000e+03,1.230000000000000000e+03,1.353000000000000000e+03,1.476000000000000000e+03,1.599000000000000000e+03,1.722000000000000000e+03,1.845000000000000000e+03,1.968000000000000000e+03,2.091000000000000000e+03,2.214000000000000000e+03,2.337000000000000000e+03,2.460000000000000000e+03,2.583000000000000000e+03,2.706000000000000000e+03,2.829000000000000000e+03,2.952000000000000000e+03,3.075000000000000000e+03,3.198000000000000000e+03,3.321000000000000000e+03,3.444000000000000000e+03,3.567000000000000000e+03,3.690000000000000000e+03,3.813000000000000000e+03,3.936000000000000000e+03,4.059000000000000000e+03,4.182000000000000000e+03,4.305000000000000000e+03,4.428000000000000000e+03,4.551000000000000000e+03,4.674000000000000000e+03,4.797000000000000000e+03,4.920000000000000000e+03,5.043000000000000000e+03,5.166000000000000000e+03,5.289000000000000000e+03,5.412000000000000000e+03,5.535000000000000000e+03,5.658000000000000000e+03,5.781000000000000000e+03,5.904000000000000000e+03,6.027000000000000000e+03,6.150000000000000000e+03,6.273000000000000000e+03,6.396000000000000000e+03,6.519000000000000000e+03,6.642000000000000000e+03,6.765000000000000000e+03,6.888000000000000000e+03,7.011000000000000000e+03,7.134000000000000000e+03,7.257000000000000000e+03,7.380000000000000000e+03,7.503000000000000000e+03,7.626000000000000000e+03,7.749000000000000000e+03,7.872000000000000000e+03,7.995000000000000000e+03,8.118000000000000000e+03,8.241000000000000000e+03,8.364000000000000000e+03,8.487000000000000000e+03,8.610000000000000000e+03,8.733000000000000000e+03,8.856000000000000000e+03,8.979000000000000000e+03,9.102000000000000000e+03,9.225000000000000000e+03,9.348000000000000000e+03,9.471000000000000000e+03,9.594000000000000000e+03,9.717000000000000000e+03,9.840000000000000000e+03,9.963000000000000000e+03,1.008600000000000000e+04,1.020900000000000000e+04,1.033200000000000000e+04,1.045500000000000000e+04,1.057800000000000000e+04,1.070100000000000000e+04,1.082400000000000000e+04,1.094700000000000000e+04,1.107000000000000000e+04,1.119300000000000000e+04,1.131600000000000000e+04,1.143900000000000000e+04,1.156200000000000000e+04,1.168500000000000000e+04,1.180800000000000000e+04,1.193100000000000000e+04,1.205400000000000000e+04,1.217700000000000000e+04,1.230000000000000000e+04,1.242300000000000000e+04,1.254600000000000000e+04,1.266900000000000000e+04,1.279200000000000000e+04,1.291500000000000000e+04,1.303800000000000000e+04,1.316100000000000000e+04,1.328400000000000000e+04,1.340700000000000000e+04,1.353000000000000000e+04,1.365300000000000000e+04,1.377600000000000000e+04,1.389900000000000000e+04,1.402200000000000000e+04,1.414500000000000000e+04,1.426800000000000000e+04,1.439100000000000000e+04,1.451400000000000000e+04,1.463700000000000000e+04,1.476000000000000000e+04,1.488300000000000000e+04,1.500600000000000000e+04,1.512900000000000000e+04,1.525200000000000000e+04,1.537500000000000000e+04,1.549800000000000000e+04,1.562100000000000000e+04,1.574400000000000000e+04,1.586700000000000000e+04,1.599000000000000000e+04,1.611300000000000000e+04,1.623600000000000000e+04,1.635900000000000000e+04,1.648200000000000000e+04,1.660500000000000000e+04,1.672800000000000000e+04,1.685100000000000000e+04,1.697400000000000000e+04,1.709700000000000000e+04,1.722000000000000000e+04,1.734300000000000000e+04,1.746600000000000000e+04,1.758900000000000000e+04,1.771200000000000000e+04,1.783500000000000000e+04,1.795800000000000000e+04,1.808100000000000000e+04,1.820400000000000000e+04,1.832700000000000000e+04,1.845000000000000000e+04,1.857300000000000000e+04,1.869600000000000000e+04,1.881900000000000000e+04,1.894200000000000000e+04,1.906500000000000000e+04,1.918800000000000000e+04,1.931100000000000000e+04,1.943400000000000000e+04,1.955700000000000000e+04,1.968000000000000000e+04,1.980300000000000000e+04,1.992600000000000000e+04,2.004900000000000000e+04,2.017200000000000000e+04,2.029500000000000000e+04,2.041800000000000000e+04,2.054100000000000000e+04,2.066400000000000000e+04,2.078700000000000000e+04,2.091000000000000000e+04,2.103300000000000000e+04,2.115600000000000000e+04,2.127900000000000000e+04,2.140200000000000000e+04,2.152500000000000000e+04,2.164800000000000000e+04,2.177100000000000000e+04,2.189400000000000000e+04,2.201700000000000000e+04,2.214000000000000000e+04,2.226300000000000000e+04,2.238600000000000000e+04,2.250900000000000000e+04,2.263200000000000000e+04,2.275500000000000000e+04,2.287800000000000000e+04,2.300100000000000000e+04,2.312400000000000000e+04,2.324700000000000000e+04,2.337000000000000000e+04,2.349300000000000000e+04,2.361600000000000000e+04,2.373900000000000000e+04,2.386200000000000000e+04,2.398500000000000000e+04,2.410800000000000000e+04,2.423100000000000000e+04,2.435400000000000000e+04,2.447700000000000000e+04,2.460000000000000000e+04,2.472300000000000000e+04,2.484600000000000000e+04,2.496900000000000000e+04,2.509200000000000000e+04,2.521500000000000000e+04,2.533800000000000000e+04,2.546100000000000000e+04,2.558400000000000000e+04,2.570700000000000000e+04,2.583000000000000000e+04,2.595300000000000000e+04,2.607600000000000000e+04,2.619900000000000000e+04,2.632200000000000000e+04,2.644500000000000000e+04,2.656800000000000000e+04,2.669100000000000000e+04,2.681400000000000000e+04,2.693700000000000000e+04,2.706000000000000000e+04,2.718300000000000000e+04,2.730600000000000000e+04,2.742900000000000000e+04,2.755200000000000000e+04,2.767500000000000000e+04,2.779800000000000000e+04,2.792100000000000000e+04,2.804400000000000000e+04,2.816700000000000000e+04,2.829000000000000000e+04,2.841300000000000000e+04,2.853600000000000000e+04,2.865900000000000000e+04,2.878200000000000000e+04,2.890500000000000000e+04,2.902800000000000000e+04,2.915100000000000000e+04,2.927400000000000000e+04,2.939700000000000000e+04,2.952000000000000000e+04,2.964300000000000000e+04,2.976600000000000000e+04,2.988900000000000000e+04,3.001200000000000000e+04,3.013500000000000000e+04,3.025800000000000000e+04,3.038100000000000000e+04,3.050400000000000000e+04,3.062700000000000000e+04,3.075000000000000000e+04,3.087300000000000000e+04,3.099600000000000000e+04,3.111900000000000000e+04,3.124200000000000000e+04,3.136500000000000000e+04,3.148800000000000000e+04,3.161100000000000000e+04,3.173400000000000000e+04,3.185700000000000000e+04,3.198000000000000000e+04,3.210300000000000000e+04,3.222600000000000000e+04,3.234900000000000000e+04,3.247200000000000000e+04,3.259500000000000000e+04,3.271800000000000000e+04,3.284100000000000000e+04,3.296400000000000000e+04,3.308700000000000000e+04,3.321000000000000000e+04,3.333300000000000000e+04,3.345600000000000000e+04,3.357900000000000000e+04,3.370200000000000000e+04,3.382500000000000000e+04,3.394800000000000000e+04,3.407100000000000000e+04,3.419400000000000000e+04,3.431700000000000000e+04,3.444000000000000000e+04,3.456300000000000000e+04,3.468600000000000000e+04,3.480900000000000000e+04,3.493200000000000000e+04,3.505500000000000000e+04,3.517800000000000000e+04,3.530100000000000000e+04,3.542400000000000000e+04,3.554700000000000000e+04,3.567000000000000000e+04,3.579300000000000000e+04,3.591600000000000000e+04,3.603900000000000000e+04,3.616200000000000000e+04,3.628500000000000000e+04,3.640800000000000000e+04,3.653100000000000000e+04,3.665400000000000000e+04,3.677700000000000000e+04
0.000000000000000000e+00,1.240000000000000000e+02,2.480000000000000000e+02,3.720000000000000000e+02,4.960000000000000000e+02,6.200000000000000000e+02,7.440000000000000000e+02,8.680000000000000000e+02,9.920000000000000000e+02,1.116000000000000000e+03,1.240000000000000000e+03,1.364000000000000000e+03,1.488000000000000000e+03,1.612000000000000000e+03,1.736000000000000000e+03,1.860000000000000000e+03,1.984000000000000000e+03,2.108000000000000000e+03,2.232000000000000000e+03,2.356000000000000000e+03,2.480000000000000000e+03,2.604000000000000000e+03,2.728000000000000000e+03,2.852000000000000000e+03,2.976000000000000000e+03,3.100000000000000000e+03,3.224000000000000000e+03,3.348000000000000000e+03,3.472000000000000000e+03,3.596000000000000000e+03,3.720000000000000000e+03,3.844000000000000000e+03,3.968000000000000000e+03,4.092000000000000000e+03,4.216000000000000000e+03,4.340000000000000000e+03,4.464000000000000000e+03,4.588000000000000000e+03,4.712000000000000000e+03,4.836000000000000000e+03,4.960000000000000000e+03,5.084000000000000000e+03,5.208000000000000000e+03,5.332000000000000000e+03,5.456000000000000000e+03,5.580000000000000000e+03,5.704000000000000000e+03,5.828000000000000000e+03,5.952000000000000000e+03,6.076000000000000000e+03,6.200000000000000000e+03,6.324000000000000000e+03,6.448000000000000000e+03,6.572000000000000000e+03,6.696000000000000000e+03,6.820000000000000000e+03,6.944000000000000000e+03,7.068000000000000000e+03,7.192000000000000000e+03,7.316000000000000000e+03,7.440000000000000000e+03,7.564000000000000000e+03,7.688000000000000000e+03,7.812000000000000000e+03,7.936000000000000000e+03,8.060000000000000000e+03,8.184000000000000000e+03,8.308000000000000000e+03,8.432000000000000000e+03,8.556000000000000000e+03,8.680000000000000000e+03,8.804000000000000000e+03,8.928000000000000000e+03,9.052000000000000000e+03,9.176000000000000000e+03,9.300000000000000000e+03,9.424000000000000000e+03,9.548000000000000000e+03,9.672000000000000000e+03,9.796000000000000000e+03,9.920000000000000000e+03,1.004400000000000000e+04,1.016800000000000000e+04,1.029200000000000000e+04,1.041600000000000000e+04,1.054000000000000000e+04,1.066400000000000000e+04,1.078800000000000000e+04,1.091200000000000000e+04,1.103600000000000000e+04,1.116000000000000000e+04,1.128400000000000000e+04,1.140800000000000000e+04,1.153200000000000000e+04,1.165600000000000000e+04,1.178000000000000000e+04,1.190400000000000000e+04,1.202800000000000000e+04,1.215200000000000000e+04,1.227600000000000000e+04,1.240000000000000000e+04,1.252400000000000000e+04,1.264800000000000000e+04,1.277200000000000000e+04,1.289600000000000000e+04,1.302000000000000000e+04,1.314400000000000000e+04,1.326800000000000000e+04,1.339200000000000000e+04,1.351600000000000000e+04,1.364000000000000000e+04,1.376400000000000000e+04,1.388800000000000000e+04,1.401200000000000000e+04,1.413600000000000000e+04,1.426000000000000000e+04,1.438400000000000000e+04,1.450800000000000000e+04,1.463200000000000000e+04,1.475600000000000000e+04,1.488000000000000000e+04,1.500400000000000000e+04,1.512800000000000000e+04,1.525200000000000000e+04,1.537600000000000000e+04,1.550000000000000000e+04,1.562400000000000000e+04,1.574800000000000000e+04,1.587200000000000000e+04,1.599600000000000000e+04,1.612000000000000000e+04,1.624400000000000000e+04,1.636800000000000000e+04,1.649200000000000000e+04,1.661600000000000000e+04,1.674000000000000000e+04,1.686400000000000000e+04,1.698800000000000000e+04,1.711200000000000000e+04,1.723600000000000000e+04,1.736000000000000000e+04,1.748400000000000000e+04,1.760800000000000000e+04,1.773200000000000000e+04,1.785600000000000000e+04,1.798000000000000000e+04,1.810400000000000000e+04,1.822800000000000000e+04,1.835200000000000000e+04,1.847600000000000000e+04,1.860000000000000000e+04,1.872400000000000000e+04,1.884800000000000000e+04,1.897200000000000000e+04,1.909600000000000000e+04,1.922000000000000000e+04,1.934400000000000000e+04,1.946800000000000000e+04,1.959200000000000000e+04,1.971600000000000000e+04,1.984000000000000000e+04,1.996400000000000000e+04,2.008800000000000000e+04,2.021200000000000000e+04,2.033600000000000000e+04,2.046000000000000000e+04,2.058400000000000000e+04,2.070800000000000000e+04,2.083200000000000000e+04,2.095600000000000000e+04,2.108000000000000000e+04,2.120400000000000000e+04,2.132800000000000000e+04,2.145200000000000000e+04,2.157600000000000000e+04,2.170000000000000000e+04,2.182400000000000000e+04,2.194800000000000000e+04,2.207200000000000000e+04,2.219600000000000000e+04,2.232000000000000000e+04,2.244400000000000000e+04,2.256800000000000000e+04,2.269200000000000000e+04,2.281600000000000000e+04,2.294000000000000000e+04,2.306400000000000000e+04,2.318800000000000000e+04,2.331200000000000000e+04,2.343600000000000000e+04,2.356000000000000000e+04,2.368400000000000000e+04,2.380800000000000000e+04,2.393200000000000000e+04,2.405600000000000000e+04,2.418000000000000000e+04,2.430400000000000000e+04,2.442800000000000000e+04,2.455200000000000000e+04,2.467600000000000000e+04,2.480000000000000000e+04,2.492400000000000000e+04,2.504800000000000000e+04,2.517200000000000000e+04,2.529600000000000000e+04,2.542000000000000000e+04,2.554400000000000000e+04,2.566800000000000000e+04,2.579200000000000000e+04,2.591600000000000000e+04,2.604000000000000000e+04,2.616400000000000000e+04,2.628800000000000000e+04,2.641200000000000000e+04,2.653600000000000000e+04,2.666000000000000000e+04,2.678400000000000000e+04,2.690800000000000000e+04,2.703200000000000000e+04,2.715600000000000000e+04,2.728000000000000000e+04,2.740400000000000000e+04,2.752800000000000000e+04,2.765200000000000000e+04,2.777600000000000000e+04,2.790000000000000000e+04,2.802400000000000000e+04,2.814800000000000000e+04,2.827200000000000000e+04,2.839600000000000000e+04,2.852000000000000000e+04,2.864400000000000000e+04,2.876800000000000000e+04,2.889200000000000000e+04,2.901600000000000000e+04,2.914000000000000000e+04,2.926400000000000000e+04,2.938800000000000000e+04,2.951200000000000000e+04,2.963600000000000000e+04,2.976000000000000000e+04,2.988400000000000000e+04,3.000800000000000000e+04,3.013200000000000000e+04,3.025600000000000000e+04,3.038000000000000000e+04,3.050400000000000000e+04,3.062800000000000000e+04,3.075200000000000000e+04,3.087600000000000000e+04,3.100000000000000000e+04,3.112400000000000000e+04,3.124800000000000000e+04,3.137200000000000000e+04,3.149600000000000000e+04,3.162000000000000000e+04,3.174400000000000000e+04,3.186800000000000000e+04,3.199200000000000000e+04,3.211600000000000000e+04,3.224000000000000000e+04,3.236400000000000000e+04,3.248800000000000000e+04,3.261200000000000000e+04,3.273600000000000000e+04,3.286000000000000000e+04,3.298400000000000000e+04,3.310800000000000000e+04,3.323200000000000000e+04,3.335600000000000000e+04,3.348000000000000000e+04,3.360400000000000000e+04,3.372800000000000000e+04,3.385200000000000000e+04,3.397600000000000000e+04,3.410000000000000000e+04,3.422400000000000000e+04,3.434800000000000000e+04,3.447200000000000000e+04,3.459600000000000000e+04,3.472000000000000000e+04,3.484400000000000000e+04,3.496800000000000000e+04,3.509200000000000000e+04,3.521600000000000000e+04,3.534000000000000000e+04,3.546400000000000000e+04,3.558800000000000000e+04,3.571200000000000000e+04,3.583600000000000000e+04,3.596000000000000000e+04,3.608400000000000000e+04,3.620800000000000000e+04,3.633200000000000000e+04,3.645600000000000000e+04,3.658000000000000000e+04,3.670400000000000000e+04,3.682800000000000000e+04,3.695200000000000000e+04,3.707600000000000000e+04
0.000000000000000000e+00,1.250000000000000000e+02,2.500000000000000000e+02,3.750000000000000000e+02,5.000000000000000000e+02,6.250000000000000000e+02,7.500000000000000000e+02,8.750000000000000000e+02,1.000000000000000000e+03,1.125000000000000000e+03,1.250000000000000000e+03,1.375000000000000000e+03,1.500000000000000000e+03,1.625000000000000000e+03,1.750000000000000000e+03,1.875000000000000000e+03,2.000000000000000000e+03,2.125000000000000000e+03,2.250000000000000000e+03,2.375000000000000000e+03,2.500000000000000000e+03,2.625000000000000000e+03,2.750000000000000000e+03,2.875000000000000000e+03,3.000000000000000000e+03,3.125000000000000000e+03,3.250000000000000000e+03,3.375000000000000000e+03,3.500000000000000000e+03,3.625000000000000000e+03,3.750000000000000000e+03,3.875000000000000000e+03,4.000000000000000000e+03,4.125000000000000000e+03,4.250000000000000000e+03,4.375000000000000000e+03,4.500000000000000000e+03,4.625000000000000000e+03,4.750000000000000000e+03,4.875000000000000000e+03,5.000000000000000000e+03,5.125000000000000000e+03,5.250000000000000000e+03,5.375000000000000000e+03,5.500000000000000000e+03,5.625000000000000000e+03,5.750000000000000000e+03,5.875000000000000000e+03,6.000000000000000000e+03,6.125000000000000000e+03,6.250000000000000000e+03,6.375000000000000000e+03,6.500000000000000000e+03,6.625000000000000000e+03,6.750000000000000000e+03,6.875000000000000000e+03,7.000000000000000000e+03,7.125000000000000000e+03,7.250000000000000000e+03,7.375000000000000000e+03,7.500000000000000000e+03,7.625000000000000000e+03,7.750000000000000000e+03,7.875000000000000000e+03,8.000000000000000000e+03,8.125000000000000000e+03,8.250000000000000000e+03,8.375000000000000000e+03,8.500000000000000000e+03,8.625000000000000000e+03,8.750000000000000000e+03,8.875000000000000000e+03,9.000000000000000000e+03,9.125000000000000000e+03,9.250000000000000000e+03,9.375000000000000000e+03,9.500000000000000000e+03,9.625000000000000000e+03,9.750000000000000000e+03,9.875000000000000000e+03,1.000000000000000000e+04,1.012500000000000000e+04,1.025000000000000000e+04,1.037500000000000000e+04,1.050000000000000000e+04,1.062500000000000000e+04,1.075000000000000000e+04,1.087500000000000000e+04,1.100000000000000000e+04,1.112500000000000000e+04,1.125000000000000000e+04,1.137500000000000000e+04,1.150000000000000000e+04,1.162500000000000000e+04,1.175000000000000000e+04,1.187500000000000000e+04,1.200000000000000000e+04,1.212500000000000000e+04,1.225000000000000000e+04,1.237500000000000000e+04,1.250000000000000000e+04,1.262500000000000000e+04,1.275000000000000000e+04,1.287500000000000000e+04,1.300000000000000000e+04,1.312500000000000000e+04,1.325000000000000000e+04,1.337500000000000000e+04,1.350000000000000000e+04,1.362500000000000000e+04,1.375000000000000000e+04,1.387500000000000000e+04,1.400000000000000000e+04,1.412500000000000000e+04,1.425000000000000000e+04,1.437500000000000000e+04,1.450000000000000000e+04,1.462500000000000000e+04,1.475000000000000000e+04,1.487500000000000000e+04,1.500000000000000000e+04,1.512500000000000000e+04,1.525000000000000000e+04,1.537500000000000000e+04,1.550000000000000000e+04,1.562500000000000000e+04,1.575000000000000000e+04,1.587500000000000000e+04,1.600000000000000000e+04,1.612500000000000000e+04,1.625000000000000000e+04,1.637500000000000000e+04,1.650000000000000000e+04,1.662500000000000000e+04,1.675000000000000000e+04,1.687500000000000000e+04,1.700000000000000000e+04,1.712500000000000000e+04,1.725000000000000000e+04,1.737500000000000000e+04,1.750000000000000000e+04,1.762500000000000000e+04,1.775000000000000000e+04,1.787500000000000000e+04,1.800000000000000000e+04,1.812500000000000000e+04,1.825000000000000000e+04,1.837500000000000000e+04,1.850000000000000000e+04,1.862500000000000000e+04,1.875000000000000000e+04,1.887500000000000000e+04,1.900000000000000000e+04,1.912500000000000000e+04,1.925000000000000000e+04,1.937500000000000000e+04,1.950000000000000000e+04,1.962500000000000000e+04,1.975000000000000000e+04,1.987500000000000000e+04,2.000000000000000000e+04,2.012500000000000000e+04,2.025000000000000000e+04,2.037500000000000000e+04,2.050000000000000000e+04,2.062500000000000000e+04,2.075000000000000000e+04,2.087500000000000000e+04,2.100000000000000000e+04,2.112500000000000000e+04,2.125000000000000000e+04,2.137500000000000000e+04,2.150000000000000000e+04,2.162500000000000000e+04,2.175000000000000000e+04,2.187500000000000000e+04,2.200000000000000000e+04,2.212500000000000000e+04,2.225000000000000000e+04,2.237500000000000000e+04,2.250000000000000000e+04,2.262500000000000000e+04,2.275000000000000000e+04,2.287500000000000000e+04,2.300000000000000000e+04,2.312500000000000000e+04,2.325000000000000000e+04,2.337500000000000000e+04,2.350000000000000000e+04,2.362500000000000000e+04,2.375000000000000000e+04,2.387500000000000000e+04,2.400000000000000000e+04,2.412500000000000000e+04,2.425000000000000000e+04,2.437500000000000000e+04,2.450000000000000000e+04,2.462500000000000000e+04,2.475000000000000000e+04,2.487500000000000000e+04,2.500000000000000000e+04,2.512500000000000000e+04,2.525000000000000000e+04,2.537500000000000000e+04,2.550000000000000000e+04,2.562500000000000000e+04,2.575000000000000000e+04,2.587500000000000000e+04,2.600000000000000000e+04,2.612500000000000000e+04,2.625000000000000000e+04,2.637500000000000000e+04,2.650000000000000000e+04,2.662500000000000000e+04,2.675000000000000000e+04,2.687500000000000000e+04,2.700000000000000000e+04,2.712500000000000000e+04,2.725000000000000000e+04,2.737500000000000000e+04,2.750000000000000000e+04,2.762500000000000000e+04,2.775000000000000000e+04,2.787500000000000000e+04,2.800000000000000000e+04,2.812500000000000000e+04,2.825000000000000000e+04,2.837500000000000000e+04,2.850000000000000000e+04,2.862500000000000000e+04,2.875000000000000000e+04,2.887500000000000000e+04,2.900000000000000000e+04,2.912500000000000000e+04,2.925000000000000000e+04,2.937500000000000000e+04,2.950000000000000000e+04,2.962500000000000000e+04,2.975000000000000000e+04,2.987500000000000000e+04,3.000000000000000000e+04,3.012500000000000000e+04,3.025000000000000000e+04,3.037500000000000000e+04,3.050000000000000000e+04,3.062500000000000000e+04,3.075000000000000000e+04,3.087500000000000000e+04,3.100000000000000000e+04,3.112500000000000000e+04,3.125000000000000000e+04,3.137500000000000000e+04,3.150000000000000000e+04,3.162500000000000000e+04,3.175000000000000000e+04,3.187500000000000000e+04,3.200000000000000000e+04,3.212500000000000000e+04,3.225000000000000000e+04,3.237500000000000000e+04,3.250000000000000000e+04,3.262500000000000000e+04,3.275000000000000000e+04,3.287500000000000000e+04,3.300000000000000000e+04,3.312500000000000000e+04,3.325000000000000000e+04,3.337500000000000000e+04,3.350000000000000000e+04,3.362500000000000000e+04,3.375000000000000000e+04,3.387500000000000000e+04,3.400000000000000000e+04,3.412500000000000000e+04,3.425000000000000000e+04,3.437500000000000000e+04,3.450000000000000000e+04,3.462500000000000000e+04,3.475000000000000000e+04,3.487500000000000000e+04,3.500000000000000000e+04,3.512500000000000000e+04,3.525000000000000000e+04,3.537500000000000000e+04,3.550000000000000000e+04,3.562500000000000000e+04,3.575000000000000000e+04,3.587500000000000000e+04,3.600000000000000000e+04,3.612500000000000000e+04,3.625000000000000000e+04,3.637500000000000000e+04,3.650000000000000000e+04,3.662500000000000000e+04,3.675000000000000000e+04,3.687500000000000000e+04,3.700000000000000000e+04,3.712500000000000000e+04,3.725000000000000000e+04,3.737500000000000000e+04
0.000000000000000000e+00,1.260000000000000000e+02,2.520000000000000000e+02,3.780000000000000000e+02,5.040000000000000000e+02,6.300000000000000000e+02,7.560000000000000000e+02,8.820000000000000000e+02,1.008000000000000000e+03,1.134000000000000000e+03,1.260000000000000000e+03,1.386000000000000000e+03,1.512000000000000000e+03,1.638000000000000000e+03,1.764000000000000000e+03,1.890000000000000000e+03,2.016000000000000000e+03,2.142000000000000000e+03,2.268000000000000000e+03,2.394000000000000000e+03,2.520000000000000000e+03,2.646000000000000000e+03,2.772000000000000000e+03,2.898000000000000000e+03,3.024000000000000000e+03,3.150000000000000000e+03,3.276000000000000000e+03,3.402000000000000000e+03,3.528000000000000000e+03,3.654000000000000000e+03,3.780000000000000000e+03,3.906000000000000000e+03,4.032000000000000000e+03,4.158000000000000000e+03,4.284000000000000000e+03,4.410000000000000000e+03,4.536000000000000000e+03,4.662000000000000000e+03,4.788000000000000000e+03,4.914000000000000000e+03,5.040000000000000000e+03,5.166000000000000000e+03,5.292000000000000000e+03,5.418000000000000000e+03,5.544000000000000000e+03,5.670000000000000000e+03,5.796000000000000000e+03,5.922000000000000000e+03,6.048000000000000000e+03,6.174000000000000000e+03,6.300000000000000000e+03,6.426000000000000000e+03,6.552000000000000000e+03,6.678000000000000000e+03,6.804000000000000000e+03,6.930000000000000000e+03,7.056000000000000000e+03,7.182000000000000000e+03,7.308000000000000000e+03,7.434000000000000000e+03,7.560000000000000000e+03,7.686000000000000000e+03,7.812000000000000000e+03,7.938000000000000000e+03,8.064000000000000000e+03,8.190000000000000000e+03,8.316000000000000000e+03,8.442000000000000000e+03,8.568000000000000000e+03,8.694000000000000000e+03,8.820000000000000000e+03,8.946000000000000000e+03,9.072000000000000000e+03,9.198000000000000000e+03,9.324000000000000000e+03,9.450000000000000000e+03,9.576000000000000000e+03,9.702000000000000000e+03,9.828000000000000000e+03,9.954000000000000000e+03,1.008000000000000000e+04,1.020600000000000000e+04,1.033200000000000000e+04,1.045800000000000000e+04,1.058400000000000000e+04,1.071000000000000000e+04,1.083600000000000000e+04,1.096200000000000000e+04,1.108800000000000000e+04,1.121400000000000000e+04,1.134000000000000000e+04,1.146600000000000000e+04,1.159200000000000000e+04,1.171800000000000000e+04,1.184400000000000000e+04,1.197000000000000000e+04,1.209600000000000000e+04,1.222200000000000000e+04,1.234800000000000000e+04,1.247400000000000000e+04,1.260000000000000000e+04,1.272600000000000000e+04,1.285200000000000000e+04,1.297800000000000000e+04,1.310400000000000000e+04,1.323000000000000000e+04,1.335600000000000000e+04,1.348200000000000000e+04,1.360800000000000000e+04,1.373400000000000000e+04,1.386000000000000000e+04,1.398600000000000000e+04,1.411200000000000000e+04,1.423800000000000000e+04,1.436400000000000000e+04,1.449000000000000000e+04,1.461600000000000000e+04,1.474200000000000000e+04,1.486800000000000000e+04,1.499400000000000000e+04,1.512000000000000000e+04,1.524600000000000000e+04,1.537200000000000000e+04,1.549800000000000000e+04,1.562400000000000000e+04,1.575000000000000000e+04,1.587600000000000000e+04,1.600200000000000000e+04,1.612800000000000000e+04,1.625400000000000000e+04,1.638000000000000000e+04,1.650600000000000000e+04,1.663200000000000000e+04,1.675800000000000000e+04,1.688400000000000000e+04,1.701000000000000000e+04,1.713600000000000000e+04,1.726200000000000000e+04,1.738800000000000000e+04,1.751400000000000000e+04,1.764000000000000000e+04,1.776600000000000000e+04,1.789200000000000000e+04,1.801800000000000000e+04,1.814400000000000000e+04,1.827000000000000000e+04,1.839600000000000000e+04,1.852200000000000000e+04,1.864800000000000000e+04,1.877400000000000000e+04,1.890000000000000000e+04,1.902600000000000000e+04,1.915200000000000000e+04,1.927800000000000000e+04,1.940400000000000000e+04,1.953000000000000000e+04,1.965600000000000000e+04,1.978200000000000000e+04,1.990800000000000000e+04,2.003400000000000000e+04,2.016000000000000000e+04,2.028600000000000000e+04,2.041200000000000000e+04,2.053800000000000000e+04,2.066400000000000000e+04,2.079000000000000000e+04,2.091600000000000000e+04,2.104200000000000000e+04,2.116800000000000000e+04,2.129400000000000000e+04,2.142000000000000000e+04,2.154600000000000000e+04,2.167200000000000000e+04,2.179800000000000000e+04,2.192400000000000000e+04,2.205000000000000000e+04,2.217600000000000000e+04,2.230200000000000000e+04,2.242800000000000000e+04,2.255400000000000000e+04,2.268000000000000000e+04,2.280600000000000000e+04,2.293200000000000000e+04,2.305800000000000000e+04,2.318400000000000000e+04,2.331000000000000000e+04,2.343600000000000000e+04,2.356200000000000000e+04,2.368800000000000000e+04,2.381400000000000000e+04,2.394000000000000000e+04,2.406600000000000000e+04,2.419200000000000000e+04,2.431800000000000000e+04,2.444400000000000000e+04,2.457000000000000000e+04,2.469600000000000000e+04,2.482200000000000000e+04,2.494800000000000000e+04,2.507400000000000000e+04,2.520000000000000000e+04,2.532600000000000000e+04,2.545200000000000000e+04,2.557800000000000000e+04,2.570400000000000000e+04,2.583000000000000000e+04,2.595600000000000000e+04,2.608200000000000000e+04,2.620800000000000000e+04,2.633400000000000000e+04,2.646000000000000000e+04,2.658600000000000000e+04,2.671200000000000000e+04,2.683800000000000000e+04,2.696400000000000000e+04,2.709000000000000000e+04,2.721600000000000000e+04,2.734200000000000000e+04,2.746800000000000000e+04,2.759400000000000000e+04,2.772000000000000000e+04,2.784600000000000000e+04,2.797200000000000000e+04,2.809800000000000000e+04,2.822400000000000000e+04,2.835000000000000000e+04,2.847600000000000000e+04,2.860200000000000000e+04,2.872800000000000000e+04,2.885400000000000000e+04,2.898000000000000000e+04,2.910600000000000000e+04,2.923200000000000000e+04,2.935800000000000000e+04,2.948400000000000000e+04,2.961000000000000000e+04,2.973600000000000000e+04,2.986200000000000000e+04,2.998800000000000000e+04,3.011400000000000000e+04,3.024000000000000000e+04,3.036600000000000000e+04,3.049200000000000000e+04,3.061800000000000000e+04,3.074400000000000000e+04,3.087000000000000000e+04,3.099600000000000000e+04,3.112200000000000000e+04,3.124800000000000000e+04,3.137400000000000000e+04,3.150000000000000000e+04,3.162600000000000000e+04,3.175200000000000000e+04,3.187800000000000000e+04,3.200400000000000000e+04,3.213000000000000000e+04,3.225600000000000000e+04,3.238200000000000000e+04,3.250800000000000000e+04,3.263400000000000000e+04,3.276000000000000000e+04,3.288600000000000000e+04,3.301200000000000000e+04,3.313800000000000000e+04,3.326400000000000000e+04,3.339000000000000000e+04,3.351600000000000000e+04,3.364200000000000000e+04,3.376800000000000000e+04,3.389400000000000000e+04,3.402000000000000000e+04,3.414600000000000000e+04,3.427200000000000000e+04,3.439800000000000000e+04,3.452400000000000000e+04,3.465000000000000000e+04,3.477600000000000000e+04,3.490200000000000000e+04,3.502800000000000000e+04,3.515400000000000000e+04,3.528000000000000000e+04,3.540600000000000000e+04,3.553200000000000000e+04,3.565800000000000000e+04,3.578400000000000000e+04,3.591000000000000000e+04,3.603600000000000000e+04,3.616200000000000000e+04,3.628800000000000000e+04,3.641400000000000000e+04,3.654000000000000000e+04,3.666600000000000000e+04,3.679200000000000000e+04,3.691800000000000000e+04,3.704400000000000000e+04,3.717000000000000000e+04,3.729600000000000000e+04,3.742200000000000000e+04,3.754800000000000000e+04,3.767400000000000000e+04
0.000000000000000000e+00,1.270000000000000000e+02,2.540000000000000000e+02,3.810000000000000000e+02,5.080000000000000000e+02,6.350000000000000000e+02,7.620000000000000000e+02,8.890000000000000000e+02,1.016000000000000000e+03,1.143000000000000000e+03,1.270000000000000000e+03,1.397000000000000000e+03,1.524000000000000000e+03,1.651000000000000000e+03,1.778000000000000000e+03,1.905000000000000000e+03,2.032000000000000000e+03,2.159000000000000000e+03,2.286000000000000000e+03,2.413000000000000000e+03,2.540000000000000000e+03,2.667000000000000000e+03,2.794000000000000000e+03,2.921000000000000000e+03,3.048000000000000000e+03,3.175000000000000000e+03,3.302000000000000000e+03,3.429000000000000000e+03,3.556000000000000000e+03,3.683000000000000000e+03,3.810000000000000000e+03,3.937000000000000000e+03,4.064000000000000000e+03,4.191000000000000000e+03,4.318000000000000000e+03,4.445000000000000000e+03,4.572000000000000000e+03,4.699000000000000000e+03,4.826000000000000000e+03,4.953000000000000000e+03,5.080000000000000000e+03,5.207000000000000000e+03,5.334000000000000000e+03,5.461000000000000000e+03,5.588000000000000000e+03,5.715000000000000000e+03,5.842000000000000000e+03,5.969000000000000000e+03,6.096000000000000000e+03,6.223000000000000000e+03,6.350000000000000000e+03,6.477000000000000000e+03,6.604000000000000000e+03,6.731000000000000000e+03,6.858000000000000000e+03,6.985000000000000000e+03,7.112000000000000000e+03,7.239000000000000000e+03,7.366000000000000000e+03,7.493000000000000000e+03,7.620000000000000000e+03,7.747000000000000000e+03,7.874000000000000000e+03,8.001000000000000000e+03,8.128000000000000000e+03,8.255000000000000000e+03,8.382000000000000000e+03,8.509000000000000000e+03,8.636000000000000000e+03,8.763000000000000000e+03,8.890000000000000000e+03,9.017000000000000000e+03,9.144000000000000000e+03,9.271000000000000000e+03,9.398000000000000000e+03,9.525000000000000000e+03,9.652000000000000000e+03,9.779000000000000000e+03,9.906000000000000000e+03,1.003300000000000000e+04,1.016000000000000000e+04,1.028700000000000000e+04,1.041400000000000000e+04,1.054100000000000000e+04,1.066800000000000000e+04,1.079500000000000000e+04,1.092200000000000000e+04,1.104900000000000000e+04,1.117600000000000000e+04,1.130300000000000000e+04,1.143000000000000000e+04,1.155700000000000000e+04,1.168400000000000000e+04,1.181100000000000000e+04,1.193800000000000000e+04,1.206500000000000000e+04,1.219200000000000000e+04,1.231900000000000000e+04,1.244600000000000000e+04,1.257300000000000000e+04,1.270000000000000000e+04,1.282700000000000000e+04,1.295400000000000000e+04,1.308100000000000000e+04,1.320800000000000000e+04,1.333500000000000000e+04,1.346200000000000000e+04,1.358900000000000000e+04,1.371600000000000000e+04,1.384300000000000000e+04,1.397000000000000000e+04,1.409700000000000000e+04,1.422400000000000000e+04,1.435100000000000000e+04,1.447800000000000000e+04,1.460500000000000000e+04,1.473200000000000000e+04,1.485900000000000000e+04,1.498600000000000000e+04,1.511300000000000000e+04,1.524000000000000000e+04,1.536700000000000000e+04,1.549400000000000000e+04,1.562100000000000000e+04,1.574800000000000000e+04,1.587500000000000000e+04,1.600200000000000000e+04,1.612900000000000000e+04,1.625600000000000000e+04,1.638300000000000000e+04,1.651000000000000000e+04,1.663700000000000000e+04,1.676400000000000000e+04,1.689100000000000000e+04,1.701800000000000000e+04,1.714500000000000000e+04,1.727200000000000000e+04,1.739900000000000000e+04,1.752600000000000000e+04,1.765300000000000000e+04,1.778000000000000000e+04,1.790700000000000000e+04,1.803400000000000000e+04,1.816100000000000000e+04,1.828800000000000000e+04,1.841500000000000000e+04,1.854200000000000000e+04,1.866900000000000000e+04,1.879600000000000000e+04,1.892300000000000000e+04,1.905000000000000000e+04,1.917700000000000000e+04,1.930400000000000000e+04,1.943100000000000000e+04,1.955800000000000000e+04,1.968500000000000000e+04,1.981200000000000000e+04,1.993900000000000000e+04,2.006600000000000000e+04,2.019300000000000000e+04,2.032000000000000000e+04,2.044700000000000000e+04,2.057400000000000000e+04,2.070100000000000000e+04,2.082800000000000000e+04,2.095500000000000000e+04,2.108200000000000000e+04,2.120900000000000000e+04,2.133600000000000000e+04,2.146300000000000000e+04,2.159000000000000000e+04,2.171700000000000000e+04,2.184400000000000000e+04,2.197100000000000000e+04,2.209800000000000000e+04,2.222500000000000000e+04,2.235200000000000000e+04,2.247900000000000000e+04,2.260600000000000000e+04,2.273300000000000000e+04,2.286000000000000000e+04,2.298700000000000000e+04,2.311400000000000000e+04,2.324100000000000000e+04,2.336800000000000000e+04,2.349500000000000000e+04,2.362200000000000000e+04,2.374900000000000000e+04,2.387600000000000000e+04,2.400300000000000000e+04,2.413000000000000000e+04,2.425700000000000000e+04,2.438400000000000000e+04,2.451100000000000000e+04,2.463800000000000000e+04,2.476500000000000000e+04,2.489200000000000000e+04,2.501900000000000000e+04,2.514600000000000000e+04,2.527300000000000000e+04,2.540000000000000000e+04,2.552700000000000000e+04,2.565400000000000000e+04,2.578100000000000000e+04,2.590800000000000000e+04,2.603500000000000000e+04,2.616200000000000000e+04,2.628900000000000000e+04,2.641600000000000000e+04,2.654300000000000000e+04,2.667000000000000000e+04,2.679700000000000000e+04,2.692400000000000000e+04,2.705100000000000000e+04,2.717800000000000000e+04,2.730500000000000000e+04,2.743200000000000000e+04,2.755900000000000000e+04,2.768600000000000000e+04,2.781300000000000000e+04,2.794000000000000000e+04,2.806700000000000000e+04,2.819400000000000000e+04,2.832100000000000000e+04,2.844800000000000000e+04,2.857500000000000000e+04,2.870200000000000000e+04,2.882900000000000000e+04,2.895600000000000000e+04,2.908300000000000000e+04,2.921000000000000000e+04,2.933700000000000000e+04,2.946400000000000000e+04,2.959100000000000000e+04,2.971800000000000000e+04,2.984500000000000000e+04,2.997200000000000000e+04,3.009900000000000000e+04,3.022600000000000000e+04,3.035300000000000000e+04,3.048000000000000000e+04,3.060700000000000000e+04,3.073400000000000000e+04,3.086100000000000000e+04,3.098800000000000000e+04,3.111500000000000000e+04,3.124200000000000000e+04,3.136900000000000000e+04,3.149600000000000000e+04,3.162300000000000000e+04,3.175000000000000000e+04,3.187700000000000000e+04,3.200400000000000000e+04,3.213100000000000000e+04,3.225800000000000000e+04,3.238500000000000000e+04,3.251200000000000000e+04,3.263900000000000000e+04,3.276600000000000000e+04,3.289300000000000000e+04,3.302000000000000000e+04,3.314700000000000000e+04,3.327400000000000000e+04,3.340100000000000000e+04,3.352800000000000000e+04,3.365500000000000000e+04,3.378200000000000000e+04,3.390900000000000000e+04,3.403600000000000000e+04,3.416300000000000000e+04,3.429000000000000000e+04,3.441700000000000000e+04,3.454400000000000000e+04,3.467100000000000000e+04,3.479800000000000000e+04,3.492500000000000000e+04,3.505200000000000000e+04,3.517900000000000000e+04,3.530600000000000000e+04,3.543300000000000000e+04,3.556000000000000000e+04,3.568700000000000000e+04,3.581400000000000000e+04,3.594100000000000000e+04,3.606800000000000000e+04,3.619500000000000000e+04,3.632200000000000000e+04,3.644900000000000000e+04,3.657600000000000000e+04,3.670300000000000000e+04,3.683000000000000000e+04,3.695700000000000000e+04,3.708400000000000000e+04,3.721100000000000000e+04,3.733800000000000000e+04,3.746500000000000000e+04,3.759200000000000000e+04,3.771900000000000000e+04,3.784600000000000000e+04,3.797300000000000000e+04
0.000000000000000000e+00,1.280000000000000000e+02,2.560000000000000000e+02,3.840000000000000000e+02,5.120000000000000000e+02,6.400000000000000000e+02,7.680000000000000000e+02,8.960000000000000000e+02,1.024000000000000000e+03,1.152000000000000000e+03,1.280000000000000000e+03,1.408000000000000000e+03,1.536000000000000000e+03,1.664000000000000000e+03,1.792000000000000000e+03,1.920000000000000000e+03,2.048000000000000000e+03,2.176000000000000000e+03,2.304000000000000000e+03,2.432000000000000000e+03,2.560000000000000000e+03,2.688000000000000000e+03,2.816000000000000000e+03,2.944000000000000000e+03,3.072000000000000000e+03,3.200000000000000000e+03,3.328000000000000000e+03,3.456000000000000000e+03,3.584000000000000000e+03,3.712000000000000000e+03,3.840000000000000000e+03,3.968000000000000000e+03,4.096000000000000000e+03,4.224000000000000000e+03,4.352000000000000000e+03,4.480000000000000000e+03,4.608000000000000000e+03,4.736000000000000000e+03,4.864000000000000000e+03,4.992000000000000000e+03,5.120000000000000000e+03,5.248000000000000000e+03,5.376000000000000000e+03,5.504000000000000000e+03,5.632000000000000000e+03,5.760000000000000000e+03,5.888000000000000000e+03,6.016000000000000000e+03,6.144000000000000000e+03,6.272000000000000000e+03,6.400000000000000000e+03,6.528000000000000000e+03,6.656000000000000000e+03,6.784000000000000000e+03,6.912000000000000000e+03,7.040000000000000000e+03,7.168000000000000000e+03,7.296000000000000000e+03,7.424000000000000000e+03,7.552000000000000000e+03,7.680000000000000000e+03,7.808000000000000000e+03,7.936000000000000000e+03,8.064000000000000000e+03,8.192000000000000000e+03,8.320000000000000000e+03,8.448000000000000000e+03,8.576000000000000000e+03,8.704000000000000000e+03,8.832000000000000000e+03,8.960000000000000000e+03,9.088000000000000000e+03,9.216000000000000000e+03,9.344000000000000000e+03,9.472000000000000000e+03,9.600000000000000000e+03,9.728000000000000000e+03,9.856000000000000000e+03,9.984000000000000000e+03,1.011200000000000000e+04,1.024000000000000000e+04,1.036800000000000000e+04,1.049600000000000000e+04,1.062400000000000000e+04,1.075200000000000000e+04,1.088000000000000000e+04,1.100800000000000000e+04,1.113600000000000000e+04,1.126400000000000000e+04,1.139200000000000000e+04,1.152000000000000000e+04,1.164800000000000000e+04,1.177600000000000000e+04,1.190400000000000000e+04,1.203200000000000000e+04,1.216000000000000000e+04,1.228800000000000000e+04,1.241600000000000000e+04,1.254400000000000000e+04,1.267200000000000000e+04,1.280000000000000000e+04,1.292800000000000000e+04,1.305600000000000000e+04,1.318400000000000000e+04,1.331200000000000000e+04,1.344000000000000000e+04,1.356800000000000000e+04,1.369600000000000000e+04,1.382400000000000000e+04,1.395200000000000000e+04,1.408000000000000000e+04,1.420800000000000000e+04,1.433600000000000000e+04,1.446400000000000000e+04,1.459200000000000000e+04,1.472000000000000000e+04,1.484800000000000000e+04,1.497600000000000000e+04,1.510400000000000000e+04,1.523200000000000000e+04,1.536000000000000000e+04,1.548800000000000000e+04,1.561600000000000000e+04,1.574400000000000000e+04,1.587200000000000000e+04,1.600000000000000000e+04,1.612800000000000000e+04,1.625600000000000000e+04,1.638400000000000000e+04,1.651200000000000000e+04,1.664000000000000000e+04,1.676800000000000000e+04,1.689600000000000000e+04,1.702400000000000000e+04,1.715200000000000000e+04,1.728000000000000000e+04,1.740800000000000000e+04,1.753600000000000000e+04,1.766400000000000000e+04,1.779200000000000000e+04,1.792000000000000000e+04,1.804800000000000000e+04,1.817600000000000000e+04,1.830400000000000000e+04,1.843200000000000000e+04,1.856000000000000000e+04,1.868800000000000000e+04,1.881600000000000000e+04,1.894400000000000000e+04,1.907200000000000000e+04,1.920000000000000000e+04,1.932800000000000000e+04,1.945600000000000000e+04,1.958400000000000000e+04,1.971200000000000000e+04,1.984000000000000000e+04,1.996800000000000000e+04,2.009600000000000000e+04,2.022400000000000000e+04,2.035200000000000000e+04,2.048000000000000000e+04,2.060800000000000000e+04,2.073600000000000000e+04,2.086400000000000000e+04,2.099200000000000000e+04,2.112000000000000000e+04,2.124800000000000000e+04,2.137600000000000000e+04,2.150400000000000000e+04,2.163200000000000000e+04,2.176000000000000000e+04,2.188800000000000000e+04,2.201600000000000000e+04,2.214400000000000000e+04,2.227200000000000000e+04,2.240000000000000000e+04,2.252800000000000000e+04,2.265600000000000000e+04,2.278400000000000000e+04,2.291200000000000000e+04,2.304000000000000000e+04,2.316800000000000000e+04,2.329600000000000000e+04,2.342400000000000000e+04,2.355200000000000000e+04,2.368000000000000000e+04,2.380800000000000000e+04,2.393600000000000000e+04,2.406400000000000000e+04,2.419200000000000000e+04,2.432000000000000000e+04,2.444800000000000000e+04,2.457600000000000000e+04,2.470400000000000000e+04,2.483200000000000000e+04,2.496000000000000000e+04,2.508800000000000000e+04,2.521600000000000000e+04,2.534400000000000000e+04,2.547200000000000000e+04,2.560000000000000000e+04,2.572800000000000000e+04,2.585600000000000000e+04,2.598400000000000000e+04,2.611200000000000000e+04,2.624000000000000000e+04,2.636800000000000000e+04,2.649600000000000000e+04,2.662400000000000000e+04,2.675200000000000000e+04,2.688000000000000000e+04,2.700800000000000000e+04,2.713600000000000000e+04,2.726400000000000000e+04,2.739200000000000000e+04,2.752000000000000000e+04,2.764800000000000000e+04,2.777600000000000000e+04,2.790400000000000000e+04,2.803200000000000000e+04,2.816000000000000000e+04,2.828800000000000000e+04,2.841600000000000000e+04,2.854400000000000000e+04,2.867200000000000000e+04,2.880000000000000000e+04,2.892800000000000000e+04,2.905600000000000000e+04,2.918400000000000000e+04,2.931200000000000000e+04,2.944000000000000000e+04,2.956800000000000000e+04,2.969600000000000000e+04,2.982400000000000000e+04,2.995200000000000000e+04,3.008000000000000000e+04,3.020800000000000000e+04,3.033600000000000000e+04,3.046400000000000000e+04,3.059200000000000000e+04,3.072000000000000000e+04,3.084800000000000000e+04,3.097600000000000000e+04,3.110400000000000000e+04,3.123200000000000000e+04,3.136000000000000000e+04,3.148800000000000000e+04,3.161600000000000000e+04,3.174400000000000000e+04,3.187200000000000000e+04,3.200000000000000000e+04,3.212800000000000000e+04,3.225600000000000000e+04,3.238400000000000000e+04,3.251200000000000000e+04,3.264000000000000000e+04,3.276800000000000000e+04,3.289600000000000000e+04,3.302400000000000000e+04,3.315200000000000000e+04,3.328000000000000000e+04,3.340800000000000000e+04,3.353600000000000000e+04,3.366400000000000000e+04,3.379200000000000000e+04,3.392000000000000000e+04,3.404800000000000000e+04,3.417600000000000000e+04,3.430400000000000000e+04,3.443200000000000000e+04,3.456000000000000000e+04,3.468800000000000000e+04,3.481600000000000000e+04,3.494400000000000000e+04,3.507200000000000000e+04,3.520000000000000000e+04,3.532800000000000000e+04,3.545600000000000000e+04,3.558400000000000000e+04,3.571200000000000000e+04,3.584000000000000000e+04,3.596800000000000000e+04,3.609600000000000000e+04,3.622400000000000000e+04,3.635200000000000000e+04,3.648000000000000000e+04,3.660800000000000000e+04,3.673600000000000000e+04,3.686400000000000000e+04,3.699200000000000000e+04,3.712000000000000000e+04,3.724800000000000000e+04,3.737600000000000000e+04,3.750400000000000000e+04,3.763200000000000000e+04,3.776000000000000000e+04,3.788800000000000000e+04,3.801600000000000000e+04,3.814400000000000000e+04,3.827200000000000000e+04
0.000000000000000000e+00,1.290000000000000000e+02,2.580000000000000000e+02,3.870000000000000000e+02,5.160000000000000000e+02,6.450000000000000000e+02,7.740000000000000000e+02,9.030000000000000000e+02,1.032000000000000000e+03,1.161000000000000000e+03,1.290000000000000000e+03,1.419000000000000000e+03,1.548000000000000000e+03,1.677000000000000000e+03,1.806000000000000000e+03,1.935000000000000000e+03,2.064000000000000000e+03,2.193000000000000000e+03,2.322000000000000000e+03,2.451000000000000000e+03,2.580000000000000000e+03,2.709000000000000000e+03,2.838000000000000000e+03,2.967000000000000000e+03,3.096000000000000000e+03,3.225000000000000000e+03,3.354000000000000000e+03,3.483000000000000000e+03,3.612000000000000000e+03,3.741000000000000000e+03,3.870000000000000000e+03,3.999000000000000000e+03,4.128000000000000000e+03,4.257000000000000000e+03,4.386000000000000000e+03,4.515000000000000000e+03,4.644000000000000000e+03,4.773000000000000000e+03,4.902000000000000000e+03,5.031000000000000000e+03,5.160000000000000000e+03,5.289000000000000000e+03,5.418000000000000000e+03,5.547000000000000000e+03,5.676000000000000000e+03,5.805000000000000000e+03,5.934000000000000000e+03,6.063000000000000000e+03,6.192000000000000000e+03,6.321000000000000000e+03,6.450000000000000000e+03,6.579000000000000000e+03,6.708000000000000000e+03,6.837000000000000000e+03,6.966000000000000000e+03,7.095000000000000000e+03,7.224000000000000000e+03,7.353000000000000000e+03,7.482000000000000000e+03,7.611000000000000000e+03,7.740000000000000000e+03,7.869000000000000000e+03,7.998000000000000000e+03,8.127000000000000000e+03,8.256000000000000000e+03,8.385000000000000000e+03,8.514000000000000000e+03,8.643000000000000000e+03,8.772000000000000000e+03,8.901000000000000000e+03,9.030000000000000000e+03,9.159000000000000000e+03,9.288000000000000000e+03,9.417000000000000000e+03,9.546000000000000000e+03,9.675000000000000000e+03,9.804000000000000000e+03,9.933000000000000000e+03,1.006200000000000000e+04,1.019100000000000000e+04,1.032000000000000000e+04,1.044900000000000000e+04,1.057800000000000000e+04,1.070700000000000000e+04,1.083600000000000000e+04,1.096500000000000000e+04,1.109400000000000000e+04,1.122300000000000000e+04,1.135200000000000000e+04,1.148100000000000000e+04,1.161000000000000000e+04,1.173900000000000000e+04,1.186800000000000000e+04,1.199700000000000000e+04,1.212600000000000000e+04,1.225500000000000000e+04,1.238400000000000000e+04,1.251300000000000000e+04,1.264200000000000000e+04,1.277100000000000000e+04,1.290000000000000000e+04,1.302900000000000000e+04,1.315800000000000000e+04,1.328700000000000000e+04,1.341600000000000000e+04,1.354500000000000000e+04,1.367400000000000000e+04,1.380300000000000000e+04,1.393200000000000000e+04,1.406100000000000000e+04,1.419000000000000000e+04,1.431900000000000000e+04,1.444800000000000000e+04,1.457700000000000000e+04,1.470600000000000000e+04,1.483500000000000000e+04,1.496400000000000000e+04,1.509300000000000000e+04,1.522200000000000000e+04,1.535100000000000000e+04,1.548000000000000000e+04,1.560900000000000000e+04,1.573800000000000000e+04,1.586700000000000000e+04,1.599600000000000000e+04,1.612500000000000000e+04,1.625400000000000000e+04,1.638300000000000000e+04,1.651200000000000000e+04,1.664100000000000000e+04,1.677000000000000000e+04,1.689900000000000000e+04,1.702800000000000000e+04,1.715700000000000000e+04,1.728600000000000000e+04,1.741500000000000000e+04,1.754400000000000000e+04,1.767300000000000000e+04,1.780200000000000000e+04,1.793100000000000000e+04,1.806000000000000000e+04,1.818900000000000000e+04,1.831800000000000000e+04,1.844700000000000000e+04,1.857600000000000000e+04,1.870500000000000000e+04,1.883400000000000000e+04,1.896300000000000000e+04,1.909200000000000000e+04,1.922100000000000000e+04,1.935000000000000000e+04,1.947900000000000000e+04,1.960800000000000000e+04,1.973700000000000000e+04,1.986600000000000000e+04,1.999500000000000000e+04,2.012400000000000000e+04,2.025300000000000000e+04,2.038200000000000000e+04,2.051100000000000000e+04,2.064000000000000000e+04,2.076900000000000000e+04,2.089800000000000000e+04,2.102700000000000000e+04,2.115600000000000000e+04,2.128500000000000000e+04,2.141400000000000000e+04,2.154300000000000000e+04,2.167200000000000000e+04,2.180100000000000000e+04,2.193000000000000000e+04,2.205900000000000000e+04,2.218800000000000000e+04,2.231700000000000000e+04,2.244600000000000000e+04,2.257500000000000000e+04,2.270400000000000000e+04,2.283300000000000000e+04,2.296200000000000000e+04,2.309100000000000000e+04,2.322000000000000000e+04,2.334900000000000000e+04,2.347800000000000000e+04,2.360700000000000000e+04,2.373600000000000000e+04,2.386500000000000000e+04,2.399400000000000000e+04,2.412300000000000000e+04,2.425200000000000000e+04,2.438100000000000000e+04,2.451000000000000000e+04,2.463900000000000000e+04,2.476800000000000000e+04,2.489700000000000000e+04,2.502600000000000000e+04,2.515500000000000000e+04,2.528400000000000000e+04,2.541300000000000000e+04,2.554200000000000000e+04,2.567100000000000000e+04,2.580000000000000000e+04,2.592900000000000000e+04,2.605800000000000000e+04,2.618700000000000000e+04,2.631600000000000000e+04,2.644500000000000000e+04,2.657400000000000000e+04,2.670300000000000000e+04,2.683200000000000000e+04,2.696100000000000000e+04,2.709000000000000000e+04,2.721900000000000000e+04,2.734800000000000000e+04,2.747700000000000000e+04,2.760600000000000000e+04,2.773500000000000000e+04,2.786400000000000000e+04,2.799300000000000000e+04,2.812200000000000000e+04,2.825100000000000000e+04,2.838000000000000000e+04,2.850900000000000000e+04,2.863800000000000000e+04,2.876700000000000000e+04,2.889600000000000000e+04,2.902500000000000000e+04,2.915400000000000000e+04,2.928300000000000000e+04,2.941200000000000000e+04,2.954100000000000000e+04,2.967000000000000000e+04,2.979900000000000000e+04,2.992800000000000000e+04,3.005700000000000000e+04,3.018600000000000000e+04,3.031500000000000000e+04,3.044400000000000000e+04,3.057300000000000000e+04,3.070200000000000000e+04,3.083100000000000000e+04,3.096000000000000000e+04,3.108900000000000000e+04,3.121800000000000000e+04,3.134700000000000000e+04,3.147600000000000000e+04,3.160500000000000000e+04,3.173400000000000000e+04,3.186300000000000000e+04,3.199200000000000000e+04,3.212100000000000000e+04,3.225000000000000000e+04,3.237900000000000000e+04,3.250800000000000000e+04,3.263700000000000000e+04,3.276600000000000000e+04,3.289500000000000000e+04,3.302400000000000000e+04,3.315300000000000000e+04,3.328200000000000000e+04,3.341100000000000000e+04,3.354000000000000000e+04,3.366900000000000000e+04,3.379800000000000000e+04,3.392700000000000000e+04,3.405600000000000000e+04,3.418500000000000000e+04,3.431400000000000000e+04,3.444300000000000000e+04,3.457200000000000000e+04,3.470100000000000000e+04,3.483000000000000000e+04,3.495900000000000000e+04,3.508800000000000000e+04,3.521700000000000000e+04,3.534600000000000000e+04,3.547500000000000000e+04,3.560400000000000000e+04,3.573300000000000000e+04,3.586200000000000000e+04,3.599100000000000000e+04,3.612000000000000000e+04,3.624900000000000000e+04,3.637800000000000000e+04,3.650700000000000000e+04,3.663600000000000000e+04,3.676500000000000000e+04,3.689400000000000000e+04,3.702300000000000000e+04,3.715200000000000000e+04,3.728100000000000000e+04,3.741000000000000000e+04,3.753900000000000000e+04,3.766800000000000000e+04,3.779700000000000000e+04,3.792600000000000000e+04,3.805500000000000000e+04,3.818400000000000000e+04,3.831300000000000000e+04,3.844200000000000000e+04,3.857100000000000000e+04
0.000000000000000000e+00,1.300000000000000000e+02,2.600000000000000000e+02,3.900000000000000000e+02,5.200000000000000000e+02,6.500000000000000000e+02,7.800000000000000000e+02,9.100000000000000000e+02,1.040000000000000000e+03,1.170000000000000000e+03,1.300000000000000000e+03,1.430000000000000000e+03,1.560000000000000000e+03,1.690000000000000000e+03,1.820000000000000000e+03,1.950000000000000000e+03,2.080000000000000000e+03,2.210000000000000000e+03,2.340000000000000000e+03,2.470000000000000000e+03,2.600000000000000000e+03,2.730000000000000000e+03,2.860000000000000000e+03,2.990000000000000000e+03,3.120000000000000000e+03,3.250000000000000000e+03,3.380000000000000000e+03,3.510000000000000000e+03,3.640000000000000000e+03,3.770000000000000000e+03,3.900000000000000000e+03,4.030000000000000000e+03,4.160000000000000000e+03,4.290000000000000000e+03,4.420000000000000000e+03,4.550000000000000000e+03,4.680000000000000000e+03,4.810000000000000000e+03,4.940000000000000000e+03,5.070000000000000000e+03,5.200000000000000000e+03,5.330000000000000000e+03,5.460000000000000000e+03,5.590000000000000000e+03,5.720000000000000000e+03,5.850000000000000000e+03,5.980000000000000000e+03,6.110000000000000000e+03,6.240000000000000000e+03,6.370000000000000000e+03,6.500000000000000000e+03,6.630000000000000000e+03,6.760000000000000000e+03,6.890000000000000000e+03,7.020000000000000000e+03,7.150000000000000000e+03,7.280000000000000000e+03,7.410000000000000000e+03,7.540000000000000000e+03,7.670000000000000000e+03,7.800000000000000000e+03,7.930000000000000000e+03,8.060000000000000000e+03,8.190000000000000000e+03,8.320000000000000000e+03,8.450000000000000000e+03,8.580000000000000000e+03,8.710000000000000000e+03,8.840000000000000000e+03,8.970000000000000000e+03,9.100000000000000000e+03,9.230000000000000000e+03,9.360000000000000000e+03,9.490000000000000000e+03,9.620000000000000000e+03,9.750000000000000000e+03,9.880000000000000000e+03,1.001000000000000000e+04,1.014000000000000000e+04,1.027000000000000000e+04,1.040000000000000000e+04,1.053000000000000000e+04,1.066000000000000000e+04,1.079000000000000000e+04,1.092000000000000000e+04,1.105000000000000000e+04,1.118000000000000000e+04,1.131000000000000000e+04,1.144000000000000000e+04,1.157000000000000000e+04,1.170000000000000000e+04,1.183000000000000000e+04,1.196000000000000000e+04,1.209000000000000000e+04,1.222000000000000000e+04,1.235000000000000000e+04,1.248000000000000000e+04,1.261000000000000000e+04,1.274000000000000000e+04,1.287000000000000000e+04,1.300000000000000000e+04,1.313000000000000000e+04,1.326000000000000000e+04,1.339000000000000000e+04,1.352000000000000000e+04,1.365000000000000000e+04,1.378000000000000000e+04,1.391000000000000000e+04,1.404000000000000000e+04,1.417000000000000000e+04,1.430000000000000000e+04,1.443000000000000000e+04,1.456000000000000000e+04,1.469000000000000000e+04,1.482000000000000000e+04,1.495000000000000000e+04,1.508000000000000000e+04,1.521000000000000000e+04,1.534000000000000000e+04,1.547000000000000000e+04,1.560000000000000000e+04,1.573000000000000000e+04,1.586000000000000000e+04,1.599000000000000000e+04,1.612000000000000000e+04,1.625000000000000000e+04,1.638000000000000000e+04,1.651000000000000000e+04,1.664000000000000000e+04,1.677000000000000000e+04,1.690000000000000000e+04,1.703000000000000000e+04,1.716000000000000000e+04,1.729000000000000000e+04,1.742000000000000000e+04,1.755000000000000000e+04,1.768000000000000000e+04,1.781000000000000000e+04,1.794000000000000000e+04,1.807000000000000000e+04,1.820000000000000000e+04,1.833000000000000000e+04,1.846000000000000000e+04,1.859000000000000000e+04,1.872000000000000000e+04,1.885000000000000000e+04,1.898000000000000000e+04,1.911000000000000000e+04,1.924000000000000000e+04,1.937000000000000000e+04,1.950000000000000000e+04,1.963000000000000000e+04,1.976000000000000000e+04,1.989000000000000000e+04,2.002000000000000000e+04,2.015000000000000000e+04,2.028000000000000000e+04,2.041000000000000000e+04,2.054000000000000000e+04,2.067000000000000000e+04,2.080000000000000000e+04,2.093000000000000000e+04,2.106000000000000000e+04,2.119000000000000000e+04,2.132000000000000000e+04,2.145000000000000000e+04,2.158000000000000000e+04,2.171000000000000000e+04,2.184000000000000000e+04,2.197000000000000000e+04,2.210000000000000000e+04,2.223000000000000000e+04,2.236000000000000000e+04,2.249000000000000000e+04,2.262000000000000000e+04,2.275000000000000000e+04,2.288000000000000000e+04,2.301000000000000000e+04,2.314000000000000000e+04,2.327000000000000000e+04,2.340000000000000000e+04,2.353000000000000000e+04,2.366000000000000000e+04,2.379000000000000000e+04,2.392000000000000000e+04,2.405000000000000000e+04,2.418000000000000000e+04,2.431000000000000000e+04,2.444000000000000000e+04,2.457000000000000000e+04,2.470000000000000000e+04,2.483000000000000000e+04,2.496000000000000000e+04,2.509000000000000000e+04,2.522000000000000000e+04,2.535000000000000000e+04,2.548000000000000000e+04,2.561000000000000000e+04,2.574000000000000000e+04,2.587000000000000000e+04,2.600000000000000000e+04,2.613000000000000000e+04,2.626000000000000000e+04,2.639000000000000000e+04,2.652000000000000000e+04,2.665000000000000000e+04,2.678000000000000000e+04,2.691000000000000000e+04,2.704000000000000000e+04,2.717000000000000000e+04,2.730000000000000000e+04,2.743000000000000000e+04,2.756000000000000000e+04,2.769000000000000000e+04,2.782000000000000000e+04,2.795000000000000000e+04,2.808000000000000000e+04,2.821000000000000000e+04,2.834000000000000000e+04,2.847000000000000000e+04,2.860000000000000000e+04,2.873000000000000000e+04,2.886000000000000000e+04,2.899000000000000000e+04,2.912000000000000000e+04,2.925000000000000000e+04,2.938000000000000000e+04,2.951000000000000000e+04,2.964000000000000000e+04,2.977000000000000000e+04,2.990000000000000000e+04,3.003000000000000000e+04,3.016000000000000000e+04,3.029000000000000000e+04,3.042000000000000000e+04,3.055000000000000000e+04,3.068000000000000000e+04,3.081000000000000000e+04,3.094000000000000000e+04,3.107000000000000000e+04,3.120000000000000000e+04,3.133000000000000000e+04,3.146000000000000000e+04,3.159000000000000000e+04,3.172000000000000000e+04,3.185000000000000000e+04,3.198000000000000000e+04,3.211000000000000000e+04,3.224000000000000000e+04,3.237000000000000000e+04,3.250000000000000000e+04,3.263000000000000000e+04,3.276000000000000000e+04,3.289000000000000000e+04,3.302000000000000000e+04,3.315000000000000000e+04,3.328000000000000000e+04,3.341000000000000000e+04,3.354000000000000000e+04,3.367000000000000000e+04,3.380000000000000000e+04,3.393000000000000000e+04,3.406000000000000000e+04,3.419000000000000000e+04,3.432000000000000000e+04,3.445000000000000000e+04,3.458000000000000000e+04,3.471000000000000000e+04,3.484000000000000000e+04,3.497000000000000000e+04,3.510000000000000000e+04,3.523000000000000000e+04,3.536000000000000000e+04,3.549000000000000000e+04,3.562000000000000000e+04,3.575000000000000000e+04,3.588000000000000000e+04,3.601000000000000000e+04,3.614000000000000000e+04,3.627000000000000000e+04,3.640000000000000000e+04,3.653000000000000000e+04,3.666000000000000000e+04,3.679000000000000000e+04,3.692000000000000000e+04,3.705000000000000000e+04,3.718000000000000000e+04,3.731000000000000000e+04,3.744000000000000000e+04,3.757000000000000000e+04,3.770000000000000000e+04,3.783000000000000000e+04,3.796000000000000000e+04,3.809000000000000000e+04,3.822000000000000000e+04,3.835000000000000000e+04,3.848000000000000000e+04,3.861000000000000000e+04,3.874000000000000000e+04,3.887000000000000000e+04
0.000000000000000000e+00,1.310000000000000000e+02,2.620000000000000000e+02,3.930000000000000000e+02,5.240000000000000000e+02,6.550000000000000000e+02,7.860000000000000000e+02,9.170000000000000000e+02,1.048000000000000000e+03,1.179000000000000000e+03,1.310000000000000000e+03,1.441000000000000000e+03,1.572000000000000000e+03,1.703000000000000000e+03,1.834000000000000000e+03,1.965000000000000000e+03,2.096000000000000000e+03,2.227000000000000000e+03,2.358000000000000000e+03,2.489000000000000000e+03,2.620000000000000000e+03,2.751000000000000000e+03,2.882000000000000000e+03,3.013000000000000000e+03,3.144000000000000000e+03,3.275000000000000000e+03,3.406000000000000000e+03,3.537000000000000000e+03,3.668000000000000000e+03,3.799000000000000000e+03,3.930000000000000000e+03,4.061000000000000000e+03,4.192000000000000000e+03,4.323000000000000000e+03,4.454000000000000000e+03,4.585000000000000000e+03,4.716000000000000000e+03,4.847000000000000000e+03,4.978000000000000000e+03,5.109000000000000000e+03,5.240000000000000000e+03,5.371000000000000000e+03,5.502000000000000000e+03,5.633000000000000000e+03,5.764000000000000000e+03,5.895000000000000000e+03,6.026000000000000000e+03,6.157000000000000000e+03,6.288000000000000000e+03,6.419000000000000000e+03,6.550000000000000000e+03,6.681000000000000000e+03,6.812000000000000000e+03,6.943000000000000000e+03,7.074000000000000000e+03,7.205000000000000000e+03,7.336000000000000000e+03,7.467000000000000000e+03,7.598000000000000000e+03,7.729000000000000000e+03,7.860000000000000000e+03,7.991000000000000000e+03,8.122000000000000000e+03,8.253000000000000000e+03,8.384000000000000000e+03,8.515000000000000000e+03,8.646000000000000000e+03,8.777000000000000000e+03,8.908000000000000000e+03,9.039000000000000000e+03,9.170000000000000000e+03,9.301000000000000000e+03,9.432000000000000000e+03,9.563000000000000000e+03,9.694000000000000000e+03,9.825000000000000000e+03,9.956000000000000000e+03,1.008700000000000000e+04,1.021800000000000000e+04,1.034900000000000000e+04,1.048000000000000000e+04,1.061100000000000000e+04,1.074200000000000000e+04,1.087300000000000000e+04,1.100400000000000000e+04,1.113500000000000000e+04,1.126600000000000000e+04,1.139700000000000000e+04,1.152800000000000000e+04,1.165900000000000000e+04,1.179000000000000000e+04,1.192100000000000000e+04,1.205200000000000000e+04,1.218300000000000000e+04,1.231400000000000000e+04,1.244500000000000000e+04,1.257600000000000000e+04,1.270700000000000000e+04,1.283800000000000000e+04,1.296900000000000000e+04,1.310000000000000000e+04,1.323100000000000000e+04,1.336200000000000000e+04,1.349300000000000000e+04,1.362400000000000000e+04,1.375500000000000000e+04,1.388600000000000000e+04,1.401700000000000000e+04,1.414800000000000000e+04,1.427900000000000000e+04,1.441000000000000000e+04,1.454100000000000000e+04,1.467200000000000000e+04,1.480300000000000000e+04,1.493400000000000000e+04,1.506500000000000000e+04,1.519600000000000000e+04,1.532700000000000000e+04,1.545800000000000000e+04,1.558900000000000000e+04,1.572000000000000000e+04,1.585100000000000000e+04,1.598200000000000000e+04,1.611300000000000000e+04,1.624400000000000000e+04,1.637500000000000000e+04,1.650600000000000000e+04,1.663700000000000000e+04,1.676800000000000000e+04,1.689900000000000000e+04,1.703000000000000000e+04,1.716100000000000000e+04,1.729200000000000000e+04,1.742300000000000000e+04,1.755400000000000000e+04,1.768500000000000000e+04,1.781600000000000000e+04,1.794700000000000000e+04,1.807800000000000000e+04,1.820900000000000000e+04,1.834000000000000000e+04,1.847100000000000000e+04,1.860200000000000000e+04,1.873300000000000000e+04,1.886400000000000000e+04,1.899500000000000000e+04,1.912600000000000000e+04,1.925700000000000000e+04,1.938800000000000000e+04,1.951900000000000000e+04,1.965000000000000000e+04,1.978100000000000000e+04,1.991200000000000000e+04,2.004300000000000000e+04,2.017400000000000000e+04,2.030500000000000000e+04,2.043600000000000000e+04,2.056700000000000000e+04,2.069800000000000000e+04,2.082900000000000000e+04,2.096000000000000000e+04,2.109100000000000000e+04,2.122200000000000000e+04,2.135300000000000000e+04,2.148400000000000000e+04,2.161500000000000000e+04,2.174600000000000000e+04,2.187700000000000000e+04,2.200800000000000000e+04,2.213900000000000000e+04,2.227000000000000000e+04,2.240100000000000000e+04,2.253200000000000000e+04,2.266300000000000000e+04,2.279400000000000000e+04,2.292500000000000000e+04,2.305600000000000000e+04,2.318700000000000000e+04,2.331800000000000000e+04,2.344900000000000000e+04,2.358000000000000000e+04,2.371100000000000000e+04,2.384200000000000000e+04,2.397300000000000000e+04,2.410400000000000000e+04,2.423500000000000000e+04,2.436600000000000000e+04,2.449700000000000000e+04,2.462800000000000000e+04,2.475900000000000000e+04,2.489000000000000000e+04,2.502100000000000000e+04,2.515200000000000000e+04,2.528300000000000000e+04,2.541400000000000000e+04,2.554500000000000000e+04,2.567600000000000000e+04,2.580700000000000000e+04,2.593800000000000000e+04,2.606900000000000000e+04,2.620000000000000000e+04,2.633100000000000000e+04,2.646200000000000000e+04,2.659300000000000000e+04,2.672400000000000000e+04,2.685500000000000000e+04,2.698600000000000000e+04,2.711700000000000000e+04,2.724800000000000000e+04,2.737900000000000000e+04,2.751000000000000000e+04,2.764100000000000000e+04,2.777200000000000000e+04,2.790300000000000000e+04,2.803400000000000000e+04,2.816500000000000000e+04,2.829600000000000000e+04,2.842700000000000000e+04,2.855800000000000000e+04,2.868900000000000000e+04,2.882000000000000000e+04,2.895100000000000000e+04,2.908200000000000000e+04,2.921300000000000000e+04,2.934400000000000000e+04,2.947500000000000000e+04,2.960600000000000000e+04,2.973700000000000000e+04,2.986800000000000000e+04,2.999900000000000000e+04,3.013000000000000000e+04,3.026100000000000000e+04,3.039200000000000000e+04,3.052300000000000000e+04,3.065400000000000000e+04,3.078500000000000000e+04,3.091600000000000000e+04,3.104700000000000000e+04,3.117800000000000000e+04,3.130900000000000000e+04,3.144000000000000000e+04,3.157100000000000000e+04,3.170200000000000000e+04,3.183300000000000000e+04,3.196400000000000000e+04,3.209500000000000000e+04,3.222600000000000000e+04,3.235700000000000000e+04,3.248800000000000000e+04,3.261900000000000000e+04,3.275000000000000000e+04,3.288100000000000000e+04,3.301200000000000000e+04,3.314300000000000000e+04,3.327400000000000000e+04,3.340500000000000000e+04,3.353600000000000000e+04,3.366700000000000000e+04,3.379800000000000000e+04,3.392900000000000000e+04,3.406000000000000000e+04,3.419100000000000000e+04,3.432200000000000000e+04,3.445300000000000000e+04,3.458400000000000000e+04,3.471500000000000000e+04,3.484600000000000000e+04,3.497700000000000000e+04,3.510800000000000000e+04,3.523900000000000000e+04,3.537000000000000000e+04,3.550100000000000000e+04,3.563200000000000000e+04,3.576300000000000000e+04,3.589400000000000000e+04,3.602500000000000000e+04,3.615600000000000000e+04,3.628700000000000000e+04,3.641800000000000000e+04,3.654900000000000000e+04,3.668000000000000000e+04,3.681100000000000000e+04,3.694200000000000000e+04,3.707300000000000000e+04,3.720400000000000000e+04,3.733500000000000000e+04,3.746600000000000000e+04,3.759700000000000000e+04,3.772800000000000000e+04,3.785900000000000000e+04,3.799000000000000000e+04,3.812100000000000000e+04,3.825200000000000000e+04,3.838300000000000000e+04,3.851400000000000000e+04,3.864500000000000000e+04,3.877600000000000000e+04,3.890700000000000000e+04,3.903800000000000000e+04,3.916900000000000000e+04
0.000000000000000000e+00,1.320000000000000000e+02,2.640000000000000000e+02,3.960000000000000000e+02,5.280000000000000000e+02,6.600000000000000000e+02,7.920000000000000000e+02,9.240000000000000000e+02,1.056000000000000000e+03,1.188000000000000000e+03,1.320000000000000000e+03,1.452000000000000000e+03,1.584000000000000000e+03,1.716000000000000000e+03,1.848000000000000000e+03,1.980000000000000000e+03,2.112000000000000000e+03,2.244000000000000000e+03,2.376000000000000000e+03,2.508000000000000000e+03,2.640000000000000000e+03,2.772000000000000000e+03,2.904000000000000000e+03,3.036000000000000000e+03,3.168000000000000000e+03,3.300000000000000000e+03,3.432000000000000000e+03,3.564000000000000000e+03,3.696000000000000000e+03,3.828000000000000000e+03,3.960000000000000000e+03,4.092000000000000000e+03,4.224000000000000000e+03,4.356000000000000000e+03,4.488000000000000000e+03,4.620000000000000000e+03,4.752000000000000000e+03,4.884000000000000000e+03,5.016000000000000000e+03,5.148000000000000000e+03,5.280000000000000000e+03,5.412000000000000000e+03,5.544000000000000000e+03,5.676000000000000000e+03,5.808000000000000000e+03,5.940000000000000000e+03,6.072000000000000000e+03,6.204000000000000000e+03,6.336000000000000000e+03,6.468000000000000000e+03,6.600000000000000000e+03,6.732000000000000000e+03,6.864000000000000000e+03,6.996000000000000000e+03,7.128000000000000000e+03,7.260000000000000000e+03,7.392000000000000000e+03,7.524000000000000000e+03,7.656000000000000000e+03,7.788000000000000000e+03,7.920000000000000000e+03,8.052000000000000000e+03,8.184000000000000000e+03,8.316000000000000000e+03,8.448000000000000000e+03,8.580000000000000000e+03,8.712000000000000000e+03,8.844000000000000000e+03,8.976000000000000000e+03,9.108000000000000000e+03,9.240000000000000000e+03,9.372000000000000000e+03,9.504000000000000000e+03,9.636000000000000000e+03,9.768000000000000000e+03,9.900000000000000000e+03,1.003200000000000000e+04,1.016400000000000000e+04,1.029600000000000000e+04,1.042800000000000000e+04,1.056000000000000000e+04,1.069200000000000000e+04,1.082400000000000000e+04,1.095600000000000000e+04,1.108800000000000000e+04,1.122000000000000000e+04,1.135200000000000000e+04,1.148400000000000000e+04,1.161600000000000000e+04,1.174800000000000000e+04,1.188000000000000000e+04,1.201200000000000000e+04,1.214400000000000000e+04,1.227600000000000000e+04,1.240800000000000000e+04,1.254000000000000000e+04,1.267200000000000000e+04,1.280400000000000000e+04,1.293600000000000000e+04,1.306800000000000000e+04,1.320000000000000000e+04,1.333200000000000000e+04,1.346400000000000000e+04,1.359600000000000000e+04,1.372800000000000000e+04,1.386000000000000000e+04,1.399200000000000000e+04,1.412400000000000000e+04,1.425600000000000000e+04,1.438800000000000000e+04,1.452000000000000000e+04,1.465200000000000000e+04,1.478400000000000000e+04,1.491600000000000000e+04,1.504800000000000000e+04,1.518000000000000000e+04,1.531200000000000000e+04,1.544400000000000000e+04,1.557600000000000000e+04,1.570800000000000000e+04,1.584000000000000000e+04,1.597200000000000000e+04,1.610400000000000000e+04,1.623600000000000000e+04,1.636800000000000000e+04,1.650000000000000000e+04,1.663200000000000000e+04,1.676400000000000000e+04,1.689600000000000000e+04,1.702800000000000000e+04,1.716000000000000000e+04,1.729200000000000000e+04,1.742400000000000000e+04,1.755600000000000000e+04,1.768800000000000000e+04,1.782000000000000000e+04,1.795200000000000000e+04,1.808400000000000000e+04,1.821600000000000000e+04,1.834800000000000000e+04,1.848000000000000000e+04,1.861200000000000000e+04,1.874400000000000000e+04,1.887600000000000000e+04,1.900800000000000000e+04,1.914000000000000000e+04,1.927200000000000000e+04,1.940400000000000000e+04,1.953600000000000000e+04,1.966800000000000000e+04,1.980000000000000000e+04,1.993200000000000000e+04,2.006400000000000000e+04,2.019600000000000000e+04,2.032800000000000000e+04,2.046000000000000000e+04,2.059200000000000000e+04,2.072400000000000000e+04,2.085600000000000000e+04,2.098800000000000000e+04,2.112000000000000000e+04,2.125200000000000000e+04,2.138400000000000000e+04,2.151600000000000000e+04,2.164800000000000000e+04,2.178000000000000000e+04,2.191200000000000000e+04,2.204400000000000000e+04,2.217600000000000000e+04,2.230800000000000000e+04,2.244000000000000000e+04,2.257200000000000000e+04,2.270400000000000000e+04,2.283600000000000000e+04,2.296800000000000000e+04,2.310000000000000000e+04,2.323200000000000000e+04,2.336400000000000000e+04,2.349600000000000000e+04,2.362800000000000000e+04,2.376000000000000000e+04,2.389200000000000000e+04,2.402400000000000000e+04,2.415600000000000000e+04,2.428800000000000000e+04,2.442000000000000000e+04,2.455200000000000000e+04,2.468400000000000000e+04,2.481600000000000000e+04,2.494800000000000000e+04,2.508000000000000000e+04,2.521200000000000000e+04,2.534400000000000000e+04,2.547600000000000000e+04,2.560800000000000000e+04,2.574000000000000000e+04,2.587200000000000000e+04,2.600400000000000000e+04,2.613600000000000000e+04,2.626800000000000000e+04,2.640000000000000000e+04,2.653200000000000000e+04,2.666400000000000000e+04,2.679600000000000000e+04,2.692800000000000000e+04,2.706000000000000000e+04,2.719200000000000000e+04,2.732400000000000000e+04,2.745600000000000000e+04,2.758800000000000000e+04,2.772000000000000000e+04,2.785200000000000000e+04,2.798400000000000000e+04,2.811600000000000000e+04,2.824800000000000000e+04,2.838000000000000000e+04,2.851200000000000000e+04,2.864400000000000000e+04,2.877600000000000000e+04,2.890800000000000000e+04,2.904000000000000000e+04,2.917200000000000000e+04,2.930400000000000000e+04,2.943600000000000000e+04,2.956800000000000000e+04,2.970000000000000000e+04,2.983200000000000000e+04,2.996400000000000000e+04,3.009600000000000000e+04,3.022800000000000000e+04,3.036000000000000000e+04,3.049200000000000000e+04,3.062400000000000000e+04,3.075600000000000000e+04,3.088800000000000000e+04,3.102000000000000000e+04,3.115200000000000000e+04,3.128400000000000000e+04,3.141600000000000000e+04,3.154800000000000000e+04,3.168000000000000000e+04,3.181200000000000000e+04,3.194400000000000000e+04,3.207600000000000000e+04,3.220800000000000000e+04,3.234000000000000000e+04,3.247200000000000000e+04,3.260400000000000000e+04,3.273600000000000000e+04,3.286800000000000000e+04,3.300000000000000000e+04,3.313200000000000000e+04,3.326400000000000000e+04,3.339600000000000000e+04,3.352800000000000000e+04,3.366000000000000000e+04,3.379200000000000000e+04,3.392400000000000000e+04,3.405600000000000000e+04,3.418800000000000000e+04,3.432000000000000000e+04,3.445200000000000000e+04,3.458400000000000000e+04,3.471600000000000000e+04,3.484800000000000000e+04,3.498000000000000000e+04,3.511200000000000000e+04,3.524400000000000000e+04,3.537600000000000000e+04,3.550800000000000000e+04,3.564000000000000000e+04,3.577200000000000000e+04,3.590400000000000000e+04,3.603600000000000000e+04,3.616800000000000000e+04,3.630000000000000000e+04,3.643200000000000000e+04,3.656400000000000000e+04,3.669600000000000000e+04,3.682800000000000000e+04,3.696000000000000000e+04,3.709200000000000000e+04,3.722400000000000000e+04,3.735600000000000000e+04,3.748800000000000000e+04,3.762000000000000000e+04,3.775200000000000000e+04,3.788400000000000000e+04,3.801600000000000000e+04,3.814800000000000000e+04,3.828000000000000000e+04,3.841200000000000000e+04,3.854400000000000000e+04,3.867600000000000000e+04,3.880800000000000000e+04,3.894000000000000000e+04,3.907200000000000000e+04,3.920400000000000000e+04,3.933600000000000000e+04,3.946800000000000000e+04
0.000000000000000000e+00,1.330000000000000000e+02,2.660000000000000000e+02,3.990000000000000000e+02,5.320000000000000000e+02,6.650000000000000000e+02,7.980000000000000000e+02,9.310000000000000000e+02,1.064000000000000000e+03,1.197000000000000000e+03,1.330000000000000000e+03,1.463000000000000000e+03,1.596000000000000000e+03,1.729000000000000000e+03,1.862000000000000000e+03,1.995000000000000000e+03,2.128000000000000000e+03,2.261000000000000000e+03,2.394000000000000000e+03,2.527000000000000000e+03,2.660000000000000000e+03,2.793000000000000000e+03,2.926000000000000000e+03,3.059000000000000000e+03,3.192000000000000000e+03,3.325000000000000000e+03,3.458000000000000000e+03,3.591000000000000000e+03,3.724000000000000000e+03,3.857000000000000000e+03,3.990000000000000000e+03,4.123000000000000000e+03,4.256000000000000000e+03,4.389000000000000000e+03,4.522000000000000000e+03,4.655000000000000000e+03,4.788000000000000000e+03,4.921000000000000000e+03,5.054000000000000000e+03,5.187000000000000000e+03,5.320000000000000000e+03,5.453000000000000000e+03,5.586000000000000000e+03,5.719000000000000000e+03,5.852000000000000000e+03,5.985000000000000000e+03,6.118000000000000000e+03,6.251000000000000000e+03,6.384000000000000000e+03,6.517000000000000000e+03,6.650000000000000000e+03,6.783000000000000000e+03,6.916000000000000000e+03,7.049000000000000000e+03,7.182000000000000000e+03,7.315000000000000000e+03,7.448000000000000000e+03,7.581000000000000000e+03,7.714000000000000000e+03,7.847000000000000000e+03,7.980000000000000000e+03,8.113000000000000000e+03,8.246000000000000000e+03,8.379000000000000000e+03,8.512000000000000000e+03,8.645000000000000000e+03,8.778000000000000000e+03,8.911000000000000000e+03,9.044000000000000000e+03,9.177000000000000000e+03,9.310000000000000000e+03,9.443000000000000000e+03,9.576000000000000000e+03,9.709000000000000000e+03,9.842000000000000000e+03,9.975000000000000000e+03,1.010800000000000000e+04,1.024100000000000000e+04,1.037400000000000000e+04,1.050700000000000000e+04,1.064000000000000000e+04,1.077300000000000000e+04,1.090600000000000000e+04,1.103900000000000000e+04,1.117200000000000000e+04,1.130500000000000000e+04,1.143800000000000000e+04,1.157100000000000000e+04,1.170400000000000000e+04,1.183700000000000000e+04,1.197000000000000000e+04,1.210300000000000000e+04,1.223600000000000000e+04,1.236900000000000000e+04,1.250200000000000000e+04,1.263500000000000000e+04,1.276800000000000000e+04,1.290100000000000000e+04,1.303400000000000000e+04,1.316700000000000000e+04,1.330000000000000000e+04,1.343300000000000000e+04,1.356600000000000000e+04,1.369900000000000000e+04,1.383200000000000000e+04,1.396500000000000000e+04,1.409800000000000000e+04,1.423100000000000000e+04,1.436400000000000000e+04,1.449700000000000000e+04,1.463000000000000000e+04,1.476300000000000000e+04,1.489600000000000000e+04,1.502900000000000000e+04,1.516200000000000000e+04,1.529500000000000000e+04,1.542800000000000000e+04,1.556100000000000000e+04,1.569400000000000000e+04,1.582700000000000000e+04,1.596000000000000000e+04,1.609300000000000000e+04,1.622600000000000000e+04,1.635900000000000000e+04,1.649200000000000000e+04,1.662500000000000000e+04,1.675800000000000000e+04,1.689100000000000000e+04,1.702400000000000000e+04,1.715700000000000000e+04,1.729000000000000000e+04,1.742300000000000000e+04,1.755600000000000000e+04,1.768900000000000000e+04,1.782200000000000000e+04,1.795500000000000000e+04,1.808800000000000000e+04,1.822100000000000000e+04,1.835400000000000000e+04,1.848700000000000000e+04,1.862000000000000000e+04,1.875300000000000000e+04,1.888600000000000000e+04,1.901900000000000000e+04,1.915200000000000000e+04,1.928500000000000000e+04,1.941800000000000000e+04,1.955100000000000000e+04,1.968400000000000000e+04,1.981700000000000000e+04,1.995000000000000000e+04,2.008300000000000000e+04,2.021600000000000000e+04,2.034900000000000000e+04,2.048200000000000000e+04,2.061500000000000000e+04,2.074800000000000000e+04,2.088100000000000000e+04,2.101400000000000000e+04,2.114700000000000000e+04,2.128000000000000000e+04,2.141300000000000000e+04,2.154600000000000000e+04,2.167900000000000000e+04,2.181200000000000000e+04,2.194500000000000000e+04,2.207800000000000000e+04,2.221100000000000000e+04,2.234400000000000000e+04,2.247700000000000000e+04,2.261000000000000000e+04,2.274300000000000000e+04,2.287600000000000000e+04,2.300900000000000000e+04,2.314200000000000000e+04,2.327500000000000000e+04,2.340800000000000000e+04,2.354100000000000000e+04,2.367400000000000000e+04,2.380700000000000000e+04,2.394000000000000000e+04,2.407300000000000000e+04,2.420600000000000000e+04,2.433900000000000000e+04,2.447200000000000000e+04,2.460500000000000000e+04,2.473800000000000000e+04,2.487100000000000000e+04,2.500400000000000000e+04,2.513700000000000000e+04,2.527000000000000000e+04,2.540300000000000000e+04,2.553600000000000000e+04,2.566900000000000000e+04,2.580200000000000000e+04,2.593500000000000000e+04,2.606800000000000000e+04,2.620100000000000000e+04,2.633400000000000000e+04,2.646700000000000000e+04,2.660000000000000000e+04,2.673300000000000000e+04,2.686600000000000000e+04,2.699900000000000000e+04,2.713200000000000000e+04,2.726500000000000000e+04,2.739800000000000000e+04,2.753100000000000000e+04,2.766400000000000000e+04,2.779700000000000000e+04,2.793000000000000000e+04,2.806300000000000000e+04,2.819600000000000000e+04,2.832900000000000000e+04,2.846200000000000000e+04,2.859500000000000000e+04,2.872800000000000000e+04,2.886100000000000000e+04,2.899400000000000000e+04,2.912700000000000000e+04,2.926000000000000000e+04,2.939300000000000000e+04,2.952600000000000000e+04,2.965900000000000000e+04,2.979200000000000000e+04,2.992500000000000000e+04,3.005800000000000000e+04,3.019100000000000000e+04,3.032400000000000000e+04,3.045700000000000000e+04,3.059000000000000000e+04,3.072300000000000000e+04,3.085600000000000000e+04,3.098900000000000000e+04,3.112200000000000000e+04,3.125500000000000000e+04,3.138800000000000000e+04,3.152100000000000000e+04,3.165400000000000000e+04,3.178700000000000000e+04,3.192000000000000000e+04,3.205300000000000000e+04,3.218600000000000000e+04,3.231900000000000000e+04,3.245200000000000000e+04,3.258500000000000000e+04,3.271800000000000000e+04,3.285100000000000000e+04,3.298400000000000000e+04,3.311700000000000000e+04,3.325000000000000000e+04,3.338300000000000000e+04,3.351600000000000000e+04,3.364900000000000000e+04,3.378200000000000000e+04,3.391500000000000000e+04,3.404800000000000000e+04,3.418100000000000000e+04,3.431400000000000000e+04,3.444700000000000000e+04,3.458000000000000000e+04,3.471300000000000000e+04,3.484600000000000000e+04,3.497900000000000000e+04,3.511200000000000000e+04,3.524500000000000000e+04,3.537800000000000000e+04,3.551100000000000000e+04,3.564400000000000000e+04,3.577700000000000000e+04,3.591000000000000000e+04,3.604300000000000000e+04,3.617600000000000000e+04,3.630900000000000000e+04,3.644200000000000000e+04,3.657500000000000000e+04,3.670800000000000000e+04,3.684100000000000000e+04,3.697400000000000000e+04,3.710700000000000000e+04,3.724000000000000000e+04,3.737300000000000000e+04,3.750600000000000000e+04,3.763900000000000000e+04,3.777200000000000000e+04,3.790500000000000000e+04,3.803800000000000000e+04,3.817100000000000000e+04,3.830400000000000000e+04,3.843700000000000000e+04,3.857000000000000000e+04,3.870300000000000000e+04,3.883600000000000000e+04,3.896900000000000000e+04,3.910200000000000000e+04,3.923500000000000000e+04,3.936800000000000000e+04,3.950100000000000000e+04,3.963400000000000000e+04,3.976700000000000000e+04
0.000000000000000000e+00,1.340000000000000000e+02,2.680000000000000000e+02,4.020000000000000000e+02,5.360000000000000000e+02,6.700000000000000000e+02,8.040000000000000000e+02,9.380000000000000000e+02,1.072000000000000000e+03,1.206000000000000000e+03,1.340000000000000000e+03,1.474000000000000000e+03,1.608000000000000000e+03,1.742000000000000000e+03,1.876000000000000000e+03,2.010000000000000000e+03,2.144000000000000000e+03,2.278000000000000000e+03,2.412000000000000000e+03,2.546000000000000000e+03,2.680000000000000000e+03,2.814000000000000000e+03,2.948000000000000000e+03,3.082000000000000000e+03,3.216000000000000000e+03,3.350000000000000000e+03,3.484000000000000000e+03,3.618000000000000000e+03,3.752000000000000000e+03,3.886000000000000000e+03,4.020000000000000000e+03,4.154000000000000000e+03,4.288000000000000000e+03,4.422000000000000000e+03,4.556000000000000000e+03,4.690000000000000000e+03,4.824000000000000000e+03,4.958000000000000000e+03,5.092000000000000000e+03,5.226000000000000000e+03,5.360000000000000000e+03,5.494000000000000000e+03,5.628000000000000000e+03,5.762000000000000000e+03,5.896000000000000000e+03,6.030000000000000000e+03,6.164000000000000000e+03,6.298000000000000000e+03,6.432000000000000000e+03,6.566000000000000000e+03,6.700000000000000000e+03,6.834000000000000000e+03,6.968000000000000000e+03,7.102000000000000000e+03,7.236000000000000000e+03,7.370000000000000000e+03,7.504000000000000000e+03,7.638000000000000000e+03,7.772000000000000000e+03,7.906000000000000000e+03,8.040000000000000000e+03,8.174000000000000000e+03,8.308000000000000000e+03,8.442000000000000000e+03,8.576000000000000000e+03,8.710000000000000000e+03,8.844000000000000000e+03,8.978000000000000000e+03,9.112000000000000000e+03,9.246000000000000000e+03,9.380000000000000000e+03,9.514000000000000000e+03,9.648000000000000000e+03,9.782000000000000000e+03,9.916000000000000000e+03,1.005000000000000000e+04,1.018400000000000000e+04,1.031800000000000000e+04,1.045200000000000000e+04,1.058600000000000000e+04,1.072000000000000000e+04,1.085400000000000000e+04,1.098800000000000000e+04,1.112200000000000000e+04,1.125600000000000000e+04,1.139000000000000000e+04,1.152400000000000000e+04,1.165800000000000000e+04,1.179200000000000000e+04,1.192600000000000000e+04,1.206000000000000000e+04,1.219400000000000000e+04,1.232800000000000000e+04,1.246200000000000000e+04,1.259600000000000000e+04,1.273000000000000000e+04,1.286400000000000000e+04,1.299800000000000000e+04,1.313200000000000000e+04,1.326600000000000000e+04,1.340000000000000000e+04,1.353400000000000000e+04,1.366800000000000000e+04,1.380200000000000000e+04,1.393600000000000000e+04,1.407000000000000000e+04,1.420400000000000000e+04,1.433800000000000000e+04,1.447200000000000000e+04,1.460600000000000000e+04,1.474000000000000000e+04,1.487400000000000000e+04,1.500800000000000000e+04,1.514200000000000000e+04,1.527600000000000000e+04,1.541000000000000000e+04,1.554400000000000000e+04,1.567800000000000000e+04,1.581200000000000000e+04,1.594600000000000000e+04,1.608000000000000000e+04,1.621400000000000000e+04,1.634800000000000000e+04,1.648200000000000000e+04,1.661600000000000000e+04,1.675000000000000000e+04,1.688400000000000000e+04,1.701800000000000000e+04,1.715200000000000000e+04,1.728600000000000000e+04,1.742000000000000000e+04,1.755400000000000000e+04,1.768800000000000000e+04,1.782200000000000000e+04,1.795600000000000000e+04,1.809000000000000000e+04,1.822400000000000000e+04,1.835800000000000000e+04,1.849200000000000000e+04,1.862600000000000000e+04,1.876000000000000000e+04,1.889400000000000000e+04,1.902800000000000000e+04,1.916200000000000000e+04,1.929600000000000000e+04,1.943000000000000000e+04,1.956400000000000000e+04,1.969800000000000000e+04,1.983200000000000000e+04,1.996600000000000000e+04,2.010000000000000000e+04,2.023400000000000000e+04,2.036800000000000000e+04,2.050200000000000000e+04,2.063600000000000000e+04,2.077000000000000000e+04,2.090400000000000000e+04,2.103800000000000000e+04,2.117200000000000000e+04,2.130600000000000000e+04,2.144000000000000000e+04,2.157400000000000000e+04,2.170800000000000000e+04,2.184200000000000000e+04,2.197600000000000000e+04,2.211000000000000000e+04,2.224400000000000000e+04,2.237800000000000000e+04,2.251200000000000000e+04,2.264600000000000000e+04,2.278000000000000000e+04,2.291400000000000000e+04,2.304800000000000000e+04,2.318200000000000000e+04,2.331600000000000000e+04,2.345000000000000000e+04,2.358400000000000000e+04,2.371800000000000000e+04,2.385200000000000000e+04,2.398600000000000000e+04,2.412000000000000000e+04,2.425400000000000000e+04,2.438800000000000000e+04,2.452200000000000000e+04,2.465600000000000000e+04,2.479000000000000000e+04,2.492400000000000000e+04,2.505800000000000000e+04,2.519200000000000000e+04,2.532600000000000000e+04,2.546000000000000000e+04,2.559400000000000000e+04,2.572800000000000000e+04,2.586200000000000000e+04,2.599600000000000000e+04,2.613000000000000000e+04,2.626400000000000000e+04,2.639800000000000000e+04,2.653200000000000000e+04,2.666600000000000000e+04,2.680000000000000000e+04,2.693400000000000000e+04,2.706800000000000000e+04,2.720200000000000000e+04,2.733600000000000000e+04,2.747000000000000000e+04,2.760400000000000000e+04,2.773800000000000000e+04,2.787200000000000000e+04,2.800600000000000000e+04,2.814000000000000000e+04,2.827400000000000000e+04,2.840800000000000000e+04,2.854200000000000000e+04,2.867600000000000000e+04,2.881000000000000000e+04,2.894400000000000000e+04,2.907800000000000000e+04,2.921200000000000000e+04,2.934600000000000000e+04,2.948000000000000000e+04,2.961400000000000000e+04,2.974800000000000000e+04,2.988200000000000000e+04,3.001600000000000000e+04,3.015000000000000000e+04,3.028400000000000000e+04,3.041800000000000000e+04,3.055200000000000000e+04,3.068600000000000000e+04,3.082000000000000000e+04,3.095400000000000000e+04,3.108800000000000000e+04,3.122200000000000000e+04,3.135600000000000000e+04,3.149000000000000000e+04,3.162400000000000000e+04,3.175800000000000000e+04,3.189200000000000000e+04,3.202600000000000000e+04,3.216000000000000000e+04,3.229400000000000000e+04,3.242800000000000000e+04,3.256200000000000000e+04,3.269600000000000000e+04,3.283000000000000000e+04,3.296400000000000000e+04,3.309800000000000000e+04,3.323200000000000000e+04,3.336600000000000000e+04,3.350000000000000000e+04,3.363400000000000000e+04,3.376800000000000000e+04,3.390200000000000000e+04,3.403600000000000000e+04,3.417000000000000000e+04,3.430400000000000000e+04,3.443800000000000000e+04,3.457200000000000000e+04,3.470600000000000000e+04,3.484000000000000000e+04,3.497400000000000000e+04,3.510800000000000000e+04,3.524200000000000000e+04,3.537600000000000000e+04,3.551000000000000000e+04,3.564400000000000000e+04,3.577800000000000000e+04,3.591200000000000000e+04,3.604600000000000000e+04,3.618000000000000000e+04,3.631400000000000000e+04,3.644800000000000000e+04,3.658200000000000000e+04,3.671600000000000000e+04,3.685000000000000000e+04,3.698400000000000000e+04,3.711800000000000000e+04,3.725200000000000000e+04,3.738600000000000000e+04,3.752000000000000000e+04,3.765400000000000000e+04,3.778800000000000000e+04,3.792200000000000000e+04,3.805600000000000000e+04,3.819000000000000000e+04,3.832400000000000000e+04,3.845800000000000000e+04,3.859200000000000000e+04,3.872600000000000000e+04,3.886000000000000000e+04,3.899400000000000000e+04,3.912800000000000000e+04,3.926200000000000000e+04,3.939600000000000000e+04,3.953000000000000000e+04,3.966400000000000000e+04,3.979800000000000000e+04,3.993200000000000000e+04,4.006600000000000000e+04
0.000000000000000000e+00,1.350000000000000000e+02,2.700000000000000000e+02,4.050000000000000000e+02,5.400000000000000000e+02,6.750000000000000000e+02,8.100000000000000000e+02,9.450000000000000000e+02,1.080000000000000000e+03,1.215000000000000000e+03,1.350000000000000000e+03,1.485000000000000000e+03,1.620000000000000000e+03,1.755000000000000000e+03,1.890000000000000000e+03,2.025000000000000000e+03,2.160000000000000000e+03,2.295000000000000000e+03,2.430000000000000000e+03,2.565000000000000000e+03,2.700000000000000000e+03,2.835000000000000000e+03,2.970000000000000000e+03,3.105000000000000000e+03,3.240000000000000000e+03,3.375000000000000000e+03,3.510000000000000000e+03,3.645000000000000000e+03,3.780000000000000000e+03,3.915000000000000000e+03,4.050000000000000000e+03,4.185000000000000000e+03,4.320000000000000000e+03,4.455000000000000000e+03,4.590000000000000000e+03,4.725000000000000000e+03,4.860000000000000000e+03,4.995000000000000000e+03,5.130000000000000000e+03,5.265000000000000000e+03,5.400000000000000000e+03,5.535000000000000000e+03,5.670000000000000000e+03,5.805000000000000000e+03,5.940000000000000000e+03,6.075000000000000000e+03,6.210000000000000000e+03,6.345000000000000000e+03,6.480000000000000000e+03,6.615000000000000000e+03,6.750000000000000000e+03,6.885000000000000000e+03,7.020000000000000000e+03,7.155000000000000000e+03,7.290000000000000000e+03,7.425000000000000000e+03,7.560000000000000000e+03,7.695000000000000000e+03,7.830000000000000000e+03,7.965000000000000000e+03,8.100000000000000000e+03,8.235000000000000000e+03,8.370000000000000000e+03,8.505000000000000000e+03,8.640000000000000000e+03,8.775000000000000000e+03,8.910000000000000000e+03,9.045000000000000000e+03,9.180000000000000000e+03,9.315000000000000000e+03,9.450000000000000000e+03,9.585000000000000000e+03,9.720000000000000000e+03,9.855000000000000000e+03,9.990000000000000000e+03,1.012500000000000000e+04,1.026000000000000000e+04,1.039500000000000000e+04,1.053000000000000000e+04,1.066500000000000000e+04,1.080000000000000000e+04,1.093500000000000000e+04,1.107000000000000000e+04,1.120500000000000000e+04,1.134000000000000000e+04,1.147500000000000000e+04,1.161000000000000000e+04,1.174500000000000000e+04,1.188000000000000000e+04,1.201500000000000000e+04,1.215000000000000000e+04,1.228500000000000000e+04,1.242000000000000000e+04,1.255500000000000000e+04,1.269000000000000000e+04,1.282500000000000000e+04,1.296000000000000000e+04,1.309500000000000000e+04,1.323000000000000000e+04,1.336500000000000000e+04,1.350000000000000000e+04,1.363500000000000000e+04,1.377000000000000000e+04,1.390500000000000000e+04,1.404000000000000000e+04,1.417500000000000000e+04,1.431000000000000000e+04,1.444500000000000000e+04,1.458000000000000000e+04,1.471500000000000000e+04,1.485000000000000000e+04,1.498500000000000000e+04,1.512000000000000000e+04,1.525500000000000000e+04,1.539000000000000000e+04,1.552500000000000000e+04,1.566000000000000000e+04,1.579500000000000000e+04,1.593000000000000000e+04,1.606500000000000000e+04,1.620000000000000000e+04,1.633500000000000000e+04,1.647000000000000000e+04,1.660500000000000000e+04,1.674000000000000000e+04,1.687500000000000000e+04,1.701000000000000000e+04,1.714500000000000000e+04,1.728000000000000000e+04,1.741500000000000000e+04,1.755000000000000000e+04,1.768500000000000000e+04,1.782000000000000000e+04,1.795500000000000000e+04,1.809000000000000000e+04,1.822500000000000000e+04,1.836000000000000000e+04,1.849500000000000000e+04,1.863000000000000000e+04,1.876500000000000000e+04,1.890000000000000000e+04,1.903500000000000000e+04,1.917000000000000000e+04,1.930500000000000000e+04,1.944000000000000000e+04,1.957500000000000000e+04,1.971000000000000000e+04,1.984500000000000000e+04,1.998000000000000000e+04,2.011500000000000000e+04,2.025000000000000000e+04,2.038500000000000000e+04,2.052000000000000000e+04,2.065500000000000000e+04,2.079000000000000000e+04,2.092500000000000000e+04,2.106000000000000000e+04,2.119500000000000000e+04,2.133000000000000000e+04,2.146500000000000000e+04,2.160000000000000000e+04,2.173500000000000000e+04,2.187000000000000000e+04,2.200500000000000000e+04,2.214000000000000000e+04,2.227500000000000000e+04,2.241000000000000000e+04,2.254500000000000000e+04,2.268000000000000000e+04,2.281500000000000000e+04,2.295000000000000000e+04,2.308500000000000000e+04,2.322000000000000000e+04,2.335500000000000000e+04,2.349000000000000000e+04,2.362500000000000000e+04,2.376000000000000000e+04,2.389500000000000000e+04,2.403000000000000000e+04,2.416500000000000000e+04,2.430000000000000000e+04,2.443500000000000000e+04,2.457000000000000000e+04,2.470500000000000000e+04,2.484000000000000000e+04,2.497500000000000000e+04,2.511000000000000000e+04,2.524500000000000000e+04,2.538000000000000000e+04,2.551500000000000000e+04,2.565000000000000000e+04,2.578500000000000000e+04,2.592000000000000000e+04,2.605500000000000000e+04,2.619000000000000000e+04,2.632500000000000000e+04,2.646000000000000000e+04,2.659500000000000000e+04,2.673000000000000000e+04,2.686500000000000000e+04,2.700000000000000000e+04,2.713500000000000000e+04,2.727000000000000000e+04,2.740500000000000000e+04,2.754000000000000000e+04,2.767500000000000000e+04,2.781000000000000000e+04,2.794500000000000000e+04,2.808000000000000000e+04,2.821500000000000000e+04,2.835000000000000000e+04,2.848500000000000000e+04,2.862000000000000000e+04,2.875500000000000000e+04,2.889000000000000000e+04,2.902500000000000000e+04,2.916000000000000000e+04,2.929500000000000000e+04,2.943000000000000000e+04,2.956500000000000000e+04,2.970000000000000000e+04,2.983500000000000000e+04,2.997000000000000000e+04,3.010500000000000000e+04,3.024000000000000000e+04,3.037500000000000000e+04,3.051000000000000000e+04,3.064500000000000000e+04,3.078000000000000000e+04,3.091500000000000000e+04,3.105000000000000000e+04,3.118500000000000000e+04,3.132000000000000000e+04,3.145500000000000000e+04,3.159000000000000000e+04,3.172500000000000000e+04,3.186000000000000000e+04,3.199500000000000000e+04,3.213000000000000000e+04,3.226500000000000000e+04,3.240000000000000000e+04,3.253500000000000000e+04,3.267000000000000000e+04,3.280500000000000000e+04,3.294000000000000000e+04,3.307500000000000000e+04,3.321000000000000000e+04,3.334500000000000000e+04,3.348000000000000000e+04,3.361500000000000000e+04,3.375000000000000000e+04,3.388500000000000000e+04,3.402000000000000000e+04,3.415500000000000000e+04,3.429000000000000000e+04,3.442500000000000000e+04,3.456000000000000000e+04,3.469500000000000000e+04,3.483000000000000000e+04,3.496500000000000000e+04,3.510000000000000000e+04,3.523500000000000000e+04,3.537000000000000000e+04,3.550500000000000000e+04,3.564000000000000000e+04,3.577500000000000000e+04,3.591000000000000000e+04,3.604500000000000000e+04,3.618000000000000000e+04,3.631500000000000000e+04,3.645000000000000000e+04,3.658500000000000000e+04,3.672000000000000000e+04,3.685500000000000000e+04,3.699000000000000000e+04,3.712500000000000000e+04,3.726000000000000000e+04,3.739500000000000000e+04,3.753000000000000000e+04,3.766500000000000000e+04,3.780000000000000000e+04,3.793500000000000000e+04,3.807000000000000000e+04,3.820500000000000000e+04,3.834000000000000000e+04,3.847500000000000000e+04,3.861000000000000000e+04,3.874500000000000000e+04,3.888000000000000000e+04,3.901500000000000000e+04,3.915000000000000000e+04,3.928500000000000000e+04,3.942000000000000000e+04,3.955500000000000000e+04,3.969000000000000000e+04,3.982500000000000000e+04,3.996000000000000000e+04,4.009500000000000000e+04,4.023000000000000000e+04,4.036500000000000000e+04
0.000000000000000000e+00,1.360000000000000000e+02,2.720000000000000000e+02,4.080000000000000000e+02,5.440000000000000000e+02,6.800000000000000000e+02,8.160000000000000000e+02,9.520000000000000000e+02,1.088000000000000000e+03,1.224000000000000000e+03,1.360000000000000000e+03,1.496000000000000000e+03,1.632000000000000000e+03,1.768000000000000000e+03,1.904000000000000000e+03,2.040000000000000000e+03,2.176000000000000000e+03,2.312000000000000000e+03,2.448000000000000000e+03,2.584000000000000000e+03,2.720000000000000000e+03,2.856000000000000000e+03,2.992000000000000000e+03,3.128000000000000000e+03,3.264000000000000000e+03,3.400000000000000000e+03,3.536000000000000000e+03,3.672000000000000000e+03,3.808000000000000000e+03,3.944000000000000000e+03,4.080000000000000000e+03,4.216000000000000000e+03,4.352000000000000000e+03,4.488000000000000000e+03,4.624000000000000000e+03,4.760000000000000000e+03,4.896000000000000000e+03,5.032000000000000000e+03,5.168000000000000000e+03,5.304000000000000000e+03,5.440000000000000000e+03,5.576000000000000000e+03,5.712000000000000000e+03,5.848000000000000000e+03,5.984000000000000000e+03,6.120000000000000000e+03,6.256000000000000000e+03,6.392000000000000000e+03,6.528000000000000000e+03,6.664000000000000000e+03,6.800000000000000000e+03,6.936000000000000000e+03,7.072000000000000000e+03,7.208000000000000000e+03,7.344000000000000000e+03,7.480000000000000000e+03,7.616000000000000000e+03,7.752000000000000000e+03,7.888000000000000000e+03,8.024000000000000000e+03,8.160000000000000000e+03,8.296000000000000000e+03,8.432000000000000000e+03,8.568000000000000000e+03,8.704000000000000000e+03,8.840000000000000000e+03,8.976000000000000000e+03,9.112000000000000000e+03,9.248000000000000000e+03,9.384000000000000000e+03,9.520000000000000000e+03,9.656000000000000000e+03,9.792000000000000000e+03,9.928000000000000000e+03,1.006400000000000000e+04,1.020000000000000000e+04,1.033600000000000000e+04,1.047200000000000000e+04,1.060800000000000000e+04,1.074400000000000000e+04,1.088000000000000000e+04,1.101600000000000000e+04,1.115200000000000000e+04,1.128800000000000000e+04,1.142400000000000000e+04,1.156000000000000000e+04,1.169600000000000000e+04,1.183200000000000000e+04,1.196800000000000000e+04,1.210400000000000000e+04,1.224000000000000000e+04,1.237600000000000000e+04,1.251200000000000000e+04,1.264800000000000000e+04,1.278400000000000000e+04,1.292000000000000000e+04,1.305600000000000000e+04,1.319200000000000000e+04,1.332800000000000000e+04,1.346400000000000000e+04,1.360000000000000000e+04,1.373600000000000000e+04,1.387200000000000000e+04,1.400800000000000000e+04,1.414400000000000000e+04,1.428000000000000000e+04,1.441600000000000000e+04,1.455200000000000000e+04,1.468800000000000000e+04,1.482400000000000000e+04,1.496000000000000000e+04,1.509600000000000000e+04,1.523200000000000000e+04,1.536800000000000000e+04,1.550400000000000000e+04,1.564000000000000000e+04,1.577600000000000000e+04,1.591200000000000000e+04,1.604800000000000000e+04,1.618400000000000000e+04,1.632000000000000000e+04,1.645600000000000000e+04,1.659200000000000000e+04,1.672800000000000000e+04,1.686400000000000000e+04,1.700000000000000000e+04,1.713600000000000000e+04,1.727200000000000000e+04,1.740800000000000000e+04,1.754400000000000000e+04,1.768000000000000000e+04,1.781600000000000000e+04,1.795200000000000000e+04,1.808800000000000000e+04,1.822400000000000000e+04,1.836000000000000000e+04,1.849600000000000000e+04,1.863200000000000000e+04,1.876800000000000000e+04,1.890400000000000000e+04,1.904000000000000000e+04,1.917600000000000000e+04,1.931200000000000000e+04,1.944800000000000000e+04,1.958400000000000000e+04,1.972000000000000000e+04,1.985600000000000000e+04,1.999200000000000000e+04,2.012800000000000000e+04,2.026400000000000000e+04,2.040000000000000000e+04,2.053600000000000000e+04,2.067200000000000000e+04,2.080800000000000000e+04,2.094400000000000000e+04,2.108000000000000000e+04,2.121600000000000000e+04,2.135200000000000000e+04,2.148800000000000000e+04,2.162400000000000000e+04,2.176000000000000000e+04,2.189600000000000000e+04,2.203200000000000000e+04,2.216800000000000000e+04,2.230400000000000000e+04,2.244000000000000000e+04,2.257600000000000000e+04,2.271200000000000000e+04,2.284800000000000000e+04,2.298400000000000000e+04,2.312000000000000000e+04,2.325600000000000000e+04,2.339200000000000000e+04,2.352800000000000000e+04,2.366400000000000000e+04,2.380000000000000000e+04,2.393600000000000000e+04,2.407200000000000000e+04,2.420800000000000000e+04,2.434400000000000000e+04,2.448000000000000000e+04,2.461600000000000000e+04,2.475200000000000000e+04,2.488800000000000000e+04,2.502400000000000000e+04,2.516000000000000000e+04,2.529600000000000000e+04,2.543200000000000000e+04,2.556800000000000000e+04,2.570400000000000000e+04,2.584000000000000000e+04,2.597600000000000000e+04,2.611200000000000000e+04,2.624800000000000000e+04,2.638400000000000000e+04,2.652000000000000000e+04,2.665600000000000000e+04,2.679200000000000000e+04,2.692800000000000000e+04,2.706400000000000000e+04,2.720000000000000000e+04,2.733600000000000000e+04,2.747200000000000000e+04,2.760800000000000000e+04,2.774400000000000000e+04,2.788000000000000000e+04,2.801600000000000000e+04,2.815200000000000000e+04,2.828800000000000000e+04,2.842400000000000000e+04,2.856000000000000000e+04,2.869600000000000000e+04,2.883200000000000000e+04,2.896800000000000000e+04,2.910400000000000000e+04,2.924000000000000000e+04,2.937600000000000000e+04,2.951200000000000000e+04,2.964800000000000000e+04,2.978400000000000000e+04,2.992000000000000000e+04,3.005600000000000000e+04,3.019200000000000000e+04,3.032800000000000000e+04,3.046400000000000000e+04,3.060000000000000000e+04,3.073600000000000000e+04,3.087200000000000000e+04,3.100800000000000000e+04,3.114400000000000000e+04,3.128000000000000000e+04,3.141600000000000000e+04,3.155200000000000000e+04,3.168800000000000000e+04,3.182400000000000000e+04,3.196000000000000000e+04,3.209600000000000000e+04,3.223200000000000000e+04,3.236800000000000000e+04,3.250400000000000000e+04,3.264000000000000000e+04,3.277600000000000000e+04,3.291200000000000000e+04,3.304800000000000000e+04,3.318400000000000000e+04,3.332000000000000000e+04,3.345600000000000000e+04,3.359200000000000000e+04,3.372800000000000000e+04,3.386400000000000000e+04,3.400000000000000000e+04,3.413600000000000000e+04,3.427200000000000000e+04,3.440800000000000000e+04,3.454400000000000000e+04,3.468000000000000000e+04,3.481600000000000000e+04,3.495200000000000000e+04,3.508800000000000000e+04,3.522400000000000000e+04,3.536000000000000000e+04,3.549600000000000000e+04,3.563200000000000000e+04,3.576800000000000000e+04,3.590400000000000000e+04,3.604000000000000000e+04,3.617600000000000000e+04,3.631200000000000000e+04,3.644800000000000000e+04,3.658400000000000000e+04,3.672000000000000000e+04,3.685600000000000000e+04,3.699200000000000000e+04,3.712800000000000000e+04,3.726400000000000000e+04,3.740000000000000000e+04,3.753600000000000000e+04,3.767200000000000000e+04,3.780800000000000000e+04,3.794400000000000000e+04,3.808000000000000000e+04,3.821600000000000000e+04,3.835200000000000000e+04,3.848800000000000000e+04,3.862400000000000000e+04,3.876000000000000000e+04,3.889600000000000000e+04,3.903200000000000000e+04,3.916800000000000000e+04,3.930400000000000000e+04,3.944000000000000000e+04,3.957600000000000000e+04,3.971200000000000000e+04,3.984800000000000000e+04,3.998400000000000000e+04,4.012000000000000000e+04,4.025600000000000000e+04,4.039200000000000000e+04,4.052800000000000000e+04,4.066400000000000000e+04
0.000000000000000000e+00,1.370000000000000000e+02,2.740000000000000000e+02,4.110000000000000000e+02,5.480000000000000000e+02,6.850000000000000000e+02,8.220000000000000000e+02,9.590000000000000000e+02,1.096000000000000000e+03,1.233000000000000000e+03,1.370000000000000000e+03,1.507000000000000000e+03,1.644000000000000000e+03,1.781000000000000000e+03,1.918000000000000000e+03,2.055000000000000000e+03,2.192000000000000000e+03,2.329000000000000000e+03,2.466000000000000000e+03,2.603000000000000000e+03,2.740000000000000000e+03,2.877000000000000000e+03,3.014000000000000000e+03,3.151000000000000000e+03,3.288000000000000000e+03,3.425000000000000000e+03,3.562000000000000000e+03,3.699000000000000000e+03,3.836000000000000000e+03,3.973000000000000000e+03,4.110000000000000000e+03,4.247000000000000000e+03,4.384000000000000000e+03,4.521000000000000000e+03,4.658000000000000000e+03,4.795000000000000000e+03,4.932000000000000000e+03,5.069000000000000000e+03,5.206000000000000000e+03,5.343000000000000000e+03,5.480000000000000000e+03,5.617000000000000000e+03,5.754000000000000000e+03,5.891000000000000000e+03,6.028000000000000000e+03,6.165000000000000000e+03,6.302000000000000000e+03,6.439000000000000000e+03,6.576000000000000000e+03,6.713000000000000000e+03,6.850000000000000000e+03,6.987000000000000000e+03,7.124000000000000000e+03,7.261000000000000000e+03,7.398000000000000000e+03,7.535000000000000000e+03,7.672000000000000000e+03,7.809000000000000000e+03,7.946000000000000000e+03,8.083000000000000000e+03,8.220000000000000000e+03,8.357000000000000000e+03,8.494000000000000000e+03,8.631000000000000000e+03,8.768000000000000000e+03,8.905000000000000000e+03,9.042000000000000000e+03,9.179000000000000000e+03,9.316000000000000000e+03,9.453000000000000000e+03,9.590000000000000000e+03,9.727000000000000000e+03,9.864000000000000000e+03,1.000100000000000000e+04,1.013800000000000000e+04,1.027500000000000000e+04,1.041200000000000000e+04,1.054900000000000000e+04,1.068600000000000000e+04,1.082300000000000000e+04,1.096000000000000000e+04,1.109700000000000000e+04,1.123400000000000000e+04,1.137100000000000000e+04,1.150800000000000000e+04,1.164500000000000000e+04,1.178200000000000000e+04,1.191900000000000000e+04,1.205600000000000000e+04,1.219300000000000000e+04,1.233000000000000000e+04,1.246700000000000000e+04,1.260400000000000000e+04,1.274100000000000000e+04,1.287800000000000000e+04,1.301500000000000000e+04,1.315200000000000000e+04,1.328900000000000000e+04,1.342600000000000000e+04,1.356300000000000000e+04,1.370000000000000000e+04,1.383700000000000000e+04,1.397400000000000000e+04,1.411100000000000000e+04,1.424800000000000000e+04,1.438500000000000000e+04,1.452200000000000000e+04,1.465900000000000000e+04,1.479600000000000000e+04,1.493300000000000000e+04,1.507000000000000000e+04,1.520700000000000000e+04,1.534400000000000000e+04,1.548100000000000000e+04,1.561800000000000000e+04,1.575500000000000000e+04,1.589200000000000000e+04,1.602900000000000000e+04,1.616600000000000000e+04,1.630300000000000000e+04,1.644000000000000000e+04,1.657700000000000000e+04,1.671400000000000000e+04,1.685100000000000000e+04,1.698800000000000000e+04,1.712500000000000000e+04,1.726200000000000000e+04,1.739900000000000000e+04,1.753600000000000000e+04,1.767300000000000000e+04,1.781000000000000000e+04,1.794700000000000000e+04,1.808400000000000000e+04,1.822100000000000000e+04,1.835800000000000000e+04,1.849500000000000000e+04,1.863200000000000000e+04,1.876900000000000000e+04,1.890600000000000000e+04,1.904300000000000000e+04,1.918000000000000000e+04,1.931700000000000000e+04,1.945400000000000000e+04,1.959100000000000000e+04,1.972800000000000000e+04,1.986500000000000000e+04,2.000200000000000000e+04,2.013900000000000000e+04,2.027600000000000000e+04,2.041300000000000000e+04,2.055000000000000000e+04,2.068700000000000000e+04,2.082400000000000000e+04,2.096100000000000000e+04,2.109800000000000000e+04,2.123500000000000000e+04,2.137200000000000000e+04,2.150900000000000000e+04,2.164600000000000000e+04,2.178300000000000000e+04,2.192000000000000000e+04,2.205700000000000000e+04,2.219400000000000000e+04,2.233100000000000000e+04,2.246800000000000000e+04,2.260500000000000000e+04,2.274200000000000000e+04,2.287900000000000000e+04,2.301600000000000000e+04,2.315300000000000000e+04,2.329000000000000000e+04,2.342700000000000000e+04,2.356400000000000000e+04,2.370100000000000000e+04,2.383800000000000000e+04,2.397500000000000000e+04,2.411200000000000000e+04,2.424900000000000000e+04,2.438600000000000000e+04,2.452300000000000000e+04,2.466000000000000000e+04,2.479700000000000000e+04,2.493400000000000000e+04,2.507100000000000000e+04,2.520800000000000000e+04,2.534500000000000000e+04,2.548200000000000000e+04,2.561900000000000000e+04,2.575600000000000000e+04,2.589300000000000000e+04,2.603000000000000000e+04,2.616700000000000000e+04,2.630400000000000000e+04,2.644100000000000000e+04,2.657800000000000000e+04,2.671500000000000000e+04,2.685200000000000000e+04,2.698900000000000000e+04,2.712600000000000000e+04,2.726300000000000000e+04,2.740000000000000000e+04,2.753700000000000000e+04,2.767400000000000000e+04,2.781100000000000000e+04,2.794800000000000000e+04,2.808500000000000000e+04,2.822200000000000000e+04,2.835900000000000000e+04,2.849600000000000000e+04,2.863300000000000000e+04,2.877000000000000000e+04,2.890700000000000000e+04,2.904400000000000000e+04,2.918100000000000000e+04,2.931800000000000000e+04,2.945500000000000000e+04,2.959200000000000000e+04,2.972900000000000000e+04,2.986600000000000000e+04,3.000300000000000000e+04,3.014000000000000000e+04,3.027700000000000000e+04,3.041400000000000000e+04,3.055100000000000000e+04,3.068800000000000000e+04,3.082500000000000000e+04,3.096200000000000000e+04,3.109900000000000000e+04,3.123600000000000000e+04,3.137300000000000000e+04,3.151000000000000000e+04,3.164700000000000000e+04,3.178400000000000000e+04,3.192100000000000000e+04,3.205800000000000000e+04,3.219500000000000000e+04,3.233200000000000000e+04,3.246900000000000000e+04,3.260600000000000000e+04,3.274300000000000000e+04,3.288000000000000000e+04,3.301700000000000000e+04,3.315400000000000000e+04,3.329100000000000000e+04,3.342800000000000000e+04,3.356500000000000000e+04,3.370200000000000000e+04,3.383900000000000000e+04,3.397600000000000000e+04,3.411300000000000000e+04,3.425000000000000000e+04,3.438700000000000000e+04,3.452400000000000000e+04,3.466100000000000000e+04,3.479800000000000000e+04,3.493500000000000000e+04,3.507200000000000000e+04,3.520900000000000000e+04,3.534600000000000000e+04,3.548300000000000000e+04,3.562000000000000000e+04,3.575700000000000000e+04,3.589400000000000000e+04,3.603100000000000000e+04,3.616800000000000000e+04,3.630500000000000000e+04,3.644200000000000000e+04,3.657900000000000000e+04,3.671600000000000000e+04,3.685300000000000000e+04,3.699000000000000000e+04,3.712700000000000000e+04,3.726400000000000000e+04,3.740100000000000000e+04,3.753800000000000000e+04,3.767500000000000000e+04,3.781200000000000000e+04,3.794900000000000000e+04,3.808600000000000000e+04,3.822300000000000000e+04,3.836000000000000000e+04,3.849700000000000000e+04,3.863400000000000000e+04,3.877100000000000000e+04,3.890800000000000000e+04,3.904500000000000000e+04,3.918200000000000000e+04,3.931900000000000000e+04,3.945600000000000000e+04,3.959300000000000000e+04,3.973000000000000000e+04,3.986700000000000000e+04,4.000400000000000000e+04,4.014100000000000000e+04,4.027800000000000000e+04,4.041500000000000000e+04,4.055200000000000000e+04,4.068900000000000000e+04,4.082600000000000000e+04,4.096300000000000000e+04
0.000000000000000000e+00,1.380000000000000000e+02,2.760000000000000000e+02,4.140000000000000000e+02,5.520000000000000000e+02,6.900000000000000000e+02,8.280000000000000000e+02,9.660000000000000000e+02,1.104000000000000000e+03,1.242000000000000000e+03,1.380000000000000000e+03,1.518000000000000000e+03,1.656000000000000000e+03,1.794000000000000000e+03,1.932000000000000000e+03,2.070000000000000000e+03,2.208000000000000000e+03,2.346000000000000000e+03,2.484000000000000000e+03,2.622000000000000000e+03,2.760000000000000000e+03,2.898000000000000000e+03,3.036000000000000000e+03,3.174000000000000000e+03,3.312000000000000000e+03,3.450000000000000000e+03,3.588000000000000000e+03,3.726000000000000000e+03,3.864000000000000000e+03,4.002000000000000000e+03,4.140000000000000000e+03,4.278000000000000000e+03,4.416000000000000000e+03,4.554000000000000000e+03,4.692000000000000000e+03,4.830000000000000000e+03,4.968000000000000000e+03,5.106000000000000000e+03,5.244000000000000000e+03,5.382000000000000000e+03,5.520000000000000000e+03,5.658000000000000000e+03,5.796000000000000000e+03,5.934000000000000000e+03,6.072000000000000000e+03,6.210000000000000000e+03,6.348000000000000000e+03,6.486000000000000000e+03,6.624000000000000000e+03,6.762000000000000000e+03,6.900000000000000000e+03,7.038000000000000000e+03,7.176000000000000000e+03,7.314000000000000000e+03,7.452000000000000000e+03,7.590000000000000000e+03,7.728000000000000000e+03,7.866000000000000000e+03,8.004000000000000000e+03,8.142000000000000000e+03,8.280000000000000000e+03,8.418000000000000000e+03,8.556000000000000000e+03,8.694000000000000000e+03,8.832000000000000000e+03,8.970000000000000000e+03,9.108000000000000000e+03,9.246000000000000000e+03,9.384000000000000000e+03,9.522000000000000000e+03,9.660000000000000000e+03,9.798000000000000000e+03,9.936000000000000000e+03,1.007400000000000000e+04,1.021200000000000000e+04,1.035000000000000000e+04,1.048800000000000000e+04,1.062600000000000000e+04,1.076400000000000000e+04,1.090200000000000000e+04,1.104000000000000000e+04,1.117800000000000000e+04,1.131600000000000000e+04,1.145400000000000000e+04,1.159200000000000000e+04,1.173000000000000000e+04,1.186800000000000000e+04,1.200600000000000000e+04,1.214400000000000000e+04,1.228200000000000000e+04,1.242000000000000000e+04,1.255800000000000000e+04,1.269600000000000000e+04,1.283400000000000000e+04,1.297200000000000000e+04,1.311000000000000000e+04,1.324800000000000000e+04,1.338600000000000000e+04,1.352400000000000000e+04,1.366200000000000000e+04,1.380000000000000000e+04,1.393800000000000000e+04,1.407600000000000000e+04,1.421400000000000000e+04,1.435200000000000000e+04,1.449000000000000000e+04,1.462800000000000000e+04,1.476600000000000000e+04,1.490400000000000000e+04,1.504200000000000000e+04,1.518000000000000000e+04,1.531800000000000000e+04,1.545600000000000000e+04,1.559400000000000000e+04,1.573200000000000000e+04,1.587000000000000000e+04,1.600800000000000000e+04,1.614600000000000000e+04,1.628400000000000000e+04,1.642200000000000000e+04,1.656000000000000000e+04,1.669800000000000000e+04,1.683600000000000000e+04,1.697400000000000000e+04,1.711200000000000000e+04,1.725000000000000000e+04,1.738800000000000000e+04,1.752600000000000000e+04,1.766400000000000000e+04,1.780200000000000000e+04,1.794000000000000000e+04,1.807800000000000000e+04,1.821600000000000000e+04,1.835400000000000000e+04,1.849200000000000000e+04,1.863000000000000000e+04,1.876800000000000000e+04,1.890600000000000000e+04,1.904400000000000000e+04,1.918200000000000000e+04,1.932000000000000000e+04,1.945800000000000000e+04,1.959600000000000000e+04,1.973400000000000000e+04,1.987200000000000000e+04,2.001000000000000000e+04,2.014800000000000000e+04,2.028600000000000000e+04,2.042400000000000000e+04,2.056200000000000000e+04,2.070000000000000000e+04,2.083800000000000000e+04,2.097600000000000000e+04,2.111400000000000000e+04,2.125200000000000000e+04,2.139000000000000000e+04,2.152800000000000000e+04,2.166600000000000000e+04,2.180400000000000000e+04,2.194200000000000000e+04,2.208000000000000000e+04,2.221800000000000000e+04,2.235600000000000000e+04,2.249400000000000000e+04,2.263200000000000000e+04,2.277000000000000000e+04,2.290800000000000000e+04,2.304600000000000000e+04,2.318400000000000000e+04,2.332200000000000000e+04,2.346000000000000000e+04,2.359800000000000000e+04,2.373600000000000000e+04,2.387400000000000000e+04,2.401200000000000000e+04,2.415000000000000000e+04,2.428800000000000000e+04,2.442600000000000000e+04,2.456400000000000000e+04,2.470200000000000000e+04,2.484000000000000000e+04,2.497800000000000000e+04,2.511600000000000000e+04,2.525400000000000000e+04,2.539200000000000000e+04,2.553000000000000000e+04,2.566800000000000000e+04,2.580600000000000000e+04,2.594400000000000000e+04,2.608200000000000000e+04,2.622000000000000000e+04,2.635800000000000000e+04,2.649600000000000000e+04,2.663400000000000000e+04,2.677200000000000000e+04,2.691000000000000000e+04,2.704800000000000000e+04,2.718600000000000000e+04,2.732400000000000000e+04,2.746200000000000000e+04,2.760000000000000000e+04,2.773800000000000000e+04,2.787600000000000000e+04,2.801400000000000000e+04,2.815200000000000000e+04,2.829000000000000000e+04,2.842800000000000000e+04,2.856600000000000000e+04,2.870400000000000000e+04,2.884200000000000000e+04,2.898000000000000000e+04,2.911800000000000000e+04,2.925600000000000000e+04,2.939400000000000000e+04,2.953200000000000000e+04,2.967000000000000000e+04,2.980800000000000000e+04,2.994600000000000000e+04,3.008400000000000000e+04,3.022200000000000000e+04,3.036000000000000000e+04,3.049800000000000000e+04,3.063600000000000000e+04,3.077400000000000000e+04,3.091200000000000000e+04,3.105000000000000000e+04,3.118800000000000000e+04,3.132600000000000000e+04,3.146400000000000000e+04,3.160200000000000000e+04,3.174000000000000000e+04,3.187800000000000000e+04,3.201600000000000000e+04,3.215400000000000000e+04,3.229200000000000000e+04,3.243000000000000000e+04,3.256800000000000000e+04,3.270600000000000000e+04,3.284400000000000000e+04,3.298200000000000000e+04,3.312000000000000000e+04,3.325800000000000000e+04,3.339600000000000000e+04,3.353400000000000000e+04,3.367200000000000000e+04,3.381000000000000000e+04,3.394800000000000000e+04,3.408600000000000000e+04,3.422400000000000000e+04,3.436200000000000000e+04,3.450000000000000000e+04,3.463800000000000000e+04,3.477600000000000000e+04,3.491400000000000000e+04,3.505200000000000000e+04,3.519000000000000000e+04,3.532800000000000000e+04,3.546600000000000000e+04,3.560400000000000000e+04,3.574200000000000000e+04,3.588000000000000000e+04,3.601800000000000000e+04,3.615600000000000000e+04,3.629400000000000000e+04,3.643200000000000000e+04,3.657000000000000000e+04,3.670800000000000000e+04,3.684600000000000000e+04,3.698400000000000000e+04,3.712200000000000000e+04,3.726000000000000000e+04,3.739800000000000000e+04,3.753600000000000000e+04,3.767400000000000000e+04,3.781200000000000000e+04,3.795000000000000000e+04,3.808800000000000000e+04,3.822600000000000000e+04,3.836400000000000000e+04,3.850200000000000000e+04,3.864000000000000000e+04,3.877800000000000000e+04,3.891600000000000000e+04,3.905400000000000000e+04,3.919200000000000000e+04,3.933000000000000000e+04,3.946800000000000000e+04,3.960600000000000000e+04,3.974400000000000000e+04,3.988200000000000000e+04,4.002000000000000000e+04,4.015800000000000000e+04,4.029600000000000000e+04,4.043400000000000000e+04,4.057200000000000000e+04,4.071000000000000000e+04,4.084800000000000000e+04,4.098600000000000000e+04,4.112400000000000000e+04,4.126200000000000000e+04
0.000000000000000000e+00,1.390000000000000000e+02,2.780000000000000000e+02,4.170000000000000000e+02,5.560000000000000000e+02,6.950000000000000000e+02,8.340000000000000000e+02,9.730000000000000000e+02,1.112000000000000000e+03,1.251000000000000000e+03,1.390000000000000000e+03,1.529000000000000000e+03,1.668000000000000000e+03,1.807000000000000000e+03,1.946000000000000000e+03,2.085000000000000000e+03,2.224000000000000000e+03,2.363000000000000000e+03,2.502000000000000000e+03,2.641000000000000000e+03,2.780000000000000000e+03,2.919000000000000000e+03,3.058000000000000000e+03,3.197000000000000000e+03,3.336000000000000000e+03,3.475000000000000000e+03,3.614000000000000000e+03,3.753000000000000000e+03,3.892000000000000000e+03,4.031000000000000000e+03,4.170000000000000000e+03,4.309000000000000000e+03,4.448000000000000000e+03,4.587000000000000000e+03,4.726000000000000000e+03,4.865000000000000000e+03,5.004000000000000000e+03,5.143000000000000000e+03,5.282000000000000000e+03,5.421000000000000000e+03,5.560000000000000000e+03,5.699000000000000000e+03,5.838000000000000000e+03,5.977000000000000000e+03,6.116000000000000000e+03,6.255000000000000000e+03,6.394000000000000000e+03,6.533000000000000000e+03,6.672000000000000000e+03,6.811000000000000000e+03,6.950000000000000000e+03,7.089000000000000000e+03,7.228000000000000000e+03,7.367000000000000000e+03,7.506000000000000000e+03,7.645000000000000000e+03,7.784000000000000000e+03,7.923000000000000000e+03,8.062000000000000000e+03,8.201000000000000000e+03,8.340000000000000000e+03,8.479000000000000000e+03,8.618000000000000000e+03,8.757000000000000000e+03,8.896000000000000000e+03,9.035000000000000000e+03,9.174000000000000000e+03,9.313000000000000000e+03,9.452000000000000000e+03,9.591000000000000000e+03,9.730000000000000000e+03,9.869000000000000000e+03,1.000800000000000000e+04,1.014700000000000000e+04,1.028600000000000000e+04,1.042500000000000000e+04,1.056400000000000000e+04,1.070300000000000000e+04,1.084200000000000000e+04,1.098100000000000000e+04,1.112000000000000000e+04,1.125900000000000000e+04,1.139800000000000000e+04,1.153700000000000000e+04,1.167600000000000000e+04,1.181500000000000000e+04,1.195400000000000000e+04,1.209300000000000000e+04,1.223200000000000000e+04,1.237100000000000000e+04,1.251000000000000000e+04,1.264900000000000000e+04,1.278800000000000000e+04,1.292700000000000000e+04,1.306600000000000000e+04,1.320500000000000000e+04,1.334400000000000000e+04,1.348300000000000000e+04,1.362200000000000000e+04,1.376100000000000000e+04,1.390000000000000000e+04,1.403900000000000000e+04,1.417800000000000000e+04,1.431700000000000000e+04,1.445600000000000000e+04,1.459500000000000000e+04,1.473400000000000000e+04,1.487300000000000000e+04,1.501200000000000000e+04,1.515100000000000000e+04,1.529000000000000000e+04,1.542900000000000000e+04,1.556800000000000000e+04,1.570700000000000000e+04,1.584600000000000000e+04,1.598500000000000000e+04,1.612400000000000000e+04,1.626300000000000000e+04,1.640200000000000000e+04,1.654100000000000000e+04,1.668000000000000000e+04,1.681900000000000000e+04,1.695800000000000000e+04,1.709700000000000000e+04,1.723600000000000000e+04,1.737500000000000000e+04,1.751400000000000000e+04,1.765300000000000000e+04,1.779200000000000000e+04,1.793100000000000000e+04,1.807000000000000000e+04,1.820900000000000000e+04,1.834800000000000000e+04,1.848700000000000000e+04,1.862600000000000000e+04,1.876500000000000000e+04,1.890400000000000000e+04,1.904300000000000000e+04,1.918200000000000000e+04,1.932100000000000000e+04,1.946000000000000000e+04,1.959900000000000000e+04,1.973800000000000000e+04,1.987700000000000000e+04,2.001600000000000000e+04,2.015500000000000000e+04,2.029400000000000000e+04,2.043300000000000000e+04,2.057200000000000000e+04,2.071100000000000000e+04,2.085000000000000000e+04,2.098900000000000000e+04,2.112800000000000000e+04,2.126700000000000000e+04,2.140600000000000000e+04,2.154500000000000000e+04,2.168400000000000000e+04,2.182300000000000000e+04,2.196200000000000000e+04,2.210100000000000000e+04,2.224000000000000000e+04,2.237900000000000000e+04,2.251800000000000000e+04,2.265700000000000000e+04,2.279600000000000000e+04,2.293500000000000000e+04,2.307400000000000000e+04,2.321300000000000000e+04,2.335200000000000000e+04,2.349100000000000000e+04,2.363000000000000000e+04,2.376900000000000000e+04,2.390800000000000000e+04,2.404700000000000000e+04,2.418600000000000000e+04,2.432500000000000000e+04,2.446400000000000000e+04,2.460300000000000000e+04,2.474200000000000000e+04,2.488100000000000000e+04,2.502000000000000000e+04,2.515900000000000000e+04,2.529800000000000000e+04,2.543700000000000000e+04,2.557600000000000000e+04,2.571500000000000000e+04,2.585400000000000000e+04,2.599300000000000000e+04,2.613200000000000000e+04,2.627100000000000000e+04,2.641000000000000000e+04,2.654900000000000000e+04,2.668800000000000000e+04,2.682700000000000000e+04,2.696600000000000000e+04,2.710500000000000000e+04,2.724400000000000000e+04,2.738300000000000000e+04,2.752200000000000000e+04,2.766100000000000000e+04,2.780000000000000000e+04,2.793900000000000000e+04,2.807800000000000000e+04,2.821700000000000000e+04,2.835600000000000000e+04,2.849500000000000000e+04,2.863400000000000000e+04,2.877300000000000000e+04,2.891200000000000000e+04,2.905100000000000000e+04,2.919000000000000000e+04,2.932900000000000000e+04,2.946800000000000000e+04,2.960700000000000000e+04,2.974600000000000000e+04,2.988500000000000000e+04,3.002400000000000000e+04,3.016300000000000000e+04,3.030200000000000000e+04,3.044100000000000000e+04,3.058000000000000000e+04,3.071900000000000000e+04,3.085800000000000000e+04,3.099700000000000000e+04,3.113600000000000000e+04,3.127500000000000000e+04,3.141400000000000000e+04,3.155300000000000000e+04,3.169200000000000000e+04,3.183100000000000000e+04,3.197000000000000000e+04,3.210900000000000000e+04,3.224800000000000000e+04,3.238700000000000000e+04,3.252600000000000000e+04,3.266500000000000000e+04,3.280400000000000000e+04,3.294300000000000000e+04,3.308200000000000000e+04,3.322100000000000000e+04,3.336000000000000000e+04,3.349900000000000000e+04,3.363800000000000000e+04,3.377700000000000000e+04,3.391600000000000000e+04,3.405500000000000000e+04,3.419400000000000000e+04,3.433300000000000000e+04,3.447200000000000000e+04,3.461100000000000000e+04,3.475000000000000000e+04,3.488900000000000000e+04,3.502800000000000000e+04,3.516700000000000000e+04,3.530600000000000000e+04,3.544500000000000000e+04,3.558400000000000000e+04,3.572300000000000000e+04,3.586200000000000000e+04,3.600100000000000000e+04,3.614000000000000000e+04,3.627900000000000000e+04,3.641800000000000000e+04,3.655700000000000000e+04,3.669600000000000000e+04,3.683500000000000000e+04,3.697400000000000000e+04,3.711300000000000000e+04,3.725200000000000000e+04,3.739100000000000000e+04,3.753000000000000000e+04,3.766900000000000000e+04,3.780800000000000000e+04,3.794700000000000000e+04,3.808600000000000000e+04,3.822500000000000000e+04,3.836400000000000000e+04,3.850300000000000000e+04,3.864200000000000000e+04,3.878100000000000000e+04,3.892000000000000000e+04,3.905900000000000000e+04,3.919800000000000000e+04,3.933700000000000000e+04,3.947600000000000000e+04,3.961500000000000000e+04,3.975400000000000000e+04,3.989300000000000000e+04,4.003200000000000000e+04,4.017100000000000000e+04,4.031000000000000000e+04,4.044900000000000000e+04,4.058800000000000000e+04,4.072700000000000000e+04,4.086600000000000000e+04,4.100500000000000000e+04,4.114400000000000000e+04,4.128300000000000000e+04,4.142200000000000000e+04,4.156100000000000000e+04
0.000000000000000000e+00,1.400000000000000000e+02,2.800000000000000000e+02,4.200000000000000000e+02,5.600000000000000000e+02,7.000000000000000000e+02,8.400000000000000000e+02,9.800000000000000000e+02,1.120000000000000000e+03,1.260000000000000000e+03,1.400000000000000000e+03,1.540000000000000000e+03,1.680000000000000000e+03,1.820000000000000000e+03,1.960000000000000000e+03,2.100000000000000000e+03,2.240000000000000000e+03,2.380000000000000000e+03,2.520000000000000000e+03,2.660000000000000000e+03,2.800000000000000000e+03,2.940000000000000000e+03,3.080000000000000000e+03,3.220000000000000000e+03,3.360000000000000000e+03,3.500000000000000000e+03,3.640000000000000000e+03,3.780000000000000000e+03,3.920000000000000000e+03,4.060000000000000000e+03,4.200000000000000000e+03,4.340000000000000000e+03,4.480000000000000000e+03,4.620000000000000000e+03,4.760000000000000000e+03,4.900000000000000000e+03,5.040000000000000000e+03,5.180000000000000000e+03,5.320000000000000000e+03,5.460000000000000000e+03,5.600000000000000000e+03,5.740000000000000000e+03,5.880000000000000000e+03,6.020000000000000000e+03,6.160000000000000000e+03,6.300000000000000000e+03,6.440000000000000000e+03,6.580000000000000000e+03,6.720000000000000000e+03,6.860000000000000000e+03,7.000000000000000000e+03,7.140000000000000000e+03,7.280000000000000000e+03,7.420000000000000000e+03,7.560000000000000000e+03,7.700000000000000000e+03,7.840000000000000000e+03,7.980000000000000000e+03,8.120000000000000000e+03,8.260000000000000000e+03,8.400000000000000000e+03,8.540000000000000000e+03,8.680000000000000000e+03,8.820000000000000000e+03,8.960000000000000000e+03,9.100000000000000000e+03,9.240000000000000000e+03,9.380000000000000000e+03,9.520000000000000000e+03,9.660000000000000000e+03,9.800000000000000000e+03,9.940000000000000000e+03,1.008000000000000000e+04,1.022000000000000000e+04,1.036000000000000000e+04,1.050000000000000000e+04,1.064000000000000000e+04,1.078000000000000000e+04,1.092000000000000000e+04,1.106000000000000000e+04,1.120000000000000000e+04,1.134000000000000000e+04,1.148000000000000000e+04,1.162000000000000000e+04,1.176000000000000000e+04,1.190000000000000000e+04,1.204000000000000000e+04,1.218000000000000000e+04,1.232000000000000000e+04,1.246000000000000000e+04,1.260000000000000000e+04,1.274000000000000000e+04,1.288000000000000000e+04,1.302000000000000000e+04,1.316000000000000000e+04,1.330000000000000000e+04,1.344000000000000000e+04,1.358000000000000000e+04,1.372000000000000000e+04,1.386000000000000000e+04,1.400000000000000000e+04,1.414000000000000000e+04,1.428000000000000000e+04,1.442000000000000000e+04,1.456000000000000000e+04,1.470000000000000000e+04,1.484000000000000000e+04,1.498000000000000000e+04,1.512000000000000000e+04,1.526000000000000000e+04,1.540000000000000000e+04,1.554000000000000000e+04,1.568000000000000000e+04,1.582000000000000000e+04,1.596000000000000000e+04,1.610000000000000000e+04,1.624000000000000000e+04,1.638000000000000000e+04,1.652000000000000000e+04,1.666000000000000000e+04,1.680000000000000000e+04,1.694000000000000000e+04,1.708000000000000000e+04,1.722000000000000000e+04,1.736000000000000000e+04,1.750000000000000000e+04,1.764000000000000000e+04,1.778000000000000000e+04,1.792000000000000000e+04,1.806000000000000000e+04,1.820000000000000000e+04,1.834000000000000000e+04,1.848000000000000000e+04,1.862000000000000000e+04,1.876000000000000000e+04,1.890000000000000000e+04,1.904000000000000000e+04,1.918000000000000000e+04,1.932000000000000000e+04,1.946000000000000000e+04,1.960000000000000000e+04,1.974000000000000000e+04,1.988000000000000000e+04,2.002000000000000000e+04,2.016000000000000000e+04,2.030000000000000000e+04,2.044000000000000000e+04,2.058000000000000000e+04,2.072000000000000000e+04,2.086000000000000000e+04,2.100000000000000000e+04,2.114000000000000000e+04,2.128000000000000000e+04,2.142000000000000000e+04,2.156000000000000000e+04,2.170000000000000000e+04,2.184000000000000000e+04,2.198000000000000000e+04,2.212000000000000000e+04,2.226000000000000000e+04,2.240000000000000000e+04,2.254000000000000000e+04,2.268000000000000000e+04,2.282000000000000000e+04,2.296000000000000000e+04,2.310000000000000000e+04,2.324000000000000000e+04,2.338000000000000000e+04,2.352000000000000000e+04,2.366000000000000000e+04,2.380000000000000000e+04,2.394000000000000000e+04,2.408000000000000000e+04,2.422000000000000000e+04,2.436000000000000000e+04,2.450000000000000000e+04,2.464000000000000000e+04,2.478000000000000000e+04,2.492000000000000000e+04,2.506000000000000000e+04,2.520000000000000000e+04,2.534000000000000000e+04,2.548000000000000000e+04,2.562000000000000000e+04,2.576000000000000000e+04,2.590000000000000000e+04,2.604000000000000000e+04,2.618000000000000000e+04,2.632000000000000000e+04,2.646000000000000000e+04,2.660000000000000000e+04,2.674000000000000000e+04,2.688000000000000000e+04,2.702000000000000000e+04,2.716000000000000000e+04,2.730000000000000000e+04,2.744000000000000000e+04,2.758000000000000000e+04,2.772000000000000000e+04,2.786000000000000000e+04,2.800000000000000000e+04,2.814000000000000000e+04,2.828000000000000000e+04,2.842000000000000000e+04,2.856000000000000000e+04,2.870000000000000000e+04,2.884000000000000000e+04,2.898000000000000000e+04,2.912000000000000000e+04,2.926000000000000000e+04,2.940000000000000000e+04,2.954000000000000000e+04,2.968000000000000000e+04,2.982000000000000000e+04,2.996000000000000000e+04,3.010000000000000000e+04,3.024000000000000000e+04,3.038000000000000000e+04,3.052000000000000000e+04,3.066000000000000000e+04,3.080000000000000000e+04,3.094000000000000000e+04,3.108000000000000000e+04,3.122000000000000000e+04,3.136000000000000000e+04,3.150000000000000000e+04,3.164000000000000000e+04,3.178000000000000000e+04,3.192000000000000000e+04,3.206000000000000000e+04,3.220000000000000000e+04,3.234000000000000000e+04,3.248000000000000000e+04,3.262000000000000000e+04,3.276000000000000000e+04,3.290000000000000000e+04,3.304000000000000000e+04,3.318000000000000000e+04,3.332000000000000000e+04,3.346000000000000000e+04,3.360000000000000000e+04,3.374000000000000000e+04,3.388000000000000000e+04,3.402000000000000000e+04,3.416000000000000000e+04,3.430000000000000000e+04,3.444000000000000000e+04,3.458000000000000000e+04,3.472000000000000000e+04,3.486000000000000000e+04,3.500000000000000000e+04,3.514000000000000000e+04,3.528000000000000000e+04,3.542000000000000000e+04,3.556000000000000000e+04,3.570000000000000000e+04,3.584000000000000000e+04,3.598000000000000000e+04,3.612000000000000000e+04,3.626000000000000000e+04,3.640000000000000000e+04,3.654000000000000000e+04,3.668000000000000000e+04,3.682000000000000000e+04,3.696000000000000000e+04,3.710000000000000000e+04,3.724000000000000000e+04,3.738000000000000000e+04,3.752000000000000000e+04,3.766000000000000000e+04,3.780000000000000000e+04,3.794000000000000000e+04,3.808000000000000000e+04,3.822000000000000000e+04,3.836000000000000000e+04,3.850000000000000000e+04,3.864000000000000000e+04,3.878000000000000000e+04,3.892000000000000000e+04,3.906000000000000000e+04,3.920000000000000000e+04,3.934000000000000000e+04,3.948000000000000000e+04,3.962000000000000000e+04,3.976000000000000000e+04,3.990000000000000000e+04,4.004000000000000000e+04,4.018000000000000000e+04,4.032000000000000000e+04,4.046000000000000000e+04,4.060000000000000000e+04,4.074000000000000000e+04,4.088000000000000000e+04,4.102000000000000000e+04,4.116000000000000000e+04,4.130000000000000000e+04,4.144000000000000000e+04,4.158000000000000000e+04,4.172000000000000000e+04,4.186000000000000000e+04
0.000000000000000000e+00,1.410000000000000000e+02,2.820000000000000000e+02,4.230000000000000000e+02,5.640000000000000000e+02,7.050000000000000000e+02,8.460000000000000000e+02,9.870000000000000000e+02,1.128000000000000000e+03,1.269000000000000000e+03,1.410000000000000000e+03,1.551000000000000000e+03,1.692000000000000000e+03,1.833000000000000000e+03,1.974000000000000000e+03,2.115000000000000000e+03,2.256000000000000000e+03,2.397000000000000000e+03,2.538000000000000000e+03,2.679000000000000000e+03,2.820000000000000000e+03,2.961000000000000000e+03,3.102000000000000000e+03,3.243000000000000000e+03,3.384000000000000000e+03,3.525000000000000000e+03,3.666000000000000000e+03,3.807000000000000000e+03,3.948000000000000000e+03,4.089000000000000000e+03,4.230000000000000000e+03,4.371000000000000000e+03,4.512000000000000000e+03,4.653000000000000000e+03,4.794000000000000000e+03,4.935000000000000000e+03,5.076000000000000000e+03,5.217000000000000000e+03,5.358000000000000000e+03,5.499000000000000000e+03,5.640000000000000000e+03,5.781000000000000000e+03,5.922000000000000000e+03,6.063000000000000000e+03,6.204000000000000000e+03,6.345000000000000000e+03,6.486000000000000000e+03,6.627000000000000000e+03,6.768000000000000000e+03,6.909000000000000000e+03,7.050000000000000000e+03,7.191000000000000000e+03,7.332000000000000000e+03,7.473000000000000000e+03,7.614000000000000000e+03,7.755000000000000000e+03,7.896000000000000000e+03,8.037000000000000000e+03,8.178000000000000000e+03,8.319000000000000000e+03,8.460000000000000000e+03,8.601000000000000000e+03,8.742000000000000000e+03,8.883000000000000000e+03,9.024000000000000000e+03,9.165000000000000000e+03,9.306000000000000000e+03,9.447000000000000000e+03,9.588000000000000000e+03,9.729000000000000000e+03,9.870000000000000000e+03,1.001100000000000000e+04,1.015200000000000000e+04,1.029300000000000000e+04,1.043400000000000000e+04,1.057500000000000000e+04,1.071600000000000000e+04,1.085700000000000000e+04,1.099800000000000000e+04,1.113900000000000000e+04,1.128000000000000000e+04,1.142100000000000000e+04,1.156200000000000000e+04,1.170300000000000000e+04,1.184400000000000000e+04,1.198500000000000000e+04,1.212600000000000000e+04,1.226700000000000000e+04,1.240800000000000000e+04,1.254900000000000000e+04,1.269000000000000000e+04,1.283100000000000000e+04,1.297200000000000000e+04,1.311300000000000000e+04,1.325400000000000000e+04,1.339500000000000000e+04,1.353600000000000000e+04,1.367700000000000000e+04,1.381800000000000000e+04,1.395900000000000000e+04,1.410000000000000000e+04,1.424100000000000000e+04,1.438200000000000000e+04,1.452300000000000000e+04,1.466400000000000000e+04,1.480500000000000000e+04,1.494600000000000000e+04,1.508700000000000000e+04,1.522800000000000000e+04,1.536900000000000000e+04,1.551000000000000000e+04,1.565100000000000000e+04,1.579200000000000000e+04,1.593300000000000000e+04,1.607400000000000000e+04,1.621500000000000000e+04,1.635600000000000000e+04,1.649700000000000000e+04,1.663800000000000000e+04,1.677900000000000000e+04,1.692000000000000000e+04,1.706100000000000000e+04,1.720200000000000000e+04,1.734300000000000000e+04,1.748400000000000000e+04,1.762500000000000000e+04,1.776600000000000000e+04,1.790700000000000000e+04,1.804800000000000000e+04,1.818900000000000000e+04,1.833000000000000000e+04,1.847100000000000000e+04,1.861200000000000000e+04,1.875300000000000000e+04,1.889400000000000000e+04,1.903500000000000000e+04,1.917600000000000000e+04,1.931700000000000000e+04,1.945800000000000000e+04,1.959900000000000000e+04,1.974000000000000000e+04,1.988100000000000000e+04,2.002200000000000000e+04,2.016300000000000000e+04,2.030400000000000000e+04,2.044500000000000000e+04,2.058600000000000000e+04,2.072700000000000000e+04,2.086800000000000000e+04,2.100900000000000000e+04,2.115000000000000000e+04,2.129100000000000000e+04,2.143200000000000000e+04,2.157300000000000000e+04,2.171400000000000000e+04,2.185500000000000000e+04,2.199600000000000000e+04,2.213700000000000000e+04,2.227800000000000000e+04,2.241900000000000000e+04,2.256000000000000000e+04,2.270100000000000000e+04,2.284200000000000000e+04,2.298300000000000000e+04,2.312400000000000000e+04,2.326500000000000000e+04,2.340600000000000000e+04,2.354700000000000000e+04,2.368800000000000000e+04,2.382900000000000000e+04,2.397000000000000000e+04,2.411100000000000000e+04,2.425200000000000000e+04,2.439300000000000000e+04,2.453400000000000000e+04,2.467500000000000000e+04,2.481600000000000000e+04,2.495700000000000000e+04,2.509800000000000000e+04,2.523900000000000000e+04,2.538000000000000000e+04,2.552100000000000000e+04,2.566200000000000000e+04,2.580300000000000000e+04,2.594400000000000000e+04,2.608500000000000000e+04,2.622600000000000000e+04,2.636700000000000000e+04,2.650800000000000000e+04,2.664900000000000000e+04,2.679000000000000000e+04,2.693100000000000000e+04,2.707200000000000000e+04,2.721300000000000000e+04,2.735400000000000000e+04,2.749500000000000000e+04,2.763600000000000000e+04,2.777700000000000000e+04,2.791800000000000000e+04,2.805900000000000000e+04,2.820000000000000000e+04,2.834100000000000000e+04,2.848200000000000000e+04,2.862300000000000000e+04,2.876400000000000000e+04,2.890500000000000000e+04,2.904600000000000000e+04,2.918700000000000000e+04,2.932800000000000000e+04,2.946900000000000000e+04,2.961000000000000000e+04,2.975100000000000000e+04,2.989200000000000000e+04,3.003300000000000000e+04,3.017400000000000000e+04,3.031500000000000000e+04,3.045600000000000000e+04,3.059700000000000000e+04,3.073800000000000000e+04,3.087900000000000000e+04,3.102000000000000000e+04,3.116100000000000000e+04,3.130200000000000000e+04,3.144300000000000000e+04,3.158400000000000000e+04,3.172500000000000000e+04,3.186600000000000000e+04,3.200700000000000000e+04,3.214800000000000000e+04,3.228900000000000000e+04,3.243000000000000000e+04,3.257100000000000000e+04,3.271200000000000000e+04,3.285300000000000000e+04,3.299400000000000000e+04,3.313500000000000000e+04,3.327600000000000000e+04,3.341700000000000000e+04,3.355800000000000000e+04,3.369900000000000000e+04,3.384000000000000000e+04,3.398100000000000000e+04,3.412200000000000000e+04,3.426300000000000000e+04,3.440400000000000000e+04,3.454500000000000000e+04,3.468600000000000000e+04,3.482700000000000000e+04,3.496800000000000000e+04,3.510900000000000000e+04,3.525000000000000000e+04,3.539100000000000000e+04,3.553200000000000000e+04,3.567300000000000000e+04,3.581400000000000000e+04,3.595500000000000000e+04,3.609600000000000000e+04,3.623700000000000000e+04,3.637800000000000000e+04,3.651900000000000000e+04,3.666000000000000000e+04,3.680100000000000000e+04,3.694200000000000000e+04,3.708300000000000000e+04,3.722400000000000000e+04,3.736500000000000000e+04,3.750600000000000000e+04,3.764700000000000000e+04,3.778800000000000000e+04,3.792900000000000000e+04,3.807000000000000000e+04,3.821100000000000000e+04,3.835200000000000000e+04,3.849300000000000000e+04,3.863400000000000000e+04,3.877500000000000000e+04,3.891600000000000000e+04,3.905700000000000000e+04,3.919800000000000000e+04,3.933900000000000000e+04,3.948000000000000000e+04,3.962100000000000000e+04,3.976200000000000000e+04,3.990300000000000000e+04,4.004400000000000000e+04,4.018500000000000000e+04,4.032600000000000000e+04,4.046700000000000000e+04,4.060800000000000000e+04,4.074900000000000000e+04,4.089000000000000000e+04,4.103100000000000000e+04,4.117200000000000000e+04,4.131300000000000000e+04,4.145400000000000000e+04,4.159500000000000000e+04,4.173600000000000000e+04,4.187700000000000000e+04,4.201800000000000000e+04,4.215900000000000000e+04
0.000000000000000000e+00,1.420000000000000000e+02,2.840000000000000000e+02,4.260000000000000000e+02,5.680000000000000000e+02,7.100000000000000000e+02,8.520000000000000000e+02,9.940000000000000000e+02,1.136000000000000000e+03,1.278000000000000000e+03,1.420000000000000000e+03,1.562000000000000000e+03,1.704000000000000000e+03,1.846000000000000000e+03,1.988000000000000000e+03,2.130000000000000000e+03,2.272000000000000000e+03,2.414000000000000000e+03,2.556000000000000000e+03,2.698000000000000000e+03,2.840000000000000000e+03,2.982000000000000000e+03,3.124000000000000000e+03,3.266000000000000000e+03,3.408000000000000000e+03,3.550000000000000000e+03,3.692000000000000000e+03,3.834000000000000000e+03,3.976000000000000000e+03,4.118000000000000000e+03,4.260000000000000000e+03,4.402000000000000000e+03,4.544000000000000000e+03,4.686000000000000000e+03,4.828000000000000000e+03,4.970000000000000000e+03,5.112000000000000000e+03,5.254000000000000000e+03,5.396000000000000000e+03,5.538000000000000000e+03,5.680000000000000000e+03,5.822000000000000000e+03,5.964000000000000000e+03,6.106000000000000000e+03,6.248000000000000000e+03,6.390000000000000000e+03,6.532000000000000000e+03,6.674000000000000000e+03,6.816000000000000000e+03,6.958000000000000000e+03,7.100000000000000000e+03,7.242000000000000000e+03,7.384000000000000000e+03,7.526000000000000000e+03,7.668000000000000000e+03,7.810000000000000000e+03,7.952000000000000000e+03,8.094000000000000000e+03,8.236000000000000000e+03,8.378000000000000000e+03,8.520000000000000000e+03,8.662000000000000000e+03,8.804000000000000000e+03,8.946000000000000000e+03,9.088000000000000000e+03,9.230000000000000000e+03,9.372000000000000000e+03,9.514000000000000000e+03,9.656000000000000000e+03,9.798000000000000000e+03,9.940000000000000000e+03,1.008200000000000000e+04,1.022400000000000000e+04,1.036600000000000000e+04,1.050800000000000000e+04,1.065000000000000000e+04,1.079200000000000000e+04,1.093400000000000000e+04,1.107600000000000000e+04,1.121800000000000000e+04,1.136000000000000000e+04,1.150200000000000000e+04,1.164400000000000000e+04,1.178600000000000000e+04,1.192800000000000000e+04,1.207000000000000000e+04,1.221200000000000000e+04,1.235400000000000000e+04,1.249600000000000000e+04,1.263800000000000000e+04,1.278000000000000000e+04,1.292200000000000000e+04,1.306400000000000000e+04,1.320600000000000000e+04,1.334800000000000000e+04,1.349000000000000000e+04,1.363200000000000000e+04,1.377400000000000000e+04,1.391600000000000000e+04,1.405800000000000000e+04,1.420000000000000000e+04,1.434200000000000000e+04,1.448400000000000000e+04,1.462600000000000000e+04,1.476800000000000000e+04,1.491000000000000000e+04,1.505200000000000000e+04,1.519400000000000000e+04,1.533600000000000000e+04,1.547800000000000000e+04,1.562000000000000000e+04,1.576200000000000000e+04,1.590400000000000000e+04,1.604600000000000000e+04,1.618800000000000000e+04,1.633000000000000000e+04,1.647200000000000000e+04,1.661400000000000000e+04,1.675600000000000000e+04,1.689800000000000000e+04,1.704000000000000000e+04,1.718200000000000000e+04,1.732400000000000000e+04,1.746600000000000000e+04,1.760800000000000000e+04,1.775000000000000000e+04,1.789200000000000000e+04,1.803400000000000000e+04,1.817600000000000000e+04,1.831800000000000000e+04,1.846000000000000000e+04,1.860200000000000000e+04,1.874400000000000000e+04,1.888600000000000000e+04,1.902800000000000000e+04,1.917000000000000000e+04,1.931200000000000000e+04,1.945400000000000000e+04,1.959600000000000000e+04,1.973800000000000000e+04,1.988000000000000000e+04,2.002200000000000000e+04,2.016400000000000000e+04,2.030600000000000000e+04,2.044800000000000000e+04,2.059000000000000000e+04,2.073200000000000000e+04,2.087400000000000000e+04,2.101600000000000000e+04,2.115800000000000000e+04,2.130000000000000000e+04,2.144200000000000000e+04,2.158400000000000000e+04,2.172600000000000000e+04,2.186800000000000000e+04,2.201000000000000000e+04,2.215200000000000000e+04,2.229400000000000000e+04,2.243600000000000000e+04,2.257800000000000000e+04,2.272000000000000000e+04,2.286200000000000000e+04,2.300400000000000000e+04,2.314600000000000000e+04,2.328800000000000000e+04,2.343000000000000000e+04,2.357200000000000000e+04,2.371400000000000000e+04,2.385600000000000000e+04,2.399800000000000000e+04,2.414000000000000000e+04,2.428200000000000000e+04,2.442400000000000000e+04,2.456600000000000000e+04,2.470800000000000000e+04,2.485000000000000000e+04,2.499200000000000000e+04,2.513400000000000000e+04,2.527600000000000000e+04,2.541800000000000000e+04,2.556000000000000000e+04,2.570200000000000000e+04,2.584400000000000000e+04,2.598600000000000000e+04,2.612800000000000000e+04,2.627000000000000000e+04,2.641200000000000000e+04,2.655400000000000000e+04,2.669600000000000000e+04,2.683800000000000000e+04,2.698000000000000000e+04,2.712200000000000000e+04,2.726400000000000000e+04,2.740600000000000000e+04,2.754800000000000000e+04,2.769000000000000000e+04,2.783200000000000000e+04,2.797400000000000000e+04,2.811600000000000000e+04,2.825800000000000000e+04,2.840000000000000000e+04,2.854200000000000000e+04,2.868400000000000000e+04,2.882600000000000000e+04,2.896800000000000000e+04,2.911000000000000000e+04,2.925200000000000000e+04,2.939400000000000000e+04,2.953600000000000000e+04,2.967800000000000000e+04,2.982000000000000000e+04,2.996200000000000000e+04,3.010400000000000000e+04,3.024600000000000000e+04,3.038800000000000000e+04,3.053000000000000000e+04,3.067200000000000000e+04,3.081400000000000000e+04,3.095600000000000000e+04,3.109800000000000000e+04,3.124000000000000000e+04,3.138200000000000000e+04,3.152400000000000000e+04,3.166600000000000000e+04,3.180800000000000000e+04,3.195000000000000000e+04,3.209200000000000000e+04,3.223400000000000000e+04,3.237600000000000000e+04,3.251800000000000000e+04,3.266000000000000000e+04,3.280200000000000000e+04,3.294400000000000000e+04,3.308600000000000000e+04,3.322800000000000000e+04,3.337000000000000000e+04,3.351200000000000000e+04,3.365400000000000000e+04,3.379600000000000000e+04,3.393800000000000000e+04,3.408000000000000000e+04,3.422200000000000000e+04,3.436400000000000000e+04,3.450600000000000000e+04,3.464800000000000000e+04,3.479000000000000000e+04,3.493200000000000000e+04,3.507400000000000000e+04,3.521600000000000000e+04,3.535800000000000000e+04,3.550000000000000000e+04,3.564200000000000000e+04,3.578400000000000000e+04,3.592600000000000000e+04,3.606800000000000000e+04,3.621000000000000000e+04,3.635200000000000000e+04,3.649400000000000000e+04,3.663600000000000000e+04,3.677800000000000000e+04,3.692000000000000000e+04,3.706200000000000000e+04,3.720400000000000000e+04,3.734600000000000000e+04,3.748800000000000000e+04,3.763000000000000000e+04,3.777200000000000000e+04,3.791400000000000000e+04,3.805600000000000000e+04,3.819800000000000000e+04,3.834000000000000000e+04,3.848200000000000000e+04,3.862400000000000000e+04,3.876600000000000000e+04,3.890800000000000000e+04,3.905000000000000000e+04,3.919200000000000000e+04,3.933400000000000000e+04,3.947600000000000000e+04,3.961800000000000000e+04,3.976000000000000000e+04,3.990200000000000000e+04,4.004400000000000000e+04,4.018600000000000000e+04,4.032800000000000000e+04,4.047000000000000000e+04,4.061200000000000000e+04,4.075400000000000000e+04,4.089600000000000000e+04,4.103800000000000000e+04,4.118000000000000000e+04,4.132200000000000000e+04,4.146400000000000000e+04,4.160600000000000000e+04,4.174800000000000000e+04,4.189000000000000000e+04,4.203200000000000000e+04,4.217400000000000000e+04,4.231600000000000000e+04,4.245800000000000000e+04
0.000000000000000000e+00,1.430000000000000000e+02,2.860000000000000000e+02,4.290000000000000000e+02,5.720000000000000000e+02,7.150000000000000000e+02,8.580000000000000000e+02,1.001000000000000000e+03,1.144000000000000000e+03,1.287000000000000000e+03,1.430000000000000000e+03,1.573000000000000000e+03,1.716000000000000000e+03,1.859000000000000000e+03,2.002000000000000000e+03,2.145000000000000000e+03,2.288000000000000000e+03,2.431000000000000000e+03,2.574000000000000000e+03,2.717000000000000000e+03,2.860000000000000000e+03,3.003000000000000000e+03,3.146000000000000000e+03,3.289000000000000000e+03,3.432000000000000000e+03,3.575000000000000000e+03,3.718000000000000000e+03,3.861000000000000000e+03,4.004000000000000000e+03,4.147000000000000000e+03,4.290000000000000000e+03,4.433000000000000000e+03,4.576000000000000000e+03,4.719000000000000000e+03,4.862000000000000000e+03,5.005000000000000000e+03,5.148000000000000000e+03,5.291000000000000000e+03,5.434000000000000000e+03,5.577000000000000000e+03,5.720000000000000000e+03,5.863000000000000000e+03,6.006000000000000000e+03,6.149000000000000000e+03,6.292000000000000000e+03,6.435000000000000000e+03,6.578000000000000000e+03,6.721000000000000000e+03,6.864000000000000000e+03,7.007000000000000000e+03,7.150000000000000000e+03,7.293000000000000000e+03,7.436000000000000000e+03,7.579000000000000000e+03,7.722000000000000000e+03,7.865000000000000000e+03,8.008000000000000000e+03,8.151000000000000000e+03,8.294000000000000000e+03,8.437000000000000000e+03,8.580000000000000000e+03,8.723000000000000000e+03,8.866000000000000000e+03,9.009000000000000000e+03,9.152000000000000000e+03,9.295000000000000000e+03,9.438000000000000000e+03,9.581000000000000000e+03,9.724000000000000000e+03,9.867000000000000000e+03,1.001000000000000000e+04,1.015300000000000000e+04,1.029600000000000000e+04,1.043900000000000000e+04,1.058200000000000000e+04,1.072500000000000000e+04,1.086800000000000000e+04,1.101100000000000000e+04,1.115400000000000000e+04,1.129700000000000000e+04,1.144000000000000000e+04,1.158300000000000000e+04,1.172600000000000000e+04,1.186900000000000000e+04,1.201200000000000000e+04,1.215500000000000000e+04,1.229800000000000000e+04,1.244100000000000000e+04,1.258400000000000000e+04,1.272700000000000000e+04,1.287000000000000000e+04,1.301300000000000000e+04,1.315600000000000000e+04,1.329900000000000000e+04,1.344200000000000000e+04,1.358500000000000000e+04,1.372800000000000000e+04,1.387100000000000000e+04,1.401400000000000000e+04,1.415700000000000000e+04,1.430000000000000000e+04,1.444300000000000000e+04,1.458600000000000000e+04,1.472900000000000000e+04,1.487200000000000000e+04,1.501500000000000000e+04,1.515800000000000000e+04,1.530100000000000000e+04,1.544400000000000000e+04,1.558700000000000000e+04,1.573000000000000000e+04,1.587300000000000000e+04,1.601600000000000000e+04,1.615900000000000000e+04,1.630200000000000000e+04,1.644500000000000000e+04,1.658800000000000000e+04,1.673100000000000000e+04,1.687400000000000000e+04,1.701700000000000000e+04,1.716000000000000000e+04,1.730300000000000000e+04,1.744600000000000000e+04,1.758900000000000000e+04,1.773200000000000000e+04,1.787500000000000000e+04,1.801800000000000000e+04,1.816100000000000000e+04,1.830400000000000000e+04,1.844700000000000000e+04,1.859000000000000000e+04,1.873300000000000000e+04,1.887600000000000000e+04,1.901900000000000000e+04,1.916200000000000000e+04,1.930500000000000000e+04,1.944800000000000000e+04,1.959100000000000000e+04,1.973400000000000000e+04,1.987700000000000000e+04,2.002000000000000000e+04,2.016300000000000000e+04,2.030600000000000000e+04,2.044900000000000000e+04,2.059200000000000000e+04,2.073500000000000000e+04,2.087800000000000000e+04,2.102100000000000000e+04,2.116400000000000000e+04,2.130700000000000000e+04,2.145000000000000000e+04,2.159300000000000000e+04,2.173600000000000000e+04,2.187900000000000000e+04,2.202200000000000000e+04,2.216500000000000000e+04,2.230800000000000000e+04,2.245100000000000000e+04,2.259400000000000000e+04,2.273700000000000000e+04,2.288000000000000000e+04,2.302300000000000000e+04,2.316600000000000000e+04,2.330900000000000000e+04,2.345200000000000000e+04,2.359500000000000000e+04,2.373800000000000000e+04,2.388100000000000000e+04,2.402400000000000000e+04,2.416700000000000000e+04,2.431000000000000000e+04,2.445300000000000000e+04,2.459600000000000000e+04,2.473900000000000000e+04,2.488200000000000000e+04,2.502500000000000000e+04,2.516800000000000000e+04,2.531100000000000000e+04,2.545400000000000000e+04,2.559700000000000000e+04,2.574000000000000000e+04,2.588300000000000000e+04,2.602600000000000000e+04,2.616900000000000000e+04,2.631200000000000000e+04,2.645500000000000000e+04,2.659800000000000000e+04,2.674100000000000000e+04,2.688400000000000000e+04,2.702700000000000000e+04,2.717000000000000000e+04,2.731300000000000000e+04,2.745600000000000000e+04,2.759900000000000000e+04,2.774200000000000000e+04,2.788500000000000000e+04,2.802800000000000000e+04,2.817100000000000000e+04,2.831400000000000000e+04,2.845700000000000000e+04,2.860000000000000000e+04,2.874300000000000000e+04,2.888600000000000000e+04,2.902900000000000000e+04,2.917200000000000000e+04,2.931500000000000000e+04,2.945800000000000000e+04,2.960100000000000000e+04,2.974400000000000000e+04,2.988700000000000000e+04,3.003000000000000000e+04,3.017300000000000000e+04,3.031600000000000000e+04,3.045900000000000000e+04,3.060200000000000000e+04,3.074500000000000000e+04,3.088800000000000000e+04,3.103100000000000000e+04,3.117400000000000000e+04,3.131700000000000000e+04,3.146000000000000000e+04,3.160300000000000000e+04,3.174600000000000000e+04,3.188900000000000000e+04,3.203200000000000000e+04,3.217500000000000000e+04,3.231800000000000000e+04,3.246100000000000000e+04,3.260400000000000000e+04,3.274700000000000000e+04,3.289000000000000000e+04,3.303300000000000000e+04,3.317600000000000000e+04,3.331900000000000000e+04,3.346200000000000000e+04,3.360500000000000000e+04,3.374800000000000000e+04,3.389100000000000000e+04,3.403400000000000000e+04,3.417700000000000000e+04,3.432000000000000000e+04,3.446300000000000000e+04,3.460600000000000000e+04,3.474900000000000000e+04,3.489200000000000000e+04,3.503500000000000000e+04,3.517800000000000000e+04,3.532100000000000000e+04,3.546400000000000000e+04,3.560700000000000000e+04,3.575000000000000000e+04,3.589300000000000000e+04,3.603600000000000000e+04,3.617900000000000000e+04,3.632200000000000000e+04,3.646500000000000000e+04,3.660800000000000000e+04,3.675100000000000000e+04,3.689400000000000000e+04,3.703700000000000000e+04,3.718000000000000000e+04,3.732300000000000000e+04,3.746600000000000000e+04,3.760900000000000000e+04,3.775200000000000000e+04,3.789500000000000000e+04,3.803800000000000000e+04,3.818100000000000000e+04,3.832400000000000000e+04,3.846700000000000000e+04,3.861000000000000000e+04,3.875300000000000000e+04,3.889600000000000000e+04,3.903900000000000000e+04,3.918200000000000000e+04,3.932500000000000000e+04,3.946800000000000000e+04,3.961100000000000000e+04,3.975400000000000000e+04,3.989700000000000000e+04,4.004000000000000000e+04,4.018300000000000000e+04,4.032600000000000000e+04,4.046900000000000000e+04,4.061200000000000000e+04,4.075500000000000000e+04,4.089800000000000000e+04,4.104100000000000000e+04,4.118400000000000000e+04,4.132700000000000000e+04,4.147000000000000000e+04,4.161300000000000000e+04,4.175600000000000000e+04,4.189900000000000000e+04,4.204200000000000000e+04,4.218500000000000000e+04,4.232800000000000000e+04,4.247100000000000000e+04,4.261400000000000000e+04,4.275700000000000000e+04
0.000000000000000000e+00,1.440000000000000000e+02,2.880000000000000000e+02,4.320000000000000000e+02,5.760000000000000000e+02,7.200000000000000000e+02,8.640000000000000000e+02,1.008000000000000000e+03,1.152000000000000000e+03,1.296000000000000000e+03,1.440000000000000000e+03,1.584000000000000000e+03,1.728000000000000000e+03,1.872000000000000000e+03,2.016000000000000000e+03,2.160000000000000000e+03,2.304000000000000000e+03,2.448000000000000000e+03,2.592000000000000000e+03,2.736000000000000000e+03,2.880000000000000000e+03,3.024000000000000000e+03,3.168000000000000000e+03,3.312000000000000000e+03,3.456000000000000000e+03,3.600000000000000000e+03,3.744000000000000000e+03,3.888000000000000000e+03,4.032000000000000000e+03,4.176000000000000000e+03,4.320000000000000000e+03,4.464000000000000000e+03,4.608000000000000000e+03,4.752000000000000000e+03,4.896000000000000000e+03,5.040000000000000000e+03,5.184000000000000000e+03,5.328000000000000000e+03,5.472000000000000000e+03,5.616000000000000000e+03,5.760000000000000000e+03,5.904000000000000000e+03,6.048000000000000000e+03,6.192000000000000000e+03,6.336000000000000000e+03,6.480000000000000000e+03,6.624000000000000000e+03,6.768000000000000000e+03,6.912000000000000000e+03,7.056000000000000000e+03,7.200000000000000000e+03,7.344000000000000000e+03,7.488000000000000000e+03,7.632000000000000000e+03,7.776000000000000000e+03,7.920000000000000000e+03,8.064000000000000000e+03,8.208000000000000000e+03,8.352000000000000000e+03,8.496000000000000000e+03,8.640000000000000000e+03,8.784000000000000000e+03,8.928000000000000000e+03,9.072000000000000000e+03,9.216000000000000000e+03,9.360000000000000000e+03,9.504000000000000000e+03,9.648000000000000000e+03,9.792000000000000000e+03,9.936000000000000000e+03,1.008000000000000000e+04,1.022400000000000000e+04,1.036800000000000000e+04,1.051200000000000000e+04,1.065600000000000000e+04,1.080000000000000000e+04,1.094400000000000000e+04,1.108800000000000000e+04,1.123200000000000000e+04,1.137600000000000000e+04,1.152000000000000000e+04,1.166400000000000000e+04,1.180800000000000000e+04,1.195200000000000000e+04,1.209600000000000000e+04,1.224000000000000000e+04,1.238400000000000000e+04,1.252800000000000000e+04,1.267200000000000000e+04,1.281600000000000000e+04,1.296000000000000000e+04,1.310400000000000000e+04,1.324800000000000000e+04,1.339200000000000000e+04,1.353600000000000000e+04,1.368000000000000000e+04,1.382400000000000000e+04,1.396800000000000000e+04,1.411200000000000000e+04,1.425600000000000000e+04,1.440000000000000000e+04,1.454400000000000000e+04,1.468800000000000000e+04,1.483200000000000000e+04,1.497600000000000000e+04,1.512000000000000000e+04,1.526400000000000000e+04,1.540800000000000000e+04,1.555200000000000000e+04,1.569600000000000000e+04,1.584000000000000000e+04,1.598400000000000000e+04,1.612800000000000000e+04,1.627200000000000000e+04,1.641600000000000000e+04,1.656000000000000000e+04,1.670400000000000000e+04,1.684800000000000000e+04,1.699200000000000000e+04,1.713600000000000000e+04,1.728000000000000000e+04,1.742400000000000000e+04,1.756800000000000000e+04,1.771200000000000000e+04,1.785600000000000000e+04,1.800000000000000000e+04,1.814400000000000000e+04,1.828800000000000000e+04,1.843200000000000000e+04,1.857600000000000000e+04,1.872000000000000000e+04,1.886400000000000000e+04,1.900800000000000000e+04,1.915200000000000000e+04,1.929600000000000000e+04,1.944000000000000000e+04,1.958400000000000000e+04,1.972800000000000000e+04,1.987200000000000000e+04,2.001600000000000000e+04,2.016000000000000000e+04,2.030400000000000000e+04,2.044800000000000000e+04,2.059200000000000000e+04,2.073600000000000000e+04,2.088000000000000000e+04,2.102400000000000000e+04,2.116800000000000000e+04,2.131200000000000000e+04,2.145600000000000000e+04,2.160000000000000000e+04,2.174400000000000000e+04,2.188800000000000000e+04,2.203200000000000000e+04,2.217600000000000000e+04,2.232000000000000000e+04,2.246400000000000000e+04,2.260800000000000000e+04,2.275200000000000000e+04,2.289600000000000000e+04,2.304000000000000000e+04,2.318400000000000000e+04,2.332800000000000000e+04,2.347200000000000000e+04,2.361600000000000000e+04,2.376000000000000000e+04,2.390400000000000000e+04,2.404800000000000000e+04,2.419200000000000000e+04,2.433600000000000000e+04,2.448000000000000000e+04,2.462400000000000000e+04,2.476800000000000000e+04,2.491200000000000000e+04,2.505600000000000000e+04,2.520000000000000000e+04,2.534400000000000000e+04,2.548800000000000000e+04,2.563200000000000000e+04,2.577600000000000000e+04,2.592000000000000000e+04,2.606400000000000000e+04,2.620800000000000000e+04,2.635200000000000000e+04,2.649600000000000000e+04,2.664000000000000000e+04,2.678400000000000000e+04,2.692800000000000000e+04,2.707200000000000000e+04,2.721600000000000000e+04,2.736000000000000000e+04,2.750400000000000000e+04,2.764800000000000000e+04,2.779200000000000000e+04,2.793600000000000000e+04,2.808000000000000000e+04,2.822400000000000000e+04,2.836800000000000000e+04,2.851200000000000000e+04,2.865600000000000000e+04,2.880000000000000000e+04,2.894400000000000000e+04,2.908800000000000000e+04,2.923200000000000000e+04,2.937600000000000000e+04,2.952000000000000000e+04,2.966400000000000000e+04,2.980800000000000000e+04,2.995200000000000000e+04,3.009600000000000000e+04,3.024000000000000000e+04,3.038400000000000000e+04,3.052800000000000000e+04,3.067200000000000000e+04,3.081600000000000000e+04,3.096000000000000000e+04,3.110400000000000000e+04,3.124800000000000000e+04,3.139200000000000000e+04,3.153600000000000000e+04,3.168000000000000000e+04,3.182400000000000000e+04,3.196800000000000000e+04,3.211200000000000000e+04,3.225600000000000000e+04,3.240000000000000000e+04,3.254400000000000000e+04,3.268800000000000000e+04,3.283200000000000000e+04,3.297600000000000000e+04,3.312000000000000000e+04,3.326400000000000000e+04,3.340800000000000000e+04,3.355200000000000000e+04,3.369600000000000000e+04,3.384000000000000000e+04,3.398400000000000000e+04,3.412800000000000000e+04,3.427200000000000000e+04,3.441600000000000000e+04,3.456000000000000000e+04,3.470400000000000000e+04,3.484800000000000000e+04,3.499200000000000000e+04,3.513600000000000000e+04,3.528000000000000000e+04,3.542400000000000000e+04,3.556800000000000000e+04,3.571200000000000000e+04,3.585600000000000000e+04,3.600000000000000000e+04,3.614400000000000000e+04,3.628800000000000000e+04,3.643200000000000000e+04,3.657600000000000000e+04,3.672000000000000000e+04,3.686400000000000000e+04,3.700800000000000000e+04,3.715200000000000000e+04,3.729600000000000000e+04,3.744000000000000000e+04,3.758400000000000000e+04,3.772800000000000000e+04,3.787200000000000000e+04,3.801600000000000000e+04,3.816000000000000000e+04,3.830400000000000000e+04,3.844800000000000000e+04,3.859200000000000000e+04,3.873600000000000000e+04,3.888000000000000000e+04,3.902400000000000000e+04,3.916800000000000000e+04,3.931200000000000000e+04,3.945600000000000000e+04,3.960000000000000000e+04,3.974400000000000000e+04,3.988800000000000000e+04,4.003200000000000000e+04,4.017600000000000000e+04,4.032000000000000000e+04,4.046400000000000000e+04,4.060800000000000000e+04,4.075200000000000000e+04,4.089600000000000000e+04,4.104000000000000000e+04,4.118400000000000000e+04,4.132800000000000000e+04,4.147200000000000000e+04,4.161600000000000000e+04,4.176000000000000000e+04,4.190400000000000000e+04,4.204800000000000000e+04,4.219200000000000000e+04,4.233600000000000000e+04,4.248000000000000000e+04,4.262400000000000000e+04,4.276800000000000000e+04,4.291200000000000000e+04,4.305600000000000000e+04
0.000000000000000000e+00,1.450000000000000000e+02,2.900000000000000000e+02,4.350000000000000000e+02,5.800000000000000000e+02,7.250000000000000000e+02,8.700000000000000000e+02,1.015000000000000000e+03,1.160000000000000000e+03,1.305000000000000000e+03,1.450000000000000000e+03,1.595000000000000000e+03,1.740000000000000000e+03,1.885000000000000000e+03,2.030000000000000000e+03,2.175000000000000000e+03,2.320000000000000000e+03,2.465000000000000000e+03,2.610000000000000000e+03,2.755000000000000000e+03,2.900000000000000000e+03,3.045000000000000000e+03,3.190000000000000000e+03,3.335000000000000000e+03,3.480000000000000000e+03,3.625000000000000000e+03,3.770000000000000000e+03,3.915000000000000000e+03,4.060000000000000000e+03,4.205000000000000000e+03,4.350000000000000000e+03,4.495000000000000000e+03,4.640000000000000000e+03,4.785000000000000000e+03,4.930000000000000000e+03,5.075000000000000000e+03,5.220000000000000000e+03,5.365000000000000000e+03,5.510000000000000000e+03,5.655000000000000000e+03,5.800000000000000000e+03,5.945000000000000000e+03,6.090000000000000000e+03,6.235000000000000000e+03,6.380000000000000000e+03,6.525000000000000000e+03,6.670000000000000000e+03,6.815000000000000000e+03,6.960000000000000000e+03,7.105000000000000000e+03,7.250000000000000000e+03,7.395000000000000000e+03,7.540000000000000000e+03,7.685000000000000000e+03,7.830000000000000000e+03,7.975000000000000000e+03,8.120000000000000000e+03,8.265000000000000000e+03,8.410000000000000000e+03,8.555000000000000000e+03,8.700000000000000000e+03,8.845000000000000000e+03,8.990000000000000000e+03,9.135000000000000000e+03,9.280000000000000000e+03,9.425000000000000000e+03,9.570000000000000000e+03,9.715000000000000000e+03,9.860000000000000000e+03,1.000500000000000000e+04,1.015000000000000000e+04,1.029500000000000000e+04,1.044000000000000000e+04,1.058500000000000000e+04,1.073000000000000000e+04,1.087500000000000000e+04,1.102000000000000000e+04,1.116500000000000000e+04,1.131000000000000000e+04,1.145500000000000000e+04,1.160000000000000000e+04,1.174500000000000000e+04,1.189000000000000000e+04,1.203500000000000000e+04,1.218000000000000000e+04,1.232500000000000000e+04,1.247000000000000000e+04,1.261500000000000000e+04,1.276000000000000000e+04,1.290500000000000000e+04,1.305000000000000000e+04,1.319500000000000000e+04,1.334000000000000000e+04,1.348500000000000000e+04,1.363000000000000000e+04,1.377500000000000000e+04,1.392000000000000000e+04,1.406500000000000000e+04,1.421000000000000000e+04,1.435500000000000000e+04,1.450000000000000000e+04,1.464500000000000000e+04,1.479000000000000000e+04,1.493500000000000000e+04,1.508000000000000000e+04,1.522500000000000000e+04,1.537000000000000000e+04,1.551500000000000000e+04,1.566000000000000000e+04,1.580500000000000000e+04,1.595000000000000000e+04,1.609500000000000000e+04,1.624000000000000000e+04,1.638500000000000000e+04,1.653000000000000000e+04,1.667500000000000000e+04,1.682000000000000000e+04,1.696500000000000000e+04,1.711000000000000000e+04,1.725500000000000000e+04,1.740000000000000000e+04,1.754500000000000000e+04,1.769000000000000000e+04,1.783500000000000000e+04,1.798000000000000000e+04,1.812500000000000000e+04,1.827000000000000000e+04,1.841500000000000000e+04,1.856000000000000000e+04,1.870500000000000000e+04,1.885000000000000000e+04,1.899500000000000000e+04,1.914000000000000000e+04,1.928500000000000000e+04,1.943000000000000000e+04,1.957500000000000000e+04,1.972000000000000000e+04,1.986500000000000000e+04,2.001000000000000000e+04,2.015500000000000000e+04,2.030000000000000000e+04,2.044500000000000000e+04,2.059000000000000000e+04,2.073500000000000000e+04,2.088000000000000000e+04,2.102500000000000000e+04,2.117000000000000000e+04,2.131500000000000000e+04,2.146000000000000000e+04,2.160500000000000000e+04,2.175000000000000000e+04,2.189500000000000000e+04,2.204000000000000000e+04,2.218500000000000000e+04,2.233000000000000000e+04,2.247500000000000000e+04,2.262000000000000000e+04,2.276500000000000000e+04,2.291000000000000000e+04,2.305500000000000000e+04,2.320000000000000000e+04,2.334500000000000000e+04,2.349000000000000000e+04,2.363500000000000000e+04,2.378000000000000000e+04,2.392500000000000000e+04,2.407000000000000000e+04,2.421500000000000000e+04,2.436000000000000000e+04,2.450500000000000000e+04,2.465000000000000000e+04,2.479500000000000000e+04,2.494000000000000000e+04,2.508500000000000000e+04,2.523000000000000000e+04,2.537500000000000000e+04,2.552000000000000000e+04,2.566500000000000000e+04,2.581000000000000000e+04,2.595500000000000000e+04,2.610000000000000000e+04,2.624500000000000000e+04,2.639000000000000000e+04,2.653500000000000000e+04,2.668000000000000000e+04,2.682500000000000000e+04,2.697000000000000000e+04,2.711500000000000000e+04,2.726000000000000000e+04,2.740500000000000000e+04,2.755000000000000000e+04,2.769500000000000000e+04,2.784000000000000000e+04,2.798500000000000000e+04,2.813000000000000000e+04,2.827500000000000000e+04,2.842000000000000000e+04,2.856500000000000000e+04,2.871000000000000000e+04,2.885500000000000000e+04,2.900000000000000000e+04,2.914500000000000000e+04,2.929000000000000000e+04,2.943500000000000000e+04,2.958000000000000000e+04,2.972500000000000000e+04,2.987000000000000000e+04,3.001500000000000000e+04,3.016000000000000000e+04,3.030500000000000000e+04,3.045000000000000000e+04,3.059500000000000000e+04,3.074000000000000000e+04,3.088500000000000000e+04,3.103000000000000000e+04,3.117500000000000000e+04,3.132000000000000000e+04,3.146500000000000000e+04,3.161000000000000000e+04,3.175500000000000000e+04,3.190000000000000000e+04,3.204500000000000000e+04,3.219000000000000000e+04,3.233500000000000000e+04,3.248000000000000000e+04,3.262500000000000000e+04,3.277000000000000000e+04,3.291500000000000000e+04,3.306000000000000000e+04,3.320500000000000000e+04,3.335000000000000000e+04,3.349500000000000000e+04,3.364000000000000000e+04,3.378500000000000000e+04,3.393000000000000000e+04,3.407500000000000000e+04,3.422000000000000000e+04,3.436500000000000000e+04,3.451000000000000000e+04,3.465500000000000000e+04,3.480000000000000000e+04,3.494500000000000000e+04,3.509000000000000000e+04,3.523500000000000000e+04,3.538000000000000000e+04,3.552500000000000000e+04,3.567000000000000000e+04,3.581500000000000000e+04,3.596000000000000000e+04,3.610500000000000000e+04,3.625000000000000000e+04,3.639500000000000000e+04,3.654000000000000000e+04,3.668500000000000000e+04,3.683000000000000000e+04,3.697500000000000000e+04,3.712000000000000000e+04,3.726500000000000000e+04,3.741000000000000000e+04,3.755500000000000000e+04,3.770000000000000000e+04,3.784500000000000000e+04,3.799000000000000000e+04,3.813500000000000000e+04,3.828000000000000000e+04,3.842500000000000000e+04,3.857000000000000000e+04,3.871500000000000000e+04,3.886000000000000000e+04,3.900500000000000000e+04,3.915000000000000000e+04,3.929500000000000000e+04,3.944000000000000000e+04,3.958500000000000000e+04,3.973000000000000000e+04,3.987500000000000000e+04,4.002000000000000000e+04,4.016500000000000000e+04,4.031000000000000000e+04,4.045500000000000000e+04,4.060000000000000000e+04,4.074500000000000000e+04,4.089000000000000000e+04,4.103500000000000000e+04,4.118000000000000000e+04,4.132500000000000000e+04,4.147000000000000000e+04,4.161500000000000000e+04,4.176000000000000000e+04,4.190500000000000000e+04,4.205000000000000000e+04,4.219500000000000000e+04,4.234000000000000000e+04,4.248500000000000000e+04,4.263000000000000000e+04,4.277500000000000000e+04,4.292000000000000000e+04,4.306500000000000000e+04,4.321000000000000000e+04,4.335500000000000000e+04
0.000000000000000000e+00,1.460000000000000000e+02,2.920000000000000000e+02,4.380000000000000000e+02,5.840000000000000000e+02,7.300000000000000000e+02,8.760000000000000000e+02,1.022000000000000000e+03,1.168000000000000000e+03,1.314000000000000000e+03,1.460000000000000000e+03,1.606000000000000000e+03,1.752000000000000000e+03,1.898000000000000000e+03,2.044000000000000000e+03,2.190000000000000000e+03,2.336000000000000000e+03,2.482000000000000000e+03,2.628000000000000000e+03,2.774000000000000000e+03,2.920000000000000000e+03,3.066000000000000000e+03,3.212000000000000000e+03,3.358000000000000000e+03,3.504000000000000000e+03,3.650000000000000000e+03,3.796000000000000000e+03,3.942000000000000000e+03,4.088000000000000000e+03,4.234000000000000000e+03,4.380000000000000000e+03,4.526000000000000000e+03,4.672000000000000000e+03,4.818000000000000000e+03,4.964000000000000000e+03,5.110000000000000000e+03,5.256000000000000000e+03,5.402000000000000000e+03,5.548000000000000000e+03,5.694000000000000000e+03,5.840000000000000000e+03,5.986000000000000000e+03,6.132000000000000000e+03,6.278000000000000000e+03,6.424000000000000000e+03,6.570000000000000000e+03,6.716000000000000000e+03,6.862000000000000000e+03,7.008000000000000000e+03,7.154000000000000000e+03,7.300000000000000000e+03,7.446000000000000000e+03,7.592000000000000000e+03,7.738000000000000000e+03,7.884000000000000000e+03,8.030000000000000000e+03,8.176000000000000000e+03,8.322000000000000000e+03,8.468000000000000000e+03,8.614000000000000000e+03,8.760000000000000000e+03,8.906000000000000000e+03,9.052000000000000000e+03,9.198000000000000000e+03,9.344000000000000000e+03,9.490000000000000000e+03,9.636000000000000000e+03,9.782000000000000000e+03,9.928000000000000000e+03,1.007400000000000000e+04,1.022000000000000000e+04,1.036600000000000000e+04,1.051200000000000000e+04,1.065800000000000000e+04,1.080400000000000000e+04,1.095000000000000000e+04,1.109600000000000000e+04,1.124200000000000000e+04,1.138800000000000000e+04,1.153400000000000000e+04,1.168000000000000000e+04,1.182600000000000000e+04,1.197200000000000000e+04,1.211800000000000000e+04,1.226400000000000000e+04,1.241000000000000000e+04,1.255600000000000000e+04,1.270200000000000000e+04,1.284800000000000000e+04,1.299400000000000000e+04,1.314000000000000000e+04,1.328600000000000000e+04,1.343200000000000000e+04,1.357800000000000000e+04,1.372400000000000000e+04,1.387000000000000000e+04,1.401600000000000000e+04,1.416200000000000000e+04,1.430800000000000000e+04,1.445400000000000000e+04,1.460000000000000000e+04,1.474600000000000000e+04,1.489200000000000000e+04,1.503800000000000000e+04,1.518400000000000000e+04,1.533000000000000000e+04,1.547600000000000000e+04,1.562200000000000000e+04,1.576800000000000000e+04,1.591400000000000000e+04,1.606000000000000000e+04,1.620600000000000000e+04,1.635200000000000000e+04,1.649800000000000000e+04,1.664400000000000000e+04,1.679000000000000000e+04,1.693600000000000000e+04,1.708200000000000000e+04,1.722800000000000000e+04,1.737400000000000000e+04,1.752000000000000000e+04,1.766600000000000000e+04,1.781200000000000000e+04,1.795800000000000000e+04,1.810400000000000000e+04,1.825000000000000000e+04,1.839600000000000000e+04,1.854200000000000000e+04,1.868800000000000000e+04,1.883400000000000000e+04,1.898000000000000000e+04,1.912600000000000000e+04,1.927200000000000000e+04,1.941800000000000000e+04,1.956400000000000000e+04,1.971000000000000000e+04,1.985600000000000000e+04,2.000200000000000000e+04,2.014800000000000000e+04,2.029400000000000000e+04,2.044000000000000000e+04,2.058600000000000000e+04,2.073200000000000000e+04,2.087800000000000000e+04,2.102400000000000000e+04,2.117000000000000000e+04,2.131600000000000000e+04,2.146200000000000000e+04,2.160800000000000000e+04,2.175400000000000000e+04,2.190000000000000000e+04,2.204600000000000000e+04,2.219200000000000000e+04,2.233800000000000000e+04,2.248400000000000000e+04,2.263000000000000000e+04,2.277600000000000000e+04,2.292200000000000000e+04,2.306800000000000000e+04,2.321400000000000000e+04,2.336000000000000000e+04,2.350600000000000000e+04,2.365200000000000000e+04,2.379800000000000000e+04,2.394400000000000000e+04,2.409000000000000000e+04,2.423600000000000000e+04,2.438200000000000000e+04,2.452800000000000000e+04,2.467400000000000000e+04,2.482000000000000000e+04,2.496600000000000000e+04,2.511200000000000000e+04,2.525800000000000000e+04,2.540400000000000000e+04,2.555000000000000000e+04,2.569600000000000000e+04,2.584200000000000000e+04,2.598800000000000000e+04,2.613400000000000000e+04,2.628000000000000000e+04,2.642600000000000000e+04,2.657200000000000000e+04,2.671800000000000000e+04,2.686400000000000000e+04,2.701000000000000000e+04,2.715600000000000000e+04,2.730200000000000000e+04,2.744800000000000000e+04,2.759400000000000000e+04,2.774000000000000000e+04,2.788600000000000000e+04,2.803200000000000000e+04,2.817800000000000000e+04,2.832400000000000000e+04,2.847000000000000000e+04,2.861600000000000000e+04,2.876200000000000000e+04,2.890800000000000000e+04,2.905400000000000000e+04,2.920000000000000000e+04,2.934600000000000000e+04,2.949200000000000000e+04,2.963800000000000000e+04,2.978400000000000000e+04,2.993000000000000000e+04,3.007600000000000000e+04,3.022200000000000000e+04,3.036800000000000000e+04,3.051400000000000000e+04,3.066000000000000000e+04,3.080600000000000000e+04,3.095200000000000000e+04,3.109800000000000000e+04,3.124400000000000000e+04,3.139000000000000000e+04,3.153600000000000000e+04,3.168200000000000000e+04,3.182800000000000000e+04,3.197400000000000000e+04,3.212000000000000000e+04,3.226600000000000000e+04,3.241200000000000000e+04,3.255800000000000000e+04,3.270400000000000000e+04,3.285000000000000000e+04,3.299600000000000000e+04,3.314200000000000000e+04,3.328800000000000000e+04,3.343400000000000000e+04,3.358000000000000000e+04,3.372600000000000000e+04,3.387200000000000000e+04,3.401800000000000000e+04,3.416400000000000000e+04,3.431000000000000000e+04,3.445600000000000000e+04,3.460200000000000000e+04,3.474800000000000000e+04,3.489400000000000000e+04,3.504000000000000000e+04,3.518600000000000000e+04,3.533200000000000000e+04,3.547800000000000000e+04,3.562400000000000000e+04,3.577000000000000000e+04,3.591600000000000000e+04,3.606200000000000000e+04,3.620800000000000000e+04,3.635400000000000000e+04,3.650000000000000000e+04,3.664600000000000000e+04,3.679200000000000000e+04,3.693800000000000000e+04,3.708400000000000000e+04,3.723000000000000000e+04,3.737600000000000000e+04,3.752200000000000000e+04,3.766800000000000000e+04,3.781400000000000000e+04,3.796000000000000000e+04,3.810600000000000000e+04,3.825200000000000000e+04,3.839800000000000000e+04,3.854400000000000000e+04,3.869000000000000000e+04,3.883600000000000000e+04,3.898200000000000000e+04,3.912800000000000000e+04,3.927400000000000000e+04,3.942000000000000000e+04,3.956600000000000000e+04,3.971200000000000000e+04,3.985800000000000000e+04,4.000400000000000000e+04,4.015000000000000000e+04,4.029600000000000000e+04,4.044200000000000000e+04,4.058800000000000000e+04,4.073400000000000000e+04,4.088000000000000000e+04,4.102600000000000000e+04,4.117200000000000000e+04,4.131800000000000000e+04,4.146400000000000000e+04,4.161000000000000000e+04,4.175600000000000000e+04,4.190200000000000000e+04,4.204800000000000000e+04,4.219400000000000000e+04,4.234000000000000000e+04,4.248600000000000000e+04,4.263200000000000000e+04,4.277800000000000000e+04,4.292400000000000000e+04,4.307000000000000000e+04,4.321600000000000000e+04,4.336200000000000000e+04,4.350800000000000000e+04,4.365400000000000000e+04
0.000000000000000000e+00,1.470000000000000000e+02,2.940000000000000000e+02,4.410000000000000000e+02,5.880000000000000000e+02,7.350000000000000000e+02,8.820000000000000000e+02,1.029000000000000000e+03,1.176000000000000000e+03,1.323000000000000000e+03,1.470000000000000000e+03,1.617000000000000000e+03,1.764000000000000000e+03,1.911000000000000000e+03,2.058000000000000000e+03,2.205000000000000000e+03,2.352000000000000000e+03,2.499000000000000000e+03,2.646000000000000000e+03,2.793000000000000000e+03,2.940000000000000000e+03,3.087000000000000000e+03,3.234000000000000000e+03,3.381000000000000000e+03,3.528000000000000000e+03,3.675000000000000000e+03,3.822000000000000000e+03,3.969000000000000000e+03,4.116000000000000000e+03,4.263000000000000000e+03,4.410000000000000000e+03,4.557000000000000000e+03,4.704000000000000000e+03,4.851000000000000000e+03,4.998000000000000000e+03,5.145000000000000000e+03,5.292000000000000000e+03,5.439000000000000000e+03,5.586000000000000000e+03,5.733000000000000000e+03,5.880000000000000000e+03,6.027000000000000000e+03,6.174000000000000000e+03,6.321000000000000000e+03,6.468000000000000000e+03,6.615000000000000000e+03,6.762000000000000000e+03,6.909000000000000000e+03,7.056000000000000000e+03,7.203000000000000000e+03,7.350000000000000000e+03,7.497000000000000000e+03,7.644000000000000000e+03,7.791000000000000000e+03,7.938000000000000000e+03,8.085000000000000000e+03,8.232000000000000000e+03,8.379000000000000000e+03,8.526000000000000000e+03,8.673000000000000000e+03,8.820000000000000000e+03,8.967000000000000000e+03,9.114000000000000000e+03,9.261000000000000000e+03,9.408000000000000000e+03,9.555000000000000000e+03,9.702000000000000000e+03,9.849000000000000000e+03,9.996000000000000000e+03,1.014300000000000000e+04,1.029000000000000000e+04,1.043700000000000000e+04,1.058400000000000000e+04,1.073100000000000000e+04,1.087800000000000000e+04,1.102500000000000000e+04,1.117200000000000000e+04,1.131900000000000000e+04,1.146600000000000000e+04,1.161300000000000000e+04,1.176000000000000000e+04,1.190700000000000000e+04,1.205400000000000000e+04,1.220100000000000000e+04,1.234800000000000000e+04,1.249500000000000000e+04,1.264200000000000000e+04,1.278900000000000000e+04,1.293600000000000000e+04,1.308300000000000000e+04,1.323000000000000000e+04,1.337700000000000000e+04,1.352400000000000000e+04,1.367100000000000000e+04,1.381800000000000000e+04,1.396500000000000000e+04,1.411200000000000000e+04,1.425900000000000000e+04,1.440600000000000000e+04,1.455300000000000000e+04,1.470000000000000000e+04,1.484700000000000000e+04,1.499400000000000000e+04,1.514100000000000000e+04,1.528800000000000000e+04,1.543500000000000000e+04,1.558200000000000000e+04,1.572900000000000000e+04,1.587600000000000000e+04,1.602300000000000000e+04,1.617000000000000000e+04,1.631700000000000000e+04,1.646400000000000000e+04,1.661100000000000000e+04,1.675800000000000000e+04,1.690500000000000000e+04,1.705200000000000000e+04,1.719900000000000000e+04,1.734600000000000000e+04,1.749300000000000000e+04,1.764000000000000000e+04,1.778700000000000000e+04,1.793400000000000000e+04,1.808100000000000000e+04,1.822800000000000000e+04,1.837500000000000000e+04,1.852200000000000000e+04,1.866900000000000000e+04,1.881600000000000000e+04,1.896300000000000000e+04,1.911000000000000000e+04,1.925700000000000000e+04,1.940400000000000000e+04,1.955100000000000000e+04,1.969800000000000000e+04,1.984500000000000000e+04,1.999200000000000000e+04,2.013900000000000000e+04,2.028600000000000000e+04,2.043300000000000000e+04,2.058000000000000000e+04,2.072700000000000000e+04,2.087400000000000000e+04,2.102100000000000000e+04,2.116800000000000000e+04,2.131500000000000000e+04,2.146200000000000000e+04,2.160900000000000000e+04,2.175600000000000000e+04,2.190300000000000000e+04,2.205000000000000000e+04,2.219700000000000000e+04,2.234400000000000000e+04,2.249100000000000000e+04,2.263800000000000000e+04,2.278500000000000000e+04,2.293200000000000000e+04,2.307900000000000000e+04,2.322600000000000000e+04,2.337300000000000000e+04,2.352000000000000000e+04,2.366700000000000000e+04,2.381400000000000000e+04,2.396100000000000000e+04,2.410800000000000000e+04,2.425500000000000000e+04,2.440200000000000000e+04,2.454900000000000000e+04,2.469600000000000000e+04,2.484300000000000000e+04,2.499000000000000000e+04,2.513700000000000000e+04,2.528400000000000000e+04,2.543100000000000000e+04,2.557800000000000000e+04,2.572500000000000000e+04,2.587200000000000000e+04,2.601900000000000000e+04,2.616600000000000000e+04,2.631300000000000000e+04,2.646000000000000000e+04,2.660700000000000000e+04,2.675400000000000000e+04,2.690100000000000000e+04,2.704800000000000000e+04,2.719500000000000000e+04,2.734200000000000000e+04,2.748900000000000000e+04,2.763600000000000000e+04,2.778300000000000000e+04,2.793000000000000000e+04,2.807700000000000000e+04,2.822400000000000000e+04,2.837100000000000000e+04,2.851800000000000000e+04,2.866500000000000000e+04,2.881200000000000000e+04,2.895900000000000000e+04,2.910600000000000000e+04,2.925300000000000000e+04,2.940000000000000000e+04,2.954700000000000000e+04,2.969400000000000000e+04,2.984100000000000000e+04,2.998800000000000000e+04,3.013500000000000000e+04,3.028200000000000000e+04,3.042900000000000000e+04,3.057600000000000000e+04,3.072300000000000000e+04,3.087000000000000000e+04,3.101700000000000000e+04,3.116400000000000000e+04,3.131100000000000000e+04,3.145800000000000000e+04,3.160500000000000000e+04,3.175200000000000000e+04,3.189900000000000000e+04,3.204600000000000000e+04,3.219300000000000000e+04,3.234000000000000000e+04,3.248700000000000000e+04,3.263400000000000000e+04,3.278100000000000000e+04,3.292800000000000000e+04,3.307500000000000000e+04,3.322200000000000000e+04,3.336900000000000000e+04,3.351600000000000000e+04,3.366300000000000000e+04,3.381000000000000000e+04,3.395700000000000000e+04,3.410400000000000000e+04,3.425100000000000000e+04,3.439800000000000000e+04,3.454500000000000000e+04,3.469200000000000000e+04,3.483900000000000000e+04,3.498600000000000000e+04,3.513300000000000000e+04,3.528000000000000000e+04,3.542700000000000000e+04,3.557400000000000000e+04,3.572100000000000000e+04,3.586800000000000000e+04,3.601500000000000000e+04,3.616200000000000000e+04,3.630900000000000000e+04,3.645600000000000000e+04,3.660300000000000000e+04,3.675000000000000000e+04,3.689700000000000000e+04,3.704400000000000000e+04,3.719100000000000000e+04,3.733800000000000000e+04,3.748500000000000000e+04,3.763200000000000000e+04,3.777900000000000000e+04,3.792600000000000000e+04,3.807300000000000000e+04,3.822000000000000000e+04,3.836700000000000000e+04,3.851400000000000000e+04,3.866100000000000000e+04,3.880800000000000000e+04,3.895500000000000000e+04,3.910200000000000000e+04,3.924900000000000000e+04,3.939600000000000000e+04,3.954300000000000000e+04,3.969000000000000000e+04,3.983700000000000000e+04,3.998400000000000000e+04,4.013100000000000000e+04,4.027800000000000000e+04,4.042500000000000000e+04,4.057200000000000000e+04,4.071900000000000000e+04,4.086600000000000000e+04,4.101300000000000000e+04,4.116000000000000000e+04,4.130700000000000000e+04,4.145400000000000000e+04,4.160100000000000000e+04,4.174800000000000000e+04,4.189500000000000000e+04,4.204200000000000000e+04,4.218900000000000000e+04,4.233600000000000000e+04,4.248300000000000000e+04,4.263000000000000000e+04,4.277700000000000000e+04,4.292400000000000000e+04,4.307100000000000000e+04,4.321800000000000000e+04,4.336500000000000000e+04,4.351200000000000000e+04,4.365900000000000000e+04,4.380600000000000000e+04,4.395300000000000000e+04
0.000000000000000000e+00,1.480000000000000000e+02,2.960000000000000000e+02,4.440000000000000000e+02,5.920000000000000000e+02,7.400000000000000000e+02,8.880000000000000000e+02,1.036000000000000000e+03,1.184000000000000000e+03,1.332000000000000000e+03,1.480000000000000000e+03,1.628000000000000000e+03,1.776000000000000000e+03,1.924000000000000000e+03,2.072000000000000000e+03,2.220000000000000000e+03,2.368000000000000000e+03,2.516000000000000000e+03,2.664000000000000000e+03,2.812000000000000000e+03,2.960000000000000000e+03,3.108000000000000000e+03,3.256000000000000000e+03,3.404000000000000000e+03,3.552000000000000000e+03,3.700000000000000000e+03,3.848000000000000000e+03,3.996000000000000000e+03,4.144000000000000000e+03,4.292000000000000000e+03,4.440000000000000000e+03,4.588000000000000000e+03,4.736000000000000000e+03,4.884000000000000000e+03,5.032000000000000000e+03,5.180000000000000000e+03,5.328000000000000000e+03,5.476000000000000000e+03,5.624000000000000000e+03,5.772000000000000000e+03,5.920000000000000000e+03,6.068000000000000000e+03,6.216000000000000000e+03,6.364000000000000000e+03,6.512000000000000000e+03,6.660000000000000000e+03,6.808000000000000000e+03,6.956000000000000000e+03,7.104000000000000000e+03,7.252000000000000000e+03,7.400000000000000000e+03,7.548000000000000000e+03,7.696000000000000000e+03,7.844000000000000000e+03,7.992000000000000000e+03,8.140000000000000000e+03,8.288000000000000000e+03,8.436000000000000000e+03,8.584000000000000000e+03,8.732000000000000000e+03,8.880000000000000000e+03,9.028000000000000000e+03,9.176000000000000000e+03,9.324000000000000000e+03,9.472000000000000000e+03,9.620000000000000000e+03,9.768000000000000000e+03,9.916000000000000000e+03,1.006400000000000000e+04,1.021200000000000000e+04,1.036000000000000000e+04,1.050800000000000000e+04,1.065600000000000000e+04,1.080400000000000000e+04,1.095200000000000000e+04,1.110000000000000000e+04,1.124800000000000000e+04,1.139600000000000000e+04,1.154400000000000000e+04,1.169200000000000000e+04,1.184000000000000000e+04,1.198800000000000000e+04,1.213600000000000000e+04,1.228400000000000000e+04,1.243200000000000000e+04,1.258000000000000000e+04,1.272800000000000000e+04,1.287600000000000000e+04,1.302400000000000000e+04,1.317200000000000000e+04,1.332000000000000000e+04,1.346800000000000000e+04,1.361600000000000000e+04,1.376400000000000000e+04,1.391200000000000000e+04,1.406000000000000000e+04,1.420800000000000000e+04,1.435600000000000000e+04,1.450400000000000000e+04,1.465200000000000000e+04,1.480000000000000000e+04,1.494800000000000000e+04,1.509600000000000000e+04,1.524400000000000000e+04,1.539200000000000000e+04,1.554000000000000000e+04,1.568800000000000000e+04,1.583600000000000000e+04,1.598400000000000000e+04,1.613200000000000000e+04,1.628000000000000000e+04,1.642800000000000000e+04,1.657600000000000000e+04,1.672400000000000000e+04,1.687200000000000000e+04,1.702000000000000000e+04,1.716800000000000000e+04,1.731600000000000000e+04,1.746400000000000000e+04,1.761200000000000000e+04,1.776000000000000000e+04,1.790800000000000000e+04,1.805600000000000000e+04,1.820400000000000000e+04,1.835200000000000000e+04,1.850000000000000000e+04,1.864800000000000000e+04,1.879600000000000000e+04,1.894400000000000000e+04,1.909200000000000000e+04,1.924000000000000000e+04,1.938800000000000000e+04,1.953600000000000000e+04,1.968400000000000000e+04,1.983200000000000000e+04,1.998000000000000000e+04,2.012800000000000000e+04,2.027600000000000000e+04,2.042400000000000000e+04,2.057200000000000000e+04,2.072000000000000000e+04,2.086800000000000000e+04,2.101600000000000000e+04,2.116400000000000000e+04,2.131200000000000000e+04,2.146000000000000000e+04,2.160800000000000000e+04,2.175600000000000000e+04,2.190400000000000000e+04,2.205200000000000000e+04,2.220000000000000000e+04,2.234800000000000000e+04,2.249600000000000000e+04,2.264400000000000000e+04,2.279200000000000000e+04,2.294000000000000000e+04,2.308800000000000000e+04,2.323600000000000000e+04,2.338400000000000000e+04,2.353200000000000000e+04,2.368000000000000000e+04,2.382800000000000000e+04,2.397600000000000000e+04,2.412400000000000000e+04,2.427200000000000000e+04,2.442000000000000000e+04,2.456800000000000000e+04,2.471600000000000000e+04,2.486400000000000000e+04,2.501200000000000000e+04,2.516000000000000000e+04,2.530800000000000000e+04,2.545600000000000000e+04,2.560400000000000000e+04,2.575200000000000000e+04,2.590000000000000000e+04,2.604800000000000000e+04,2.619600000000000000e+04,2.634400000000000000e+04,2.649200000000000000e+04,2.664000000000000000e+04,2.678800000000000000e+04,2.693600000000000000e+04,2.708400000000000000e+04,2.723200000000000000e+04,2.738000000000000000e+04,2.752800000000000000e+04,2.767600000000000000e+04,2.782400000000000000e+04,2.797200000000000000e+04,2.812000000000000000e+04,2.826800000000000000e+04,2.841600000000000000e+04,2.856400000000000000e+04,2.871200000000000000e+04,2.886000000000000000e+04,2.900800000000000000e+04,2.915600000000000000e+04,2.930400000000000000e+04,2.945200000000000000e+04,2.960000000000000000e+04,2.974800000000000000e+04,2.989600000000000000e+04,3.004400000000000000e+04,3.019200000000000000e+04,3.034000000000000000e+04,3.048800000000000000e+04,3.063600000000000000e+04,3.078400000000000000e+04,3.093200000000000000e+04,3.108000000000000000e+04,3.122800000000000000e+04,3.137600000000000000e+04,3.152400000000000000e+04,3.167200000000000000e+04,3.182000000000000000e+04,3.196800000000000000e+04,3.211600000000000000e+04,3.226400000000000000e+04,3.241200000000000000e+04,3.256000000000000000e+04,3.270800000000000000e+04,3.285600000000000000e+04,3.300400000000000000e+04,3.315200000000000000e+04,3.330000000000000000e+04,3.344800000000000000e+04,3.359600000000000000e+04,3.374400000000000000e+04,3.389200000000000000e+04,3.404000000000000000e+04,3.418800000000000000e+04,3.433600000000000000e+04,3.448400000000000000e+04,3.463200000000000000e+04,3.478000000000000000e+04,3.492800000000000000e+04,3.507600000000000000e+04,3.522400000000000000e+04,3.537200000000000000e+04,3.552000000000000000e+04,3.566800000000000000e+04,3.581600000000000000e+04,3.596400000000000000e+04,3.611200000000000000e+04,3.626000000000000000e+04,3.640800000000000000e+04,3.655600000000000000e+04,3.670400000000000000e+04,3.685200000000000000e+04,3.700000000000000000e+04,3.714800000000000000e+04,3.729600000000000000e+04,3.744400000000000000e+04,3.759200000000000000e+04,3.774000000000000000e+04,3.788800000000000000e+04,3.803600000000000000e+04,3.818400000000000000e+04,3.833200000000000000e+04,3.848000000000000000e+04,3.862800000000000000e+04,3.877600000000000000e+04,3.892400000000000000e+04,3.907200000000000000e+04,3.922000000000000000e+04,3.936800000000000000e+04,3.951600000000000000e+04,3.966400000000000000e+04,3.981200000000000000e+04,3.996000000000000000e+04,4.010800000000000000e+04,4.025600000000000000e+04,4.040400000000000000e+04,4.055200000000000000e+04,4.070000000000000000e+04,4.084800000000000000e+04,4.099600000000000000e+04,4.114400000000000000e+04,4.129200000000000000e+04,4.144000000000000000e+04,4.158800000000000000e+04,4.173600000000000000e+04,4.188400000000000000e+04,4.203200000000000000e+04,4.218000000000000000e+04,4.232800000000000000e+04,4.247600000000000000e+04,4.262400000000000000e+04,4.277200000000000000e+04,4.292000000000000000e+04,4.306800000000000000e+04,4.321600000000000000e+04,4.336400000000000000e+04,4.351200000000000000e+04,4.366000000000000000e+04,4.380800000000000000e+04,4.395600000000000000e+04,4.410400000000000000e+04,4.425200000000000000e+04
0.000000000000000000e+00,1.490000000000000000e+02,2.980000000000000000e+02,4.470000000000000000e+02,5.960000000000000000e+02,7.450000000000000000e+02,8.940000000000000000e+02,1.043000000000000000e+03,1.192000000000000000e+03,1.341000000000000000e+03,1.490000000000000000e+03,1.639000000000000000e+03,1.788000000000000000e+03,1.937000000000000000e+03,2.086000000000000000e+03,2.235000000000000000e+03,2.384000000000000000e+03,2.533000000000000000e+03,2.682000000000000000e+03,2.831000000000000000e+03,2.980000000000000000e+03,3.129000000000000000e+03,3.278000000000000000e+03,3.427000000000000000e+03,3.576000000000000000e+03,3.725000000000000000e+03,3.874000000000000000e+03,4.023000000000000000e+03,4.172000000000000000e+03,4.321000000000000000e+03,4.470000000000000000e+03,4.619000000000000000e+03,4.768000000000000000e+03,4.917000000000000000e+03,5.066000000000000000e+03,5.215000000000000000e+03,5.364000000000000000e+03,5.513000000000000000e+03,5.662000000000000000e+03,5.811000000000000000e+03,5.960000000000000000e+03,6.109000000000000000e+03,6.258000000000000000e+03,6.407000000000000000e+03,6.556000000000000000e+03,6.705000000000000000e+03,6.854000000000000000e+03,7.003000000000000000e+03,7.152000000000000000e+03,7.301000000000000000e+03,7.450000000000000000e+03,7.599000000000000000e+03,7.748000000000000000e+03,7.897000000000000000e+03,8.046000000000000000e+03,8.195000000000000000e+03,8.344000000000000000e+03,8.493000000000000000e+03,8.642000000000000000e+03,8.791000000000000000e+03,8.940000000000000000e+03,9.089000000000000000e+03,9.238000000000000000e+03,9.387000000000000000e+03,9.536000000000000000e+03,9.685000000000000000e+03,9.834000000000000000e+03,9.983000000000000000e+03,1.013200000000000000e+04,1.028100000000000000e+04,1.043000000000000000e+04,1.057900000000000000e+04,1.072800000000000000e+04,1.087700000000000000e+04,1.102600000000000000e+04,1.117500000000000000e+04,1.132400000000000000e+04,1.147300000000000000e+04,1.162200000000000000e+04,1.177100000000000000e+04,1.192000000000000000e+04,1.206900000000000000e+04,1.221800000000000000e+04,1.236700000000000000e+04,1.251600000000000000e+04,1.266500000000000000e+04,1.281400000000000000e+04,1.296300000000000000e+04,1.311200000000000000e+04,1.326100000000000000e+04,1.341000000000000000e+04,1.355900000000000000e+04,1.370800000000000000e+04,1.385700000000000000e+04,1.400600000000000000e+04,1.415500000000000000e+04,1.430400000000000000e+04,1.445300000000000000e+04,1.460200000000000000e+04,1.475100000000000000e+04,1.490000000000000000e+04,1.504900000000000000e+04,1.519800000000000000e+04,1.534700000000000000e+04,1.549600000000000000e+04,1.564500000000000000e+04,1.579400000000000000e+04,1.594300000000000000e+04,1.609200000000000000e+04,1.624100000000000000e+04,1.639000000000000000e+04,1.653900000000000000e+04,1.668800000000000000e+04,1.683700000000000000e+04,1.698600000000000000e+04,1.713500000000000000e+04,1.728400000000000000e+04,1.743300000000000000e+04,1.758200000000000000e+04,1.773100000000000000e+04,1.788000000000000000e+04,1.802900000000000000e+04,1.817800000000000000e+04,1.832700000000000000e+04,1.847600000000000000e+04,1.862500000000000000e+04,1.877400000000000000e+04,1.892300000000000000e+04,1.907200000000000000e+04,1.922100000000000000e+04,1.937000000000000000e+04,1.951900000000000000e+04,1.966800000000000000e+04,1.981700000000000000e+04,1.996600000000000000e+04,2.011500000000000000e+04,2.026400000000000000e+04,2.041300000000000000e+04,2.056200000000000000e+04,2.071100000000000000e+04,2.086000000000000000e+04,2.100900000000000000e+04,2.115800000000000000e+04,2.130700000000000000e+04,2.145600000000000000e+04,2.160500000000000000e+04,2.175400000000000000e+04,2.190300000000000000e+04,2.205200000000000000e+04,2.220100000000000000e+04,2.235000000000000000e+04,2.249900000000000000e+04,2.264800000000000000e+04,2.279700000000000000e+04,2.294600000000000000e+04,2.309500000000000000e+04,2.324400000000000000e+04,2.339300000000000000e+04,2.354200000000000000e+04,2.369100000000000000e+04,2.384000000000000000e+04,2.398900000000000000e+04,2.413800000000000000e+04,2.428700000000000000e+04,2.443600000000000000e+04,2.458500000000000000e+04,2.473400000000000000e+04,2.488300000000000000e+04,2.503200000000000000e+04,2.518100000000000000e+04,2.533000000000000000e+04,2.547900000000000000e+04,2.562800000000000000e+04,2.577700000000000000e+04,2.592600000000000000e+04,2.607500000000000000e+04,2.622400000000000000e+04,2.637300000000000000e+04,2.652200000000000000e+04,2.667100000000000000e+04,2.682000000000000000e+04,2.696900000000000000e+04,2.711800000000000000e+04,2.726700000000000000e+04,2.741600000000000000e+04,2.756500000000000000e+04,2.771400000000000000e+04,2.786300000000000000e+04,2.801200000000000000e+04,2.816100000000000000e+04,2.831000000000000000e+04,2.845900000000000000e+04,2.860800000000000000e+04,2.875700000000000000e+04,2.890600000000000000e+04,2.905500000000000000e+04,2.920400000000000000e+04,2.935300000000000000e+04,2.950200000000000000e+04,2.965100000000000000e+04,2.980000000000000000e+04,2.994900000000000000e+04,3.009800000000000000e+04,3.024700000000000000e+04,3.039600000000000000e+04,3.054500000000000000e+04,3.069400000000000000e+04,3.084300000000000000e+04,3.099200000000000000e+04,3.114100000000000000e+04,3.129000000000000000e+04,3.143900000000000000e+04,3.158800000000000000e+04,3.173700000000000000e+04,3.188600000000000000e+04,3.203500000000000000e+04,3.218400000000000000e+04,3.233300000000000000e+04,3.248200000000000000e+04,3.263100000000000000e+04,3.278000000000000000e+04,3.292900000000000000e+04,3.307800000000000000e+04,3.322700000000000000e+04,3.337600000000000000e+04,3.352500000000000000e+04,3.367400000000000000e+04,3.382300000000000000e+04,3.397200000000000000e+04,3.412100000000000000e+04,3.427000000000000000e+04,3.441900000000000000e+04,3.456800000000000000e+04,3.471700000000000000e+04,3.486600000000000000e+04,3.501500000000000000e+04,3.516400000000000000e+04,3.531300000000000000e+04,3.546200000000000000e+04,3.561100000000000000e+04,3.576000000000000000e+04,3.590900000000000000e+04,3.605800000000000000e+04,3.620700000000000000e+04,3.635600000000000000e+04,3.650500000000000000e+04,3.665400000000000000e+04,3.680300000000000000e+04,3.695200000000000000e+04,3.710100000000000000e+04,3.725000000000000000e+04,3.739900000000000000e+04,3.754800000000000000e+04,3.769700000000000000e+04,3.784600000000000000e+04,3.799500000000000000e+04,3.814400000000000000e+04,3.829300000000000000e+04,3.844200000000000000e+04,3.859100000000000000e+04,3.874000000000000000e+04,3.888900000000000000e+04,3.903800000000000000e+04,3.918700000000000000e+04,3.933600000000000000e+04,3.948500000000000000e+04,3.963400000000000000e+04,3.978300000000000000e+04,3.993200000000000000e+04,4.008100000000000000e+04,4.023000000000000000e+04,4.037900000000000000e+04,4.052800000000000000e+04,4.067700000000000000e+04,4.082600000000000000e+04,4.097500000000000000e+04,4.112400000000000000e+04,4.127300000000000000e+04,4.142200000000000000e+04,4.157100000000000000e+04,4.172000000000000000e+04,4.186900000000000000e+04,4.201800000000000000e+04,4.216700000000000000e+04,4.231600000000000000e+04,4.246500000000000000e+04,4.261400000000000000e+04,4.276300000000000000e+04,4.291200000000000000e+04,4.306100000000000000e+04,4.321000000000000000e+04,4.335900000000000000e+04,4.350800000000000000e+04,4.365700000000000000e+04,4.380600000000000000e+04,4.395500000000000000e+04,4.410400000000000000e+04,4.425300000000000000e+04,4.440200000000000000e+04,4.455100000000000000e+04
0.000000000000000000e+00,1.500000000000000000e+02,3.000000000000000000e+02,4.500000000000000000e+02,6.000000000000000000e+02,7.500000000000000000e+02,9.000000000000000000e+02,1.050000000000000000e+03,1.200000000000000000e+03,1.350000000000000000e+03,1.500000000000000000e+03,1.650000000000000000e+03,1.800000000000000000e+03,1.950000000000000000e+03,2.100000000000000000e+03,2.250000000000000000e+03,2.400000000000000000e+03,2.550000000000000000e+03,2.700000000000000000e+03,2.850000000000000000e+03,3.000000000000000000e+03,3.150000000000000000e+03,3.300000000000000000e+03,3.450000000000000000e+03,3.600000000000000000e+03,3.750000000000000000e+03,3.900000000000000000e+03,4.050000000000000000e+03,4.200000000000000000e+03,4.350000000000000000e+03,4.500000000000000000e+03,4.650000000000000000e+03,4.800000000000000000e+03,4.950000000000000000e+03,5.100000000000000000e+03,5.250000000000000000e+03,5.400000000000000000e+03,5.550000000000000000e+03,5.700000000000000000e+03,5.850000000000000000e+03,6.000000000000000000e+03,6.150000000000000000e+03,6.300000000000000000e+03,6.450000000000000000e+03,6.600000000000000000e+03,6.750000000000000000e+03,6.900000000000000000e+03,7.050000000000000000e+03,7.200000000000000000e+03,7.350000000000000000e+03,7.500000000000000000e+03,7.650000000000000000e+03,7.800000000000000000e+03,7.950000000000000000e+03,8.100000000000000000e+03,8.250000000000000000e+03,8.400000000000000000e+03,8.550000000000000000e+03,8.700000000000000000e+03,8.850000000000000000e+03,9.000000000000000000e+03,9.150000000000000000e+03,9.300000000000000000e+03,9.450000000000000000e+03,9.600000000000000000e+03,9.750000000000000000e+03,9.900000000000000000e+03,1.005000000000000000e+04,1.020000000000000000e+04,1.035000000000000000e+04,1.050000000000000000e+04,1.065000000000000000e+04,1.080000000000000000e+04,1.095000000000000000e+04,1.110000000000000000e+04,1.125000000000000000e+04,1.140000000000000000e+04,1.155000000000000000e+04,1.170000000000000000e+04,1.185000000000000000e+04,1.200000000000000000e+04,1.215000000000000000e+04,1.230000000000000000e+04,1.245000000000000000e+04,1.260000000000000000e+04,1.275000000000000000e+04,1.290000000000000000e+04,1.305000000000000000e+04,1.320000000000000000e+04,1.335000000000000000e+04,1.350000000000000000e+04,1.365000000000000000e+04,1.380000000000000000e+04,1.395000000000000000e+04,1.410000000000000000e+04,1.425000000000000000e+04,1.440000000000000000e+04,1.455000000000000000e+04,1.470000000000000000e+04,1.485000000000000000e+04,1.500000000000000000e+04,1.515000000000000000e+04,1.530000000000000000e+04,1.545000000000000000e+04,1.560000000000000000e+04,1.575000000000000000e+04,1.590000000000000000e+04,1.605000000000000000e+04,1.620000000000000000e+04,1.635000000000000000e+04,1.650000000000000000e+04,1.665000000000000000e+04,1.680000000000000000e+04,1.695000000000000000e+04,1.710000000000000000e+04,1.725000000000000000e+04,1.740000000000000000e+04,1.755000000000000000e+04,1.770000000000000000e+04,1.785000000000000000e+04,1.800000000000000000e+04,1.815000000000000000e+04,1.830000000000000000e+04,1.845000000000000000e+04,1.860000000000000000e+04,1.875000000000000000e+04,1.890000000000000000e+04,1.905000000000000000e+04,1.920000000000000000e+04,1.935000000000000000e+04,1.950000000000000000e+04,1.965000000000000000e+04,1.980000000000000000e+04,1.995000000000000000e+04,2.010000000000000000e+04,2.025000000000000000e+04,2.040000000000000000e+04,2.055000000000000000e+04,2.070000000000000000e+04,2.085000000000000000e+04,2.100000000000000000e+04,2.115000000000000000e+04,2.130000000000000000e+04,2.145000000000000000e+04,2.160000000000000000e+04,2.175000000000000000e+04,2.190000000000000000e+04,2.205000000000000000e+04,2.220000000000000000e+04,2.235000000000000000e+04,2.250000000000000000e+04,2.265000000000000000e+04,2.280000000000000000e+04,2.295000000000000000e+04,2.310000000000000000e+04,2.325000000000000000e+04,2.340000000000000000e+04,2.355000000000000000e+04,2.370000000000000000e+04,2.385000000000000000e+04,2.400000000000000000e+04,2.415000000000000000e+04,2.430000000000000000e+04,2.445000000000000000e+04,2.460000000000000000e+04,2.475000000000000000e+04,2.490000000000000000e+04,2.505000000000000000e+04,2.520000000000000000e+04,2.535000000000000000e+04,2.550000000000000000e+04,2.565000000000000000e+04,2.580000000000000000e+04,2.595000000000000000e+04,2.610000000000000000e+04,2.625000000000000000e+04,2.640000000000000000e+04,2.655000000000000000e+04,2.670000000000000000e+04,2.685000000000000000e+04,2.700000000000000000e+04,2.715000000000000000e+04,2.730000000000000000e+04,2.745000000000000000e+04,2.760000000000000000e+04,2.775000000000000000e+04,2.790000000000000000e+04,2.805000000000000000e+04,2.820000000000000000e+04,2.835000000000000000e+04,2.850000000000000000e+04,2.865000000000000000e+04,2.880000000000000000e+04,2.895000000000000000e+04,2.910000000000000000e+04,2.925000000000000000e+04,2.940000000000000000e+04,2.955000000000000000e+04,2.970000000000000000e+04,2.985000000000000000e+04,3.000000000000000000e+04,3.015000000000000000e+04,3.030000000000000000e+04,3.045000000000000000e+04,3.060000000000000000e+04,3.075000000000000000e+04,3.090000000000000000e+04,3.105000000000000000e+04,3.120000000000000000e+04,3.135000000000000000e+04,3.150000000000000000e+04,3.165000000000000000e+04,3.180000000000000000e+04,3.195000000000000000e+04,3.210000000000000000e+04,3.225000000000000000e+04,3.240000000000000000e+04,3.255000000000000000e+04,3.270000000000000000e+04,3.285000000000000000e+04,3.300000000000000000e+04,3.315000000000000000e+04,3.330000000000000000e+04,3.345000000000000000e+04,3.360000000000000000e+04,3.375000000000000000e+04,3.390000000000000000e+04,3.405000000000000000e+04,3.420000000000000000e+04,3.435000000000000000e+04,3.450000000000000000e+04,3.465000000000000000e+04,3.480000000000000000e+04,3.495000000000000000e+04,3.510000000000000000e+04,3.525000000000000000e+04,3.540000000000000000e+04,3.555000000000000000e+04,3.570000000000000000e+04,3.585000000000000000e+04,3.600000000000000000e+04,3.615000000000000000e+04,3.630000000000000000e+04,3.645000000000000000e+04,3.660000000000000000e+04,3.675000000000000000e+04,3.690000000000000000e+04,3.705000000000000000e+04,3.720000000000000000e+04,3.735000000000000000e+04,3.750000000000000000e+04,3.765000000000000000e+04,3.780000000000000000e+04,3.795000000000000000e+04,3.810000000000000000e+04,3.825000000000000000e+04,3.840000000000000000e+04,3.855000000000000000e+04,3.870000000000000000e+04,3.885000000000000000e+04,3.900000000000000000e+04,3.915000000000000000e+04,3.930000000000000000e+04,3.945000000000000000e+04,3.960000000000000000e+04,3.975000000000000000e+04,3.990000000000000000e+04,4.005000000000000000e+04,4.020000000000000000e+04,4.035000000000000000e+04,4.050000000000000000e+04,4.065000000000000000e+04,4.080000000000000000e+04,4.095000000000000000e+04,4.110000000000000000e+04,4.125000000000000000e+04,4.140000000000000000e+04,4.155000000000000000e+04,4.170000000000000000e+04,4.185000000000000000e+04,4.200000000000000000e+04,4.215000000000000000e+04,4.230000000000000000e+04,4.245000000000000000e+04,4.260000000000000000e+04,4.275000000000000000e+04,4.290000000000000000e+04,4.305000000000000000e+04,4.320000000000000000e+04,4.335000000000000000e+04,4.350000000000000000e+04,4.365000000000000000e+04,4.380000000000000000e+04,4.395000000000000000e+04,4.410000000000000000e+04,4.425000000000000000e+04,4.440000000000000000e+04,4.455000000000000000e+04,4.470000000000000000e+04,4.485000000000000000e+04
0.000000000000000000e+00,1.510000000000000000e+02,3.020000000000000000e+02,4.530000000000000000e+02,6.040000000000000000e+02,7.550000000000000000e+02,9.060000000000000000e+02,1.057000000000000000e+03,1.208000000000000000e+03,1.359000000000000000e+03,1.510000000000000000e+03,1.661000000000000000e+03,1.812000000000000000e+03,1.963000000000000000e+03,2.114000000000000000e+03,2.265000000000000000e+03,2.416000000000000000e+03,2.567000000000000000e+03,2.718000000000000000e+03,2.869000000000000000e+03,3.020000000000000000e+03,3.171000000000000000e+03,3.322000000000000000e+03,3.473000000000000000e+03,3.624000000000000000e+03,3.775000000000000000e+03,3.926000000000000000e+03,4.077000000000000000e+03,4.228000000000000000e+03,4.379000000000000000e+03,4.530000000000000000e+03,4.681000000000000000e+03,4.832000000000000000e+03,4.983000000000000000e+03,5.134000000000000000e+03,5.285000000000000000e+03,5.436000000000000000e+03,5.587000000000000000e+03,5.738000000000000000e+03,5.889000000000000000e+03,6.040000000000000000e+03,6.191000000000000000e+03,6.342000000000000000e+03,6.493000000000000000e+03,6.644000000000000000e+03,6.795000000000000000e+03,6.946000000000000000e+03,7.097000000000000000e+03,7.248000000000000000e+03,7.399000000000000000e+03,7.550000000000000000e+03,7.701000000000000000e+03,7.852000000000000000e+03,8.003000000000000000e+03,8.154000000000000000e+03,8.305000000000000000e+03,8.456000000000000000e+03,8.607000000000000000e+03,8.758000000000000000e+03,8.909000000000000000e+03,9.060000000000000000e+03,9.211000000000000000e+03,9.362000000000000000e+03,9.513000000000000000e+03,9.664000000000000000e+03,9.815000000000000000e+03,9.966000000000000000e+03,1.011700000000000000e+04,1.026800000000000000e+04,1.041900000000000000e+04,1.057000000000000000e+04,1.072100000000000000e+04,1.087200000000000000e+04,1.102300000000000000e+04,1.117400000000000000e+04,1.132500000000000000e+04,1.147600000000000000e+04,1.162700000000000000e+04,1.177800000000000000e+04,1.192900000000000000e+04,1.208000000000000000e+04,1.223100000000000000e+04,1.238200000000000000e+04,1.253300000000000000e+04,1.268400000000000000e+04,1.283500000000000000e+04,1.298600000000000000e+04,1.313700000000000000e+04,1.328800000000000000e+04,1.343900000000000000e+04,1.359000000000000000e+04,1.374100000000000000e+04,1.389200000000000000e+04,1.404300000000000000e+04,1.419400000000000000e+04,1.434500000000000000e+04,1.449600000000000000e+04,1.464700000000000000e+04,1.479800000000000000e+04,1.494900000000000000e+04,1.510000000000000000e+04,1.525100000000000000e+04,1.540200000000000000e+04,1.555300000000000000e+04,1.570400000000000000e+04,1.585500000000000000e+04,1.600600000000000000e+04,1.615700000000000000e+04,1.630800000000000000e+04,1.645900000000000000e+04,1.661000000000000000e+04,1.676100000000000000e+04,1.691200000000000000e+04,1.706300000000000000e+04,1.721400000000000000e+04,1.736500000000000000e+04,1.751600000000000000e+04,1.766700000000000000e+04,1.781800000000000000e+04,1.796900000000000000e+04,1.812000000000000000e+04,1.827100000000000000e+04,1.842200000000000000e+04,1.857300000000000000e+04,1.872400000000000000e+04,1.887500000000000000e+04,1.902600000000000000e+04,1.917700000000000000e+04,1.932800000000000000e+04,1.947900000000000000e+04,1.963000000000000000e+04,1.978100000000000000e+04,1.993200000000000000e+04,2.008300000000000000e+04,2.023400000000000000e+04,2.038500000000000000e+04,2.053600000000000000e+04,2.068700000000000000e+04,2.083800000000000000e+04,2.098900000000000000e+04,2.114000000000000000e+04,2.129100000000000000e+04,2.144200000000000000e+04,2.159300000000000000e+04,2.174400000000000000e+04,2.189500000000000000e+04,2.204600000000000000e+04,2.219700000000000000e+04,2.234800000000000000e+04,2.249900000000000000e+04,2.265000000000000000e+04,2.280100000000000000e+04,2.295200000000000000e+04,2.310300000000000000e+04,2.325400000000000000e+04,2.340500000000000000e+04,2.355600000000000000e+04,2.370700000000000000e+04,2.385800000000000000e+04,2.400900000000000000e+04,2.416000000000000000e+04,2.431100000000000000e+04,2.446200000000000000e+04,2.461300000000000000e+04,2.476400000000000000e+04,2.491500000000000000e+04,2.506600000000000000e+04,2.521700000000000000e+04,2.536800000000000000e+04,2.551900000000000000e+04,2.567000000000000000e+04,2.582100000000000000e+04,2.597200000000000000e+04,2.612300000000000000e+04,2.627400000000000000e+04,2.642500000000000000e+04,2.657600000000000000e+04,2.672700000000000000e+04,2.687800000000000000e+04,2.702900000000000000e+04,2.718000000000000000e+04,2.733100000000000000e+04,2.748200000000000000e+04,2.763300000000000000e+04,2.778400000000000000e+04,2.793500000000000000e+04,2.808600000000000000e+04,2.823700000000000000e+04,2.838800000000000000e+04,2.853900000000000000e+04,2.869000000000000000e+04,2.884100000000000000e+04,2.899200000000000000e+04,2.914300000000000000e+04,2.929400000000000000e+04,2.944500000000000000e+04,2.959600000000000000e+04,2.974700000000000000e+04,2.989800000000000000e+04,3.004900000000000000e+04,3.020000000000000000e+04,3.035100000000000000e+04,3.050200000000000000e+04,3.065300000000000000e+04,3.080400000000000000e+04,3.095500000000000000e+04,3.110600000000000000e+04,3.125700000000000000e+04,3.140800000000000000e+04,3.155900000000000000e+04,3.171000000000000000e+04,3.186100000000000000e+04,3.201200000000000000e+04,3.216300000000000000e+04,3.231400000000000000e+04,3.246500000000000000e+04,3.261600000000000000e+04,3.276700000000000000e+04,3.291800000000000000e+04,3.306900000000000000e+04,3.322000000000000000e+04,3.337100000000000000e+04,3.352200000000000000e+04,3.367300000000000000e+04,3.382400000000000000e+04,3.397500000000000000e+04,3.412600000000000000e+04,3.427700000000000000e+04,3.442800000000000000e+04,3.457900000000000000e+04,3.473000000000000000e+04,3.488100000000000000e+04,3.503200000000000000e+04,3.518300000000000000e+04,3.533400000000000000e+04,3.548500000000000000e+04,3.563600000000000000e+04,3.578700000000000000e+04,3.593800000000000000e+04,3.608900000000000000e+04,3.624000000000000000e+04,3.639100000000000000e+04,3.654200000000000000e+04,3.669300000000000000e+04,3.684400000000000000e+04,3.699500000000000000e+04,3.714600000000000000e+04,3.729700000000000000e+04,3.744800000000000000e+04,3.759900000000000000e+04,3.775000000000000000e+04,3.790100000000000000e+04,3.805200000000000000e+04,3.820300000000000000e+04,3.835400000000000000e+04,3.850500000000000000e+04,3.865600000000000000e+04,3.880700000000000000e+04,3.895800000000000000e+04,3.910900000000000000e+04,3.926000000000000000e+04,3.941100000000000000e+04,3.956200000000000000e+04,3.971300000000000000e+04,3.986400000000000000e+04,4.001500000000000000e+04,4.016600000000000000e+04,4.031700000000000000e+04,4.046800000000000000e+04,4.061900000000000000e+04,4.077000000000000000e+04,4.092100000000000000e+04,4.107200000000000000e+04,4.122300000000000000e+04,4.137400000000000000e+04,4.152500000000000000e+04,4.167600000000000000e+04,4.182700000000000000e+04,4.197800000000000000e+04,4.212900000000000000e+04,4.228000000000000000e+04,4.243100000000000000e+04,4.258200000000000000e+04,4.273300000000000000e+04,4.288400000000000000e+04,4.303500000000000000e+04,4.318600000000000000e+04,4.333700000000000000e+04,4.348800000000000000e+04,4.363900000000000000e+04,4.379000000000000000e+04,4.394100000000000000e+04,4.409200000000000000e+04,4.424300000000000000e+04,4.439400000000000000e+04,4.454500000000000000e+04,4.469600000000000000e+04,4.484700000000000000e+04,4.499800000000000000e+04,4.514900000000000000e+04
0.000000000000000000e+00,1.520000000000000000e+02,3.040000000000000000e+02,4.560000000000000000e+02,6.080000000000000000e+02,7.600000000000000000e+02,9.120000000000000000e+02,1.064000000000000000e+03,1.216000000000000000e+03,1.368000000000000000e+03,1.520000000000000000e+03,1.672000000000000000e+03,1.824000000000000000e+03,1.976000000000000000e+03,2.128000000000000000e+03,2.280000000000000000e+03,2.432000000000000000e+03,2.584000000000000000e+03,2.736000000000000000e+03,2.888000000000000000e+03,3.040000000000000000e+03,3.192000000000000000e+03,3.344000000000000000e+03,3.496000000000000000e+03,3.648000000000000000e+03,3.800000000000000000e+03,3.952000000000000000e+03,4.104000000000000000e+03,4.256000000000000000e+03,4.408000000000000000e+03,4.560000000000000000e+03,4.712000000000000000e+03,4.864000000000000000e+03,5.016000000000000000e+03,5.168000000000000000e+03,5.320000000000000000e+03,5.472000000000000000e+03,5.624000000000000000e+03,5.776000000000000000e+03,5.928000000000000000e+03,6.080000000000000000e+03,6.232000000000000000e+03,6.384000000000000000e+03,6.536000000000000000e+03,6.688000000000000000e+03,6.840000000000000000e+03,6.992000000000000000e+03,7.144000000000000000e+03,7.296000000000000000e+03,7.448000000000000000e+03,7.600000000000000000e+03,7.752000000000000000e+03,7.904000000000000000e+03,8.056000000000000000e+03,8.208000000000000000e+03,8.360000000000000000e+03,8.512000000000000000e+03,8.664000000000000000e+03,8.816000000000000000e+03,8.968000000000000000e+03,9.120000000000000000e+03,9.272000000000000000e+03,9.424000000000000000e+03,9.576000000000000000e+03,9.728000000000000000e+03,9.880000000000000000e+03,1.003200000000000000e+04,1.018400000000000000e+04,1.033600000000000000e+04,1.048800000000000000e+04,1.064000000000000000e+04,1.079200000000000000e+04,1.094400000000000000e+04,1.109600000000000000e+04,1.124800000000000000e+04,1.140000000000000000e+04,1.155200000000000000e+04,1.170400000000000000e+04,1.185600000000000000e+04,1.200800000000000000e+04,1.216000000000000000e+04,1.231200000000000000e+04,1.246400000000000000e+04,1.261600000000000000e+04,1.276800000000000000e+04,1.292000000000000000e+04,1.307200000000000000e+04,1.322400000000000000e+04,1.337600000000000000e+04,1.352800000000000000e+04,1.368000000000000000e+04,1.383200000000000000e+04,1.398400000000000000e+04,1.413600000000000000e+04,1.428800000000000000e+04,1.444000000000000000e+04,1.459200000000000000e+04,1.474400000000000000e+04,1.489600000000000000e+04,1.504800000000000000e+04,1.520000000000000000e+04,1.535200000000000000e+04,1.550400000000000000e+04,1.565600000000000000e+04,1.580800000000000000e+04,1.596000000000000000e+04,1.611200000000000000e+04,1.626400000000000000e+04,1.641600000000000000e+04,1.656800000000000000e+04,1.672000000000000000e+04,1.687200000000000000e+04,1.702400000000000000e+04,1.717600000000000000e+04,1.732800000000000000e+04,1.748000000000000000e+04,1.763200000000000000e+04,1.778400000000000000e+04,1.793600000000000000e+04,1.808800000000000000e+04,1.824000000000000000e+04,1.839200000000000000e+04,1.854400000000000000e+04,1.869600000000000000e+04,1.884800000000000000e+04,1.900000000000000000e+04,1.915200000000000000e+04,1.930400000000000000e+04,1.945600000000000000e+04,1.960800000000000000e+04,1.976000000000000000e+04,1.991200000000000000e+04,2.006400000000000000e+04,2.021600000000000000e+04,2.036800000000000000e+04,2.052000000000000000e+04,2.067200000000000000e+04,2.082400000000000000e+04,2.097600000000000000e+04,2.112800000000000000e+04,2.128000000000000000e+04,2.143200000000000000e+04,2.158400000000000000e+04,2.173600000000000000e+04,2.188800000000000000e+04,2.204000000000000000e+04,2.219200000000000000e+04,2.234400000000000000e+04,2.249600000000000000e+04,2.264800000000000000e+04,2.280000000000000000e+04,2.295200000000000000e+04,2.310400000000000000e+04,2.325600000000000000e+04,2.340800000000000000e+04,2.356000000000000000e+04,2.371200000000000000e+04,2.386400000000000000e+04,2.401600000000000000e+04,2.416800000000000000e+04,2.432000000000000000e+04,2.447200000000000000e+04,2.462400000000000000e+04,2.477600000000000000e+04,2.492800000000000000e+04,2.508000000000000000e+04,2.523200000000000000e+04,2.538400000000000000e+04,2.553600000000000000e+04,2.568800000000000000e+04,2.584000000000000000e+04,2.599200000000000000e+04,2.614400000000000000e+04,2.629600000000000000e+04,2.644800000000000000e+04,2.660000000000000000e+04,2.675200000000000000e+04,2.690400000000000000e+04,2.705600000000000000e+04,2.720800000000000000e+04,2.736000000000000000e+04,2.751200000000000000e+04,2.766400000000000000e+04,2.781600000000000000e+04,2.796800000000000000e+04,2.812000000000000000e+04,2.827200000000000000e+04,2.842400000000000000e+04,2.857600000000000000e+04,2.872800000000000000e+04,2.888000000000000000e+04,2.903200000000000000e+04,2.918400000000000000e+04,2.933600000000000000e+04,2.948800000000000000e+04,2.964000000000000000e+04,2.979200000000000000e+04,2.994400000000000000e+04,3.009600000000000000e+04,3.024800000000000000e+04,3.040000000000000000e+04,3.055200000000000000e+04,3.070400000000000000e+04,3.085600000000000000e+04,3.100800000000000000e+04,3.116000000000000000e+04,3.131200000000000000e+04,3.146400000000000000e+04,3.161600000000000000e+04,3.176800000000000000e+04,3.192000000000000000e+04,3.207200000000000000e+04,3.222400000000000000e+04,3.237600000000000000e+04,3.252800000000000000e+04,3.268000000000000000e+04,3.283200000000000000e+04,3.298400000000000000e+04,3.313600000000000000e+04,3.328800000000000000e+04,3.344000000000000000e+04,3.359200000000000000e+04,3.374400000000000000e+04,3.389600000000000000e+04,3.404800000000000000e+04,3.420000000000000000e+04,3.435200000000000000e+04,3.450400000000000000e+04,3.465600000000000000e+04,3.480800000000000000e+04,3.496000000000000000e+04,3.511200000000000000e+04,3.526400000000000000e+04,3.541600000000000000e+04,3.556800000000000000e+04,3.572000000000000000e+04,3.587200000000000000e+04,3.602400000000000000e+04,3.617600000000000000e+04,3.632800000000000000e+04,3.648000000000000000e+04,3.663200000000000000e+04,3.678400000000000000e+04,3.693600000000000000e+04,3.708800000000000000e+04,3.724000000000000000e+04,3.739200000000000000e+04,3.754400000000000000e+04,3.769600000000000000e+04,3.784800000000000000e+04,3.800000000000000000e+04,3.815200000000000000e+04,3.830400000000000000e+04,3.845600000000000000e+04,3.860800000000000000e+04,3.876000000000000000e+04,3.891200000000000000e+04,3.906400000000000000e+04,3.921600000000000000e+04,3.936800000000000000e+04,3.952000000000000000e+04,3.967200000000000000e+04,3.982400000000000000e+04,3.997600000000000000e+04,4.012800000000000000e+04,4.028000000000000000e+04,4.043200000000000000e+04,4.058400000000000000e+04,4.073600000000000000e+04,4.088800000000000000e+04,4.104000000000000000e+04,4.119200000000000000e+04,4.134400000000000000e+04,4.149600000000000000e+04,4.164800000000000000e+04,4.180000000000000000e+04,4.195200000000000000e+04,4.210400000000000000e+04,4.225600000000000000e+04,4.240800000000000000e+04,4.256000000000000000e+04,4.271200000000000000e+04,4.286400000000000000e+04,4.301600000000000000e+04,4.316800000000000000e+04,4.332000000000000000e+04,4.347200000000000000e+04,4.362400000000000000e+04,4.377600000000000000e+04,4.392800000000000000e+04,4.408000000000000000e+04,4.423200000000000000e+04,4.438400000000000000e+04,4.453600000000000000e+04,4.468800000000000000e+04,4.484000000000000000e+04,4.499200000000000000e+04,4.514400000000000000e+04,4.529600000000000000e+04,4.544800000000000000e+04
0.000000000000000000e+00,1.530000000000000000e+02,3.060000000000000000e+02,4.590000000000000000e+02,6.120000000000000000e+02,7.650000000000000000e+02,9.180000000000000000e+02,1.071000000000000000e+03,1.224000000000000000e+03,1.377000000000000000e+03,1.530000000000000000e+03,1.683000000000000000e+03,1.836000000000000000e+03,1.989000000000000000e+03,2.142000000000000000e+03,2.295000000000000000e+03,2.448000000000000000e+03,2.601000000000000000e+03,2.754000000000000000e+03,2.907000000000000000e+03,3.060000000000000000e+03,3.213000000000000000e+03,3.366000000000000000e+03,3.519000000000000000e+03,3.672000000000000000e+03,3.825000000000000000e+03,3.978000000000000000e+03,4.131000000000000000e+03,4.284000000000000000e+03,4.437000000000000000e+03,4.590000000000000000e+03,4.743000000000000000e+03,4.896000000000000000e+03,5.049000000000000000e+03,5.202000000000000000e+03,5.355000000000000000e+03,5.508000000000000000e+03,5.661000000000000000e+03,5.814000000000000000e+03,5.967000000000000000e+03,6.120000000000000000e+03,6.273000000000000000e+03,6.426000000000000000e+03,6.579000000000000000e+03,6.732000000000000000e+03,6.885000000000000000e+03,7.038000000000000000e+03,7.191000000000000000e+03,7.344000000000000000e+03,7.497000000000000000e+03,7.650000000000000000e+03,7.803000000000000000e+03,7.956000000000000000e+03,8.109000000000000000e+03,8.262000000000000000e+03,8.415000000000000000e+03,8.568000000000000000e+03,8.721000000000000000e+03,8.874000000000000000e+03,9.027000000000000000e+03,9.180000000000000000e+03,9.333000000000000000e+03,9.486000000000000000e+03,9.639000000000000000e+03,9.792000000000000000e+03,9.945000000000000000e+03,1.009800000000000000e+04,1.025100000000000000e+04,1.040400000000000000e+04,1.055700000000000000e+04,1.071000000000000000e+04,1.086300000000000000e+04,1.101600000000000000e+04,1.116900000000000000e+04,1.132200000000000000e+04,1.147500000000000000e+04,1.162800000000000000e+04,1.178100000000000000e+04,1.193400000000000000e+04,1.208700000000000000e+04,1.224000000000000000e+04,1.239300000000000000e+04,1.254600000000000000e+04,1.269900000000000000e+04,1.285200000000000000e+04,1.300500000000000000e+04,1.315800000000000000e+04,1.331100000000000000e+04,1.346400000000000000e+04,1.361700000000000000e+04,1.377000000000000000e+04,1.392300000000000000e+04,1.407600000000000000e+04,1.422900000000000000e+04,1.438200000000000000e+04,1.453500000000000000e+04,1.468800000000000000e+04,1.484100000000000000e+04,1.499400000000000000e+04,1.514700000000000000e+04,1.530000000000000000e+04,1.545300000000000000e+04,1.560600000000000000e+04,1.575900000000000000e+04,1.591200000000000000e+04,1.606500000000000000e+04,1.621800000000000000e+04,1.637100000000000000e+04,1.652400000000000000e+04,1.667700000000000000e+04,1.683000000000000000e+04,1.698300000000000000e+04,1.713600000000000000e+04,1.728900000000000000e+04,1.744200000000000000e+04,1.759500000000000000e+04,1.774800000000000000e+04,1.790100000000000000e+04,1.805400000000000000e+04,1.820700000000000000e+04,1.836000000000000000e+04,1.851300000000000000e+04,1.866600000000000000e+04,1.881900000000000000e+04,1.897200000000000000e+04,1.912500000000000000e+04,1.927800000000000000e+04,1.943100000000000000e+04,1.958400000000000000e+04,1.973700000000000000e+04,1.989000000000000000e+04,2.004300000000000000e+04,2.019600000000000000e+04,2.034900000000000000e+04,2.050200000000000000e+04,2.065500000000000000e+04,2.080800000000000000e+04,2.096100000000000000e+04,2.111400000000000000e+04,2.126700000000000000e+04,2.142000000000000000e+04,2.157300000000000000e+04,2.172600000000000000e+04,2.187900000000000000e+04,2.203200000000000000e+04,2.218500000000000000e+04,2.233800000000000000e+04,2.249100000000000000e+04,2.264400000000000000e+04,2.279700000000000000e+04,2.295000000000000000e+04,2.310300000000000000e+04,2.325600000000000000e+04,2.340900000000000000e+04,2.356200000000000000e+04,2.371500000000000000e+04,2.386800000000000000e+04,2.402100000000000000e+04,2.417400000000000000e+04,2.432700000000000000e+04,2.448000000000000000e+04,2.463300000000000000e+04,2.478600000000000000e+04,2.493900000000000000e+04,2.509200000000000000e+04,2.524500000000000000e+04,2.539800000000000000e+04,2.555100000000000000e+04,2.570400000000000000e+04,2.585700000000000000e+04,2.601000000000000000e+04,2.616300000000000000e+04,2.631600000000000000e+04,2.646900000000000000e+04,2.662200000000000000e+04,2.677500000000000000e+04,2.692800000000000000e+04,2.708100000000000000e+04,2.723400000000000000e+04,2.738700000000000000e+04,2.754000000000000000e+04,2.769300000000000000e+04,2.784600000000000000e+04,2.799900000000000000e+04,2.815200000000000000e+04,2.830500000000000000e+04,2.845800000000000000e+04,2.861100000000000000e+04,2.876400000000000000e+04,2.891700000000000000e+04,2.907000000000000000e+04,2.922300000000000000e+04,2.937600000000000000e+04,2.952900000000000000e+04,2.968200000000000000e+04,2.983500000000000000e+04,2.998800000000000000e+04,3.014100000000000000e+04,3.029400000000000000e+04,3.044700000000000000e+04,3.060000000000000000e+04,3.075300000000000000e+04,3.090600000000000000e+04,3.105900000000000000e+04,3.121200000000000000e+04,3.136500000000000000e+04,3.151800000000000000e+04,3.167100000000000000e+04,3.182400000000000000e+04,3.197700000000000000e+04,3.213000000000000000e+04,3.228300000000000000e+04,3.243600000000000000e+04,3.258900000000000000e+04,3.274200000000000000e+04,3.289500000000000000e+04,3.304800000000000000e+04,3.320100000000000000e+04,3.335400000000000000e+04,3.350700000000000000e+04,3.366000000000000000e+04,3.381300000000000000e+04,3.396600000000000000e+04,3.411900000000000000e+04,3.427200000000000000e+04,3.442500000000000000e+04,3.457800000000000000e+04,3.473100000000000000e+04,3.488400000000000000e+04,3.503700000000000000e+04,3.519000000000000000e+04,3.534300000000000000e+04,3.549600000000000000e+04,3.564900000000000000e+04,3.580200000000000000e+04,3.595500000000000000e+04,3.610800000000000000e+04,3.626100000000000000e+04,3.641400000000000000e+04,3.656700000000000000e+04,3.672000000000000000e+04,3.687300000000000000e+04,3.702600000000000000e+04,3.717900000000000000e+04,3.733200000000000000e+04,3.748500000000000000e+04,3.763800000000000000e+04,3.779100000000000000e+04,3.794400000000000000e+04,3.809700000000000000e+04,3.825000000000000000e+04,3.840300000000000000e+04,3.855600000000000000e+04,3.870900000000000000e+04,3.886200000000000000e+04,3.901500000000000000e+04,3.916800000000000000e+04,3.932100000000000000e+04,3.947400000000000000e+04,3.962700000000000000e+04,3.978000000000000000e+04,3.993300000000000000e+04,4.008600000000000000e+04,4.023900000000000000e+04,4.039200000000000000e+04,4.054500000000000000e+04,4.069800000000000000e+04,4.085100000000000000e+04,4.100400000000000000e+04,4.115700000000000000e+04,4.131000000000000000e+04,4.146300000000000000e+04,4.161600000000000000e+04,4.176900000000000000e+04,4.192200000000000000e+04,4.207500000000000000e+04,4.222800000000000000e+04,4.238100000000000000e+04,4.253400000000000000e+04,4.268700000000000000e+04,4.284000000000000000e+04,4.299300000000000000e+04,4.314600000000000000e+04,4.329900000000000000e+04,4.345200000000000000e+04,4.360500000000000000e+04,4.375800000000000000e+04,4.391100000000000000e+04,4.406400000000000000e+04,4.421700000000000000e+04,4.437000000000000000e+04,4.452300000000000000e+04,4.467600000000000000e+04,4.482900000000000000e+04,4.498200000000000000e+04,4.513500000000000000e+04,4.528800000000000000e+04,4.544100000000000000e+04,4.559400000000000000e+04,4.574700000000000000e+04
0.000000000000000000e+00,1.540000000000000000e+02,3.080000000000000000e+02,4.620000000000000000e+02,6.160000000000000000e+02,7.700000000000000000e+02,9.240000000000000000e+02,1.078000000000000000e+03,1.232000000000000000e+03,1.386000000000000000e+03,1.540000000000000000e+03,1.694000000000000000e+03,1.848000000000000000e+03,2.002000000000000000e+03,2.156000000000000000e+03,2.310000000000000000e+03,2.464000000000000000e+03,2.618000000000000000e+03,2.772000000000000000e+03,2.926000000000000000e+03,3.080000000000000000e+03,3.234000000000000000e+03,3.388000000000000000e+03,3.542000000000000000e+03,3.696000000000000000e+03,3.850000000000000000e+03,4.004000000000000000e+03,4.158000000000000000e+03,4.312000000000000000e+03,4.466000000000000000e+03,4.620000000000000000e+03,4.774000000000000000e+03,4.928000000000000000e+03,5.082000000000000000e+03,5.236000000000000000e+03,5.390000000000000000e+03,5.544000000000000000e+03,5.698000000000000000e+03,5.852000000000000000e+03,6.006000000000000000e+03,6.160000000000000000e+03,6.314000000000000000e+03,6.468000000000000000e+03,6.622000000000000000e+03,6.776000000000000000e+03,6.930000000000000000e+03,7.084000000000000000e+03,7.238000000000000000e+03,7.392000000000000000e+03,7.546000000000000000e+03,7.700000000000000000e+03,7.854000000000000000e+03,8.008000000000000000e+03,8.162000000000000000e+03,8.316000000000000000e+03,8.470000000000000000e+03,8.624000000000000000e+03,8.778000000000000000e+03,8.932000000000000000e+03,9.086000000000000000e+03,9.240000000000000000e+03,9.394000000000000000e+03,9.548000000000000000e+03,9.702000000000000000e+03,9.856000000000000000e+03,1.001000000000000000e+04,1.016400000000000000e+04,1.031800000000000000e+04,1.047200000000000000e+04,1.062600000000000000e+04,1.078000000000000000e+04,1.093400000000000000e+04,1.108800000000000000e+04,1.124200000000000000e+04,1.139600000000000000e+04,1.155000000000000000e+04,1.170400000000000000e+04,1.185800000000000000e+04,1.201200000000000000e+04,1.216600000000000000e+04,1.232000000000000000e+04,1.247400000000000000e+04,1.262800000000000000e+04,1.278200000000000000e+04,1.293600000000000000e+04,1.309000000000000000e+04,1.324400000000000000e+04,1.339800000000000000e+04,1.355200000000000000e+04,1.370600000000000000e+04,1.386000000000000000e+04,1.401400000000000000e+04,1.416800000000000000e+04,1.432200000000000000e+04,1.447600000000000000e+04,1.463000000000000000e+04,1.478400000000000000e+04,1.493800000000000000e+04,1.509200000000000000e+04,1.524600000000000000e+04,1.540000000000000000e+04,1.555400000000000000e+04,1.570800000000000000e+04,1.586200000000000000e+04,1.601600000000000000e+04,1.617000000000000000e+04,1.632400000000000000e+04,1.647800000000000000e+04,1.663200000000000000e+04,1.678600000000000000e+04,1.694000000000000000e+04,1.709400000000000000e+04,1.724800000000000000e+04,1.740200000000000000e+04,1.755600000000000000e+04,1.771000000000000000e+04,1.786400000000000000e+04,1.801800000000000000e+04,1.817200000000000000e+04,1.832600000000000000e+04,1.848000000000000000e+04,1.863400000000000000e+04,1.878800000000000000e+04,1.894200000000000000e+04,1.909600000000000000e+04,1.925000000000000000e+04,1.940400000000000000e+04,1.955800000000000000e+04,1.971200000000000000e+04,1.986600000000000000e+04,2.002000000000000000e+04,2.017400000000000000e+04,2.032800000000000000e+04,2.048200000000000000e+04,2.063600000000000000e+04,2.079000000000000000e+04,2.094400000000000000e+04,2.109800000000000000e+04,2.125200000000000000e+04,2.140600000000000000e+04,2.156000000000000000e+04,2.171400000000000000e+04,2.186800000000000000e+04,2.202200000000000000e+04,2.217600000000000000e+04,2.233000000000000000e+04,2.248400000000000000e+04,2.263800000000000000e+04,2.279200000000000000e+04,2.294600000000000000e+04,2.310000000000000000e+04,2.325400000000000000e+04,2.340800000000000000e+04,2.356200000000000000e+04,2.371600000000000000e+04,2.387000000000000000e+04,2.402400000000000000e+04,2.417800000000000000e+04,2.433200000000000000e+04,2.448600000000000000e+04,2.464000000000000000e+04,2.479400000000000000e+04,2.494800000000000000e+04,2.510200000000000000e+04,2.525600000000000000e+04,2.541000000000000000e+04,2.556400000000000000e+04,2.571800000000000000e+04,2.587200000000000000e+04,2.602600000000000000e+04,2.618000000000000000e+04,2.633400000000000000e+04,2.648800000000000000e+04,2.664200000000000000e+04,2.679600000000000000e+04,2.695000000000000000e+04,2.710400000000000000e+04,2.725800000000000000e+04,2.741200000000000000e+04,2.756600000000000000e+04,2.772000000000000000e+04,2.787400000000000000e+04,2.802800000000000000e+04,2.818200000000000000e+04,2.833600000000000000e+04,2.849000000000000000e+04,2.864400000000000000e+04,2.879800000000000000e+04,2.895200000000000000e+04,2.910600000000000000e+04,2.926000000000000000e+04,2.941400000000000000e+04,2.956800000000000000e+04,2.972200000000000000e+04,2.987600000000000000e+04,3.003000000000000000e+04,3.018400000000000000e+04,3.033800000000000000e+04,3.049200000000000000e+04,3.064600000000000000e+04,3.080000000000000000e+04,3.095400000000000000e+04,3.110800000000000000e+04,3.126200000000000000e+04,3.141600000000000000e+04,3.157000000000000000e+04,3.172400000000000000e+04,3.187800000000000000e+04,3.203200000000000000e+04,3.218600000000000000e+04,3.234000000000000000e+04,3.249400000000000000e+04,3.264800000000000000e+04,3.280200000000000000e+04,3.295600000000000000e+04,3.311000000000000000e+04,3.326400000000000000e+04,3.341800000000000000e+04,3.357200000000000000e+04,3.372600000000000000e+04,3.388000000000000000e+04,3.403400000000000000e+04,3.418800000000000000e+04,3.434200000000000000e+04,3.449600000000000000e+04,3.465000000000000000e+04,3.480400000000000000e+04,3.495800000000000000e+04,3.511200000000000000e+04,3.526600000000000000e+04,3.542000000000000000e+04,3.557400000000000000e+04,3.572800000000000000e+04,3.588200000000000000e+04,3.603600000000000000e+04,3.619000000000000000e+04,3.634400000000000000e+04,3.649800000000000000e+04,3.665200000000000000e+04,3.680600000000000000e+04,3.696000000000000000e+04,3.711400000000000000e+04,3.726800000000000000e+04,3.742200000000000000e+04,3.757600000000000000e+04,3.773000000000000000e+04,3.788400000000000000e+04,3.803800000000000000e+04,3.819200000000000000e+04,3.834600000000000000e+04,3.850000000000000000e+04,3.865400000000000000e+04,3.880800000000000000e+04,3.896200000000000000e+04,3.911600000000000000e+04,3.927000000000000000e+04,3.942400000000000000e+04,3.957800000000000000e+04,3.973200000000000000e+04,3.988600000000000000e+04,4.004000000000000000e+04,4.019400000000000000e+04,4.034800000000000000e+04,4.050200000000000000e+04,4.065600000000000000e+04,4.081000000000000000e+04,4.096400000000000000e+04,4.111800000000000000e+04,4.127200000000000000e+04,4.142600000000000000e+04,4.158000000000000000e+04,4.173400000000000000e+04,4.188800000000000000e+04,4.204200000000000000e+04,4.219600000000000000e+04,4.235000000000000000e+04,4.250400000000000000e+04,4.265800000000000000e+04,4.281200000000000000e+04,4.296600000000000000e+04,4.312000000000000000e+04,4.327400000000000000e+04,4.342800000000000000e+04,4.358200000000000000e+04,4.373600000000000000e+04,4.389000000000000000e+04,4.404400000000000000e+04,4.419800000000000000e+04,4.435200000000000000e+04,4.450600000000000000e+04,4.466000000000000000e+04,4.481400000000000000e+04,4.496800000000000000e+04,4.512200000000000000e+04,4.527600000000000000e+04,4.543000000000000000e+04,4.558400000000000000e+04,4.573800000000000000e+04,4.589200000000000000e+04,4.604600000000000000e+04
0.000000000000000000e+00,1.550000000000000000e+02,3.100000000000000000e+02,4.650000000000000000e+02,6.200000000000000000e+02,7.750000000000000000e+02,9.300000000000000000e+02,1.085000000000000000e+03,1.240000000000000000e+03,1.395000000000000000e+03,1.550000000000000000e+03,1.705000000000000000e+03,1.860000000000000000e+03,2.015000000000000000e+03,2.170000000000000000e+03,2.325000000000000000e+03,2.480000000000000000e+03,2.635000000000000000e+03,2.790000000000000000e+03,2.945000000000000000e+03,3.100000000000000000e+03,3.255000000000000000e+03,3.410000000000000000e+03,3.565000000000000000e+03,3.720000000000000000e+03,3.875000000000000000e+03,4.030000000000000000e+03,4.185000000000000000e+03,4.340000000000000000e+03,4.495000000000000000e+03,4.650000000000000000e+03,4.805000000000000000e+03,4.960000000000000000e+03,5.115000000000000000e+03,5.270000000000000000e+03,5.425000000000000000e+03,5.580000000000000000e+03,5.735000000000000000e+03,5.890000000000000000e+03,6.045000000000000000e+03,6.200000000000000000e+03,6.355000000000000000e+03,6.510000000000000000e+03,6.665000000000000000e+03,6.820000000000000000e+03,6.975000000000000000e+03,7.130000000000000000e+03,7.285000000000000000e+03,7.440000000000000000e+03,7.595000000000000000e+03,7.750000000000000000e+03,7.905000000000000000e+03,8.060000000000000000e+03,8.215000000000000000e+03,8.370000000000000000e+03,8.525000000000000000e+03,8.680000000000000000e+03,8.835000000000000000e+03,8.990000000000000000e+03,9.145000000000000000e+03,9.300000000000000000e+03,9.455000000000000000e+03,9.610000000000000000e+03,9.765000000000000000e+03,9.920000000000000000e+03,1.007500000000000000e+04,1.023000000000000000e+04,1.038500000000000000e+04,1.054000000000000000e+04,1.069500000000000000e+04,1.085000000000000000e+04,1.100500000000000000e+04,1.116000000000000000e+04,1.131500000000000000e+04,1.147000000000000000e+04,1.162500000000000000e+04,1.178000000000000000e+04,1.193500000000000000e+04,1.209000000000000000e+04,1.224500000000000000e+04,1.240000000000000000e+04,1.255500000000000000e+04,1.271000000000000000e+04,1.286500000000000000e+04,1.302000000000000000e+04,1.317500000000000000e+04,1.333000000000000000e+04,1.348500000000000000e+04,1.364000000000000000e+04,1.379500000000000000e+04,1.395000000000000000e+04,1.410500000000000000e+04,1.426000000000000000e+04,1.441500000000000000e+04,1.457000000000000000e+04,1.472500000000000000e+04,1.488000000000000000e+04,1.503500000000000000e+04,1.519000000000000000e+04,1.534500000000000000e+04,1.550000000000000000e+04,1.565500000000000000e+04,1.581000000000000000e+04,1.596500000000000000e+04,1.612000000000000000e+04,1.627500000000000000e+04,1.643000000000000000e+04,1.658500000000000000e+04,1.674000000000000000e+04,1.689500000000000000e+04,1.705000000000000000e+04,1.720500000000000000e+04,1.736000000000000000e+04,1.751500000000000000e+04,1.767000000000000000e+04,1.782500000000000000e+04,1.798000000000000000e+04,1.813500000000000000e+04,1.829000000000000000e+04,1.844500000000000000e+04,1.860000000000000000e+04,1.875500000000000000e+04,1.891000000000000000e+04,1.906500000000000000e+04,1.922000000000000000e+04,1.937500000000000000e+04,1.953000000000000000e+04,1.968500000000000000e+04,1.984000000000000000e+04,1.999500000000000000e+04,2.015000000000000000e+04,2.030500000000000000e+04,2.046000000000000000e+04,2.061500000000000000e+04,2.077000000000000000e+04,2.092500000000000000e+04,2.108000000000000000e+04,2.123500000000000000e+04,2.139000000000000000e+04,2.154500000000000000e+04,2.170000000000000000e+04,2.185500000000000000e+04,2.201000000000000000e+04,2.216500000000000000e+04,2.232000000000000000e+04,2.247500000000000000e+04,2.263000000000000000e+04,2.278500000000000000e+04,2.294000000000000000e+04,2.309500000000000000e+04,2.325000000000000000e+04,2.340500000000000000e+04,2.356000000000000000e+04,2.371500000000000000e+04,2.387000000000000000e+04,2.402500000000000000e+04,2.418000000000000000e+04,2.433500000000000000e+04,2.449000000000000000e+04,2.464500000000000000e+04,2.480000000000000000e+04,2.495500000000000000e+04,2.511000000000000000e+04,2.526500000000000000e+04,2.542000000000000000e+04,2.557500000000000000e+04,2.573000000000000000e+04,2.588500000000000000e+04,2.604000000000000000e+04,2.619500000000000000e+04,2.635000000000000000e+04,2.650500000000000000e+04,2.666000000000000000e+04,2.681500000000000000e+04,2.697000000000000000e+04,2.712500000000000000e+04,2.728000000000000000e+04,2.743500000000000000e+04,2.759000000000000000e+04,2.774500000000000000e+04,2.790000000000000000e+04,2.805500000000000000e+04,2.821000000000000000e+04,2.836500000000000000e+04,2.852000000000000000e+04,2.867500000000000000e+04,2.883000000000000000e+04,2.898500000000000000e+04,2.914000000000000000e+04,2.929500000000000000e+04,2.945000000000000000e+04,2.960500000000000000e+04,2.976000000000000000e+04,2.991500000000000000e+04,3.007000000000000000e+04,3.022500000000000000e+04,3.038000000000000000e+04,3.053500000000000000e+04,3.069000000000000000e+04,3.084500000000000000e+04,3.100000000000000000e+04,3.115500000000000000e+04,3.131000000000000000e+04,3.146500000000000000e+04,3.162000000000000000e+04,3.177500000000000000e+04,3.193000000000000000e+04,3.208500000000000000e+04,3.224000000000000000e+04,3.239500000000000000e+04,3.255000000000000000e+04,3.270500000000000000e+04,3.286000000000000000e+04,3.301500000000000000e+04,3.317000000000000000e+04,3.332500000000000000e+04,3.348000000000000000e+04,3.363500000000000000e+04,3.379000000000000000e+04,3.394500000000000000e+04,3.410000000000000000e+04,3.425500000000000000e+04,3.441000000000000000e+04,3.456500000000000000e+04,3.472000000000000000e+04,3.487500000000000000e+04,3.503000000000000000e+04,3.518500000000000000e+04,3.534000000000000000e+04,3.549500000000000000e+04,3.565000000000000000e+04,3.580500000000000000e+04,3.596000000000000000e+04,3.611500000000000000e+04,3.627000000000000000e+04,3.642500000000000000e+04,3.658000000000000000e+04,3.673500000000000000e+04,3.689000000000000000e+04,3.704500000000000000e+04,3.720000000000000000e+04,3.735500000000000000e+04,3.751000000000000000e+04,3.766500000000000000e+04,3.782000000000000000e+04,3.797500000000000000e+04,3.813000000000000000e+04,3.828500000000000000e+04,3.844000000000000000e+04,3.859500000000000000e+04,3.875000000000000000e+04,3.890500000000000000e+04,3.906000000000000000e+04,3.921500000000000000e+04,3.937000000000000000e+04,3.952500000000000000e+04,3.968000000000000000e+04,3.983500000000000000e+04,3.999000000000000000e+04,4.014500000000000000e+04,4.030000000000000000e+04,4.045500000000000000e+04,4.061000000000000000e+04,4.076500000000000000e+04,4.092000000000000000e+04,4.107500000000000000e+04,4.123000000000000000e+04,4.138500000000000000e+04,4.154000000000000000e+04,4.169500000000000000e+04,4.185000000000000000e+04,4.200500000000000000e+04,4.216000000000000000e+04,4.231500000000000000e+04,4.247000000000000000e+04,4.262500000000000000e+04,4.278000000000000000e+04,4.293500000000000000e+04,4.309000000000000000e+04,4.324500000000000000e+04,4.340000000000000000e+04,4.355500000000000000e+04,4.371000000000000000e+04,4.386500000000000000e+04,4.402000000000000000e+04,4.417500000000000000e+04,4.433000000000000000e+04,4.448500000000000000e+04,4.464000000000000000e+04,4.479500000000000000e+04,4.495000000000000000e+04,4.510500000000000000e+04,4.526000000000000000e+04,4.541500000000000000e+04,4.557000000000000000e+04,4.572500000000000000e+04,4.588000000000000000e+04,4.603500000000000000e+04,4.619000000000000000e+04,4.634500000000000000e+04
0.000000000000000000e+00,1.560000000000000000e+02,3.120000000000000000e+02,4.680000000000000000e+02,6.240000000000000000e+02,7.800000000000000000e+02,9.360000000000000000e+02,1.092000000000000000e+03,1.248000000000000000e+03,1.404000000000000000e+03,1.560000000000000000e+03,1.716000000000000000e+03,1.872000000000000000e+03,2.028000000000000000e+03,2.184000000000000000e+03,2.340000000000000000e+03,2.496000000000000000e+03,2.652000000000000000e+03,2.808000000000000000e+03,2.964000000000000000e+03,3.120000000000000000e+03,3.276000000000000000e+03,3.432000000000000000e+03,3.588000000000000000e+03,3.744000000000000000e+03,3.900000000000000000e+03,4.056000000000000000e+03,4.212000000000000000e+03,4.368000000000000000e+03,4.524000000000000000e+03,4.680000000000000000e+03,4.836000000000000000e+03,4.992000000000000000e+03,5.148000000000000000e+03,5.304000000000000000e+03,5.460000000000000000e+03,5.616000000000000000e+03,5.772000000000000000e+03,5.928000000000000000e+03,6.084000000000000000e+03,6.240000000000000000e+03,6.396000000000000000e+03,6.552000000000000000e+03,6.708000000000000000e+03,6.864000000000000000e+03,7.020000000000000000e+03,7.176000000000000000e+03,7.332000000000000000e+03,7.488000000000000000e+03,7.644000000000000000e+03,7.800000000000000000e+03,7.956000000000000000e+03,8.112000000000000000e+03,8.268000000000000000e+03,8.424000000000000000e+03,8.580000000000000000e+03,8.736000000000000000e+03,8.892000000000000000e+03,9.048000000000000000e+03,9.204000000000000000e+03,9.360000000000000000e+03,9.516000000000000000e+03,9.672000000000000000e+03,9.828000000000000000e+03,9.984000000000000000e+03,1.014000000000000000e+04,1.029600000000000000e+04,1.045200000000000000e+04,1.060800000000000000e+04,1.076400000000000000e+04,1.092000000000000000e+04,1.107600000000000000e+04,1.123200000000000000e+04,1.138800000000000000e+04,1.154400000000000000e+04,1.170000000000000000e+04,1.185600000000000000e+04,1.201200000000000000e+04,1.216800000000000000e+04,1.232400000000000000e+04,1.248000000000000000e+04,1.263600000000000000e+04,1.279200000000000000e+04,1.294800000000000000e+04,1.310400000000000000e+04,1.326000000000000000e+04,1.341600000000000000e+04,1.357200000000000000e+04,1.372800000000000000e+04,1.388400000000000000e+04,1.404000000000000000e+04,1.419600000000000000e+04,1.435200000000000000e+04,1.450800000000000000e+04,1.466400000000000000e+04,1.482000000000000000e+04,1.497600000000000000e+04,1.513200000000000000e+04,1.528800000000000000e+04,1.544400000000000000e+04,1.560000000000000000e+04,1.575600000000000000e+04,1.591200000000000000e+04,1.606800000000000000e+04,1.622400000000000000e+04,1.638000000000000000e+04,1.653600000000000000e+04,1.669200000000000000e+04,1.684800000000000000e+04,1.700400000000000000e+04,1.716000000000000000e+04,1.731600000000000000e+04,1.747200000000000000e+04,1.762800000000000000e+04,1.778400000000000000e+04,1.794000000000000000e+04,1.809600000000000000e+04,1.825200000000000000e+04,1.840800000000000000e+04,1.856400000000000000e+04,1.872000000000000000e+04,1.887600000000000000e+04,1.903200000000000000e+04,1.918800000000000000e+04,1.934400000000000000e+04,1.950000000000000000e+04,1.965600000000000000e+04,1.981200000000000000e+04,1.996800000000000000e+04,2.012400000000000000e+04,2.028000000000000000e+04,2.043600000000000000e+04,2.059200000000000000e+04,2.074800000000000000e+04,2.090400000000000000e+04,2.106000000000000000e+04,2.121600000000000000e+04,2.137200000000000000e+04,2.152800000000000000e+04,2.168400000000000000e+04,2.184000000000000000e+04,2.199600000000000000e+04,2.215200000000000000e+04,2.230800000000000000e+04,2.246400000000000000e+04,2.262000000000000000e+04,2.277600000000000000e+04,2.293200000000000000e+04,2.308800000000000000e+04,2.324400000000000000e+04,2.340000000000000000e+04,2.355600000000000000e+04,2.371200000000000000e+04,2.386800000000000000e+04,2.402400000000000000e+04,2.418000000000000000e+04,2.433600000000000000e+04,2.449200000000000000e+04,2.464800000000000000e+04,2.480400000000000000e+04,2.496000000000000000e+04,2.511600000000000000e+04,2.527200000000000000e+04,2.542800000000000000e+04,2.558400000000000000e+04,2.574000000000000000e+04,2.589600000000000000e+04,2.605200000000000000e+04,2.620800000000000000e+04,2.636400000000000000e+04,2.652000000000000000e+04,2.667600000000000000e+04,2.683200000000000000e+04,2.698800000000000000e+04,2.714400000000000000e+04,2.730000000000000000e+04,2.745600000000000000e+04,2.761200000000000000e+04,2.776800000000000000e+04,2.792400000000000000e+04,2.808000000000000000e+04,2.823600000000000000e+04,2.839200000000000000e+04,2.854800000000000000e+04,2.870400000000000000e+04,2.886000000000000000e+04,2.901600000000000000e+04,2.917200000000000000e+04,2.932800000000000000e+04,2.948400000000000000e+04,2.964000000000000000e+04,2.979600000000000000e+04,2.995200000000000000e+04,3.010800000000000000e+04,3.026400000000000000e+04,3.042000000000000000e+04,3.057600000000000000e+04,3.073200000000000000e+04,3.088800000000000000e+04,3.104400000000000000e+04,3.120000000000000000e+04,3.135600000000000000e+04,3.151200000000000000e+04,3.166800000000000000e+04,3.182400000000000000e+04,3.198000000000000000e+04,3.213600000000000000e+04,3.229200000000000000e+04,3.244800000000000000e+04,3.260400000000000000e+04,3.276000000000000000e+04,3.291600000000000000e+04,3.307200000000000000e+04,3.322800000000000000e+04,3.338400000000000000e+04,3.354000000000000000e+04,3.369600000000000000e+04,3.385200000000000000e+04,3.400800000000000000e+04,3.416400000000000000e+04,3.432000000000000000e+04,3.447600000000000000e+04,3.463200000000000000e+04,3.478800000000000000e+04,3.494400000000000000e+04,3.510000000000000000e+04,3.525600000000000000e+04,3.541200000000000000e+04,3.556800000000000000e+04,3.572400000000000000e+04,3.588000000000000000e+04,3.603600000000000000e+04,3.619200000000000000e+04,3.634800000000000000e+04,3.650400000000000000e+04,3.666000000000000000e+04,3.681600000000000000e+04,3.697200000000000000e+04,3.712800000000000000e+04,3.728400000000000000e+04,3.744000000000000000e+04,3.759600000000000000e+04,3.775200000000000000e+04,3.790800000000000000e+04,3.806400000000000000e+04,3.822000000000000000e+04,3.837600000000000000e+04,3.853200000000000000e+04,3.868800000000000000e+04,3.884400000000000000e+04,3.900000000000000000e+04,3.915600000000000000e+04,3.931200000000000000e+04,3.946800000000000000e+04,3.962400000000000000e+04,3.978000000000000000e+04,3.993600000000000000e+04,4.009200000000000000e+04,4.024800000000000000e+04,4.040400000000000000e+04,4.056000000000000000e+04,4.071600000000000000e+04,4.087200000000000000e+04,4.102800000000000000e+04,4.118400000000000000e+04,4.134000000000000000e+04,4.149600000000000000e+04,4.165200000000000000e+04,4.180800000000000000e+04,4.196400000000000000e+04,4.212000000000000000e+04,4.227600000000000000e+04,4.243200000000000000e+04,4.258800000000000000e+04,4.274400000000000000e+04,4.290000000000000000e+04,4.305600000000000000e+04,4.321200000000000000e+04,4.336800000000000000e+04,4.352400000000000000e+04,4.368000000000000000e+04,4.383600000000000000e+04,4.399200000000000000e+04,4.414800000000000000e+04,4.430400000000000000e+04,4.446000000000000000e+04,4.461600000000000000e+04,4.477200000000000000e+04,4.492800000000000000e+04,4.508400000000000000e+04,4.524000000000000000e+04,4.539600000000000000e+04,4.555200000000000000e+04,4.570800000000000000e+04,4.586400000000000000e+04,4.602000000000000000e+04,4.617600000000000000e+04,4.633200000000000000e+04,4.648800000000000000e+04,4.664400000000000000e+04
0.000000000000000000e+00,1.570000000000000000e+02,3.140000000000000000e+02,4.710000000000000000e+02,6.280000000000000000e+02,7.850000000000000000e+02,9.420000000000000000e+02,1.099000000000000000e+03,1.256000000000000000e+03,1.413000000000000000e+03,1.570000000000000000e+03,1.727000000000000000e+03,1.884000000000000000e+03,2.041000000000000000e+03,2.198000000000000000e+03,2.355000000000000000e+03,2.512000000000000000e+03,2.669000000000000000e+03,2.826000000000000000e+03,2.983000000000000000e+03,3.140000000000000000e+03,3.297000000000000000e+03,3.454000000000000000e+03,3.611000000000000000e+03,3.768000000000000000e+03,3.925000000000000000e+03,4.082000000000000000e+03,4.239000000000000000e+03,4.396000000000000000e+03,4.553000000000000000e+03,4.710000000000000000e+03,4.867000000000000000e+03,5.024000000000000000e+03,5.181000000000000000e+03,5.338000000000000000e+03,5.495000000000000000e+03,5.652000000000000000e+03,5.809000000000000000e+03,5.966000000000000000e+03,6.123000000000000000e+03,6.280000000000000000e+03,6.437000000000000000e+03,6.594000000000000000e+03,6.751000000000000000e+03,6.908000000000000000e+03,7.065000000000000000e+03,7.222000000000000000e+03,7.379000000000000000e+03,7.536000000000000000e+03,7.693000000000000000e+03,7.850000000000000000e+03,8.007000000000000000e+03,8.164000000000000000e+03,8.321000000000000000e+03,8.478000000000000000e+03,8.635000000000000000e+03,8.792000000000000000e+03,8.949000000000000000e+03,9.106000000000000000e+03,9.263000000000000000e+03,9.420000000000000000e+03,9.577000000000000000e+03,9.734000000000000000e+03,9.891000000000000000e+03,1.004800000000000000e+04,1.020500000000000000e+04,1.036200000000000000e+04,1.051900000000000000e+04,1.067600000000000000e+04,1.083300000000000000e+04,1.099000000000000000e+04,1.114700000000000000e+04,1.130400000000000000e+04,1.146100000000000000e+04,1.161800000000000000e+04,1.177500000000000000e+04,1.193200000000000000e+04,1.208900000000000000e+04,1.224600000000000000e+04,1.240300000000000000e+04,1.256000000000000000e+04,1.271700000000000000e+04,1.287400000000000000e+04,1.303100000000000000e+04,1.318800000000000000e+04,1.334500000000000000e+04,1.350200000000000000e+04,1.365900000000000000e+04,1.381600000000000000e+04,1.397300000000000000e+04,1.413000000000000000e+04,1.428700000000000000e+04,1.444400000000000000e+04,1.460100000000000000e+04,1.475800000000000000e+04,1.491500000000000000e+04,1.507200000000000000e+04,1.522900000000000000e+04,1.538600000000000000e+04,1.554300000000000000e+04,1.570000000000000000e+04,1.585700000000000000e+04,1.601400000000000000e+04,1.617100000000000000e+04,1.632800000000000000e+04,1.648500000000000000e+04,1.664200000000000000e+04,1.679900000000000000e+04,1.695600000000000000e+04,1.711300000000000000e+04,1.727000000000000000e+04,1.742700000000000000e+04,1.758400000000000000e+04,1.774100000000000000e+04,1.789800000000000000e+04,1.805500000000000000e+04,1.821200000000000000e+04,1.836900000000000000e+04,1.852600000000000000e+04,1.868300000000000000e+04,1.884000000000000000e+04,1.899700000000000000e+04,1.915400000000000000e+04,1.931100000000000000e+04,1.946800000000000000e+04,1.962500000000000000e+04,1.978200000000000000e+04,1.993900000000000000e+04,2.009600000000000000e+04,2.025300000000000000e+04,2.041000000000000000e+04,2.056700000000000000e+04,2.072400000000000000e+04,2.088100000000000000e+04,2.103800000000000000e+04,2.119500000000000000e+04,2.135200000000000000e+04,2.150900000000000000e+04,2.166600000000000000e+04,2.182300000000000000e+04,2.198000000000000000e+04,2.213700000000000000e+04,2.229400000000000000e+04,2.245100000000000000e+04,2.260800000000000000e+04,2.276500000000000000e+04,2.292200000000000000e+04,2.307900000000000000e+04,2.323600000000000000e+04,2.339300000000000000e+04,2.355000000000000000e+04,2.370700000000000000e+04,2.386400000000000000e+04,2.402100000000000000e+04,2.417800000000000000e+04,2.433500000000000000e+04,2.449200000000000000e+04,2.464900000000000000e+04,2.480600000000000000e+04,2.496300000000000000e+04,2.512000000000000000e+04,2.527700000000000000e+04,2.543400000000000000e+04,2.559100000000000000e+04,2.574800000000000000e+04,2.590500000000000000e+04,2.606200000000000000e+04,2.621900000000000000e+04,2.637600000000000000e+04,2.653300000000000000e+04,2.669000000000000000e+04,2.684700000000000000e+04,2.700400000000000000e+04,2.716100000000000000e+04,2.731800000000000000e+04,2.747500000000000000e+04,2.763200000000000000e+04,2.778900000000000000e+04,2.794600000000000000e+04,2.810300000000000000e+04,2.826000000000000000e+04,2.841700000000000000e+04,2.857400000000000000e+04,2.873100000000000000e+04,2.888800000000000000e+04,2.904500000000000000e+04,2.920200000000000000e+04,2.935900000000000000e+04,2.951600000000000000e+04,2.967300000000000000e+04,2.983000000000000000e+04,2.998700000000000000e+04,3.014400000000000000e+04,3.030100000000000000e+04,3.045800000000000000e+04,3.061500000000000000e+04,3.077200000000000000e+04,3.092900000000000000e+04,3.108600000000000000e+04,3.124300000000000000e+04,3.140000000000000000e+04,3.155700000000000000e+04,3.171400000000000000e+04,3.187100000000000000e+04,3.202800000000000000e+04,3.218500000000000000e+04,3.234200000000000000e+04,3.249900000000000000e+04,3.265600000000000000e+04,3.281300000000000000e+04,3.297000000000000000e+04,3.312700000000000000e+04,3.328400000000000000e+04,3.344100000000000000e+04,3.359800000000000000e+04,3.375500000000000000e+04,3.391200000000000000e+04,3.406900000000000000e+04,3.422600000000000000e+04,3.438300000000000000e+04,3.454000000000000000e+04,3.469700000000000000e+04,3.485400000000000000e+04,3.501100000000000000e+04,3.516800000000000000e+04,3.532500000000000000e+04,3.548200000000000000e+04,3.563900000000000000e+04,3.579600000000000000e+04,3.595300000000000000e+04,3.611000000000000000e+04,3.626700000000000000e+04,3.642400000000000000e+04,3.658100000000000000e+04,3.673800000000000000e+04,3.689500000000000000e+04,3.705200000000000000e+04,3.720900000000000000e+04,3.736600000000000000e+04,3.752300000000000000e+04,3.768000000000000000e+04,3.783700000000000000e+04,3.799400000000000000e+04,3.815100000000000000e+04,3.830800000000000000e+04,3.846500000000000000e+04,3.862200000000000000e+04,3.877900000000000000e+04,3.893600000000000000e+04,3.909300000000000000e+04,3.925000000000000000e+04,3.940700000000000000e+04,3.956400000000000000e+04,3.972100000000000000e+04,3.987800000000000000e+04,4.003500000000000000e+04,4.019200000000000000e+04,4.034900000000000000e+04,4.050600000000000000e+04,4.066300000000000000e+04,4.082000000000000000e+04,4.097700000000000000e+04,4.113400000000000000e+04,4.129100000000000000e+04,4.144800000000000000e+04,4.160500000000000000e+04,4.176200000000000000e+04,4.191900000000000000e+04,4.207600000000000000e+04,4.223300000000000000e+04,4.239000000000000000e+04,4.254700000000000000e+04,4.270400000000000000e+04,4.286100000000000000e+04,4.301800000000000000e+04,4.317500000000000000e+04,4.333200000000000000e+04,4.348900000000000000e+04,4.364600000000000000e+04,4.380300000000000000e+04,4.396000000000000000e+04,4.411700000000000000e+04,4.427400000000000000e+04,4.443100000000000000e+04,4.458800000000000000e+04,4.474500000000000000e+04,4.490200000000000000e+04,4.505900000000000000e+04,4.521600000000000000e+04,4.537300000000000000e+04,4.553000000000000000e+04,4.568700000000000000e+04,4.584400000000000000e+04,4.600100000000000000e+04,4.615800000000000000e+04,4.631500000000000000e+04,4.647200000000000000e+04,4.662900000000000000e+04,4.678600000000000000e+04,4.694300000000000000e+04
0.000000000000000000e+00,1.580000000000000000e+02,3.160000000000000000e+02,4.740000000000000000e+02,6.320000000000000000e+02,7.900000000000000000e+02,9.480000000000000000e+02,1.106000000000000000e+03,1.264000000000000000e+03,1.422000000000000000e+03,1.580000000000000000e+03,1.738000000000000000e+03,1.896000000000000000e+03,2.054000000000000000e+03,2.212000000000000000e+03,2.370000000000000000e+03,2.528000000000000000e+03,2.686000000000000000e+03,2.844000000000000000e+03,3.002000000000000000e+03,3.160000000000000000e+03,3.318000000000000000e+03,3.476000000000000000e+03,3.634000000000000000e+03,3.792000000000000000e+03,3.950000000000000000e+03,4.108000000000000000e+03,4.266000000000000000e+03,4.424000000000000000e+03,4.582000000000000000e+03,4.740000000000000000e+03,4.898000000000000000e+03,5.056000000000000000e+03,5.214000000000000000e+03,5.372000000000000000e+03,5.530000000000000000e+03,5.688000000000000000e+03,5.846000000000000000e+03,6.004000000000000000e+03,6.162000000000000000e+03,6.320000000000000000e+03,6.478000000000000000e+03,6.636000000000000000e+03,6.794000000000000000e+03,6.952000000000000000e+03,7.110000000000000000e+03,7.268000000000000000e+03,7.426000000000000000e+03,7.584000000000000000e+03,7.742000000000000000e+03,7.900000000000000000e+03,8.058000000000000000e+03,8.216000000000000000e+03,8.374000000000000000e+03,8.532000000000000000e+03,8.690000000000000000e+03,8.848000000000000000e+03,9.006000000000000000e+03,9.164000000000000000e+03,9.322000000000000000e+03,9.480000000000000000e+03,9.638000000000000000e+03,9.796000000000000000e+03,9.954000000000000000e+03,1.011200000000000000e+04,1.027000000000000000e+04,1.042800000000000000e+04,1.058600000000000000e+04,1.074400000000000000e+04,1.090200000000000000e+04,1.106000000000000000e+04,1.121800000000000000e+04,1.137600000000000000e+04,1.153400000000000000e+04,1.169200000000000000e+04,1.185000000000000000e+04,1.200800000000000000e+04,1.216600000000000000e+04,1.232400000000000000e+04,1.248200000000000000e+04,1.264000000000000000e+04,1.279800000000000000e+04,1.295600000000000000e+04,1.311400000000000000e+04,1.327200000000000000e+04,1.343000000000000000e+04,1.358800000000000000e+04,1.374600000000000000e+04,1.390400000000000000e+04,1.406200000000000000e+04,1.422000000000000000e+04,1.437800000000000000e+04,1.453600000000000000e+04,1.469400000000000000e+04,1.485200000000000000e+04,1.501000000000000000e+04,1.516800000000000000e+04,1.532600000000000000e+04,1.548400000000000000e+04,1.564200000000000000e+04,1.580000000000000000e+04,1.595800000000000000e+04,1.611600000000000000e+04,1.627400000000000000e+04,1.643200000000000000e+04,1.659000000000000000e+04,1.674800000000000000e+04,1.690600000000000000e+04,1.706400000000000000e+04,1.722200000000000000e+04,1.738000000000000000e+04,1.753800000000000000e+04,1.769600000000000000e+04,1.785400000000000000e+04,1.801200000000000000e+04,1.817000000000000000e+04,1.832800000000000000e+04,1.848600000000000000e+04,1.864400000000000000e+04,1.880200000000000000e+04,1.896000000000000000e+04,1.911800000000000000e+04,1.927600000000000000e+04,1.943400000000000000e+04,1.959200000000000000e+04,1.975000000000000000e+04,1.990800000000000000e+04,2.006600000000000000e+04,2.022400000000000000e+04,2.038200000000000000e+04,2.054000000000000000e+04,2.069800000000000000e+04,2.085600000000000000e+04,2.101400000000000000e+04,2.117200000000000000e+04,2.133000000000000000e+04,2.148800000000000000e+04,2.164600000000000000e+04,2.180400000000000000e+04,2.196200000000000000e+04,2.212000000000000000e+04,2.227800000000000000e+04,2.243600000000000000e+04,2.259400000000000000e+04,2.275200000000000000e+04,2.291000000000000000e+04,2.306800000000000000e+04,2.322600000000000000e+04,2.338400000000000000e+04,2.354200000000000000e+04,2.370000000000000000e+04,2.385800000000000000e+04,2.401600000000000000e+04,2.417400000000000000e+04,2.433200000000000000e+04,2.449000000000000000e+04,2.464800000000000000e+04,2.480600000000000000e+04,2.496400000000000000e+04,2.512200000000000000e+04,2.528000000000000000e+04,2.543800000000000000e+04,2.559600000000000000e+04,2.575400000000000000e+04,2.591200000000000000e+04,2.607000000000000000e+04,2.622800000000000000e+04,2.638600000000000000e+04,2.654400000000000000e+04,2.670200000000000000e+04,2.686000000000000000e+04,2.701800000000000000e+04,2.717600000000000000e+04,2.733400000000000000e+04,2.749200000000000000e+04,2.765000000000000000e+04,2.780800000000000000e+04,2.796600000000000000e+04,2.812400000000000000e+04,2.828200000000000000e+04,2.844000000000000000e+04,2.859800000000000000e+04,2.875600000000000000e+04,2.891400000000000000e+04,2.907200000000000000e+04,2.923000000000000000e+04,2.938800000000000000e+04,2.954600000000000000e+04,2.970400000000000000e+04,2.986200000000000000e+04,3.002000000000000000e+04,3.017800000000000000e+04,3.033600000000000000e+04,3.049400000000000000e+04,3.065200000000000000e+04,3.081000000000000000e+04,3.096800000000000000e+04,3.112600000000000000e+04,3.128400000000000000e+04,3.144200000000000000e+04,3.160000000000000000e+04,3.175800000000000000e+04,3.191600000000000000e+04,3.207400000000000000e+04,3.223200000000000000e+04,3.239000000000000000e+04,3.254800000000000000e+04,3.270600000000000000e+04,3.286400000000000000e+04,3.302200000000000000e+04,3.318000000000000000e+04,3.333800000000000000e+04,3.349600000000000000e+04,3.365400000000000000e+04,3.381200000000000000e+04,3.397000000000000000e+04,3.412800000000000000e+04,3.428600000000000000e+04,3.444400000000000000e+04,3.460200000000000000e+04,3.476000000000000000e+04,3.491800000000000000e+04,3.507600000000000000e+04,3.523400000000000000e+04,3.539200000000000000e+04,3.555000000000000000e+04,3.570800000000000000e+04,3.586600000000000000e+04,3.602400000000000000e+04,3.618200000000000000e+04,3.634000000000000000e+04,3.649800000000000000e+04,3.665600000000000000e+04,3.681400000000000000e+04,3.697200000000000000e+04,3.713000000000000000e+04,3.728800000000000000e+04,3.744600000000000000e+04,3.760400000000000000e+04,3.776200000000000000e+04,3.792000000000000000e+04,3.807800000000000000e+04,3.823600000000000000e+04,3.839400000000000000e+04,3.855200000000000000e+04,3.871000000000000000e+04,3.886800000000000000e+04,3.902600000000000000e+04,3.918400000000000000e+04,3.934200000000000000e+04,3.950000000000000000e+04,3.965800000000000000e+04,3.981600000000000000e+04,3.997400000000000000e+04,4.013200000000000000e+04,4.029000000000000000e+04,4.044800000000000000e+04,4.060600000000000000e+04,4.076400000000000000e+04,4.092200000000000000e+04,4.108000000000000000e+04,4.123800000000000000e+04,4.139600000000000000e+04,4.155400000000000000e+04,4.171200000000000000e+04,4.187000000000000000e+04,4.202800000000000000e+04,4.218600000000000000e+04,4.234400000000000000e+04,4.250200000000000000e+04,4.266000000000000000e+04,4.281800000000000000e+04,4.297600000000000000e+04,4.313400000000000000e+04,4.329200000000000000e+04,4.345000000000000000e+04,4.360800000000000000e+04,4.376600000000000000e+04,4.392400000000000000e+04,4.408200000000000000e+04,4.424000000000000000e+04,4.439800000000000000e+04,4.455600000000000000e+04,4.471400000000000000e+04,4.487200000000000000e+04,4.503000000000000000e+04,4.518800000000000000e+04,4.534600000000000000e+04,4.550400000000000000e+04,4.566200000000000000e+04,4.582000000000000000e+04,4.597800000000000000e+04,4.613600000000000000e+04,4.629400000000000000e+04,4.645200000000000000e+04,4.661000000000000000e+04,4.676800000000000000e+04,4.692600000000000000e+04,4.708400000000000000e+04,4.724200000000000000e+04
0.000000000000000000e+00,1.590000000000000000e+02,3.180000000000000000e+02,4.770000000000000000e+02,6.360000000000000000e+02,7.950000000000000000e+02,9.540000000000000000e+02,1.113000000000000000e+03,1.272000000000000000e+03,1.431000000000000000e+03,1.590000000000000000e+03,1.749000000000000000e+03,1.908000000000000000e+03,2.067000000000000000e+03,2.226000000000000000e+03,2.385000000000000000e+03,2.544000000000000000e+03,2.703000000000000000e+03,2.862000000000000000e+03,3.021000000000000000e+03,3.180000000000000000e+03,3.339000000000000000e+03,3.498000000000000000e+03,3.657000000000000000e+03,3.816000000000000000e+03,3.975000000000000000e+03,4.134000000000000000e+03,4.293000000000000000e+03,4.452000000000000000e+03,4.611000000000000000e+03,4.770000000000000000e+03,4.929000000000000000e+03,5.088000000000000000e+03,5.247000000000000000e+03,5.406000000000000000e+03,5.565000000000000000e+03,5.724000000000000000e+03,5.883000000000000000e+03,6.042000000000000000e+03,6.201000000000000000e+03,6.360000000000000000e+03,6.519000000000000000e+03,6.678000000000000000e+03,6.837000000000000000e+03,6.996000000000000000e+03,7.155000000000000000e+03,7.314000000000000000e+03,7.473000000000000000e+03,7.632000000000000000e+03,7.791000000000000000e+03,7.950000000000000000e+03,8.109000000000000000e+03,8.268000000000000000e+03,8.427000000000000000e+03,8.586000000000000000e+03,8.745000000000000000e+03,8.904000000000000000e+03,9.063000000000000000e+03,9.222000000000000000e+03,9.381000000000000000e+03,9.540000000000000000e+03,9.699000000000000000e+03,9.858000000000000000e+03,1.001700000000000000e+04,1.017600000000000000e+04,1.033500000000000000e+04,1.049400000000000000e+04,1.065300000000000000e+04,1.081200000000000000e+04,1.097100000000000000e+04,1.113000000000000000e+04,1.128900000000000000e+04,1.144800000000000000e+04,1.160700000000000000e+04,1.176600000000000000e+04,1.192500000000000000e+04,1.208400000000000000e+04,1.224300000000000000e+04,1.240200000000000000e+04,1.256100000000000000e+04,1.272000000000000000e+04,1.287900000000000000e+04,1.303800000000000000e+04,1.319700000000000000e+04,1.335600000000000000e+04,1.351500000000000000e+04,1.367400000000000000e+04,1.383300000000000000e+04,1.399200000000000000e+04,1.415100000000000000e+04,1.431000000000000000e+04,1.446900000000000000e+04,1.462800000000000000e+04,1.478700000000000000e+04,1.494600000000000000e+04,1.510500000000000000e+04,1.526400000000000000e+04,1.542300000000000000e+04,1.558200000000000000e+04,1.574100000000000000e+04,1.590000000000000000e+04,1.605900000000000000e+04,1.621800000000000000e+04,1.637700000000000000e+04,1.653600000000000000e+04,1.669500000000000000e+04,1.685400000000000000e+04,1.701300000000000000e+04,1.717200000000000000e+04,1.733100000000000000e+04,1.749000000000000000e+04,1.764900000000000000e+04,1.780800000000000000e+04,1.796700000000000000e+04,1.812600000000000000e+04,1.828500000000000000e+04,1.844400000000000000e+04,1.860300000000000000e+04,1.876200000000000000e+04,1.892100000000000000e+04,1.908000000000000000e+04,1.923900000000000000e+04,1.939800000000000000e+04,1.955700000000000000e+04,1.971600000000000000e+04,1.987500000000000000e+04,2.003400000000000000e+04,2.019300000000000000e+04,2.035200000000000000e+04,2.051100000000000000e+04,2.067000000000000000e+04,2.082900000000000000e+04,2.098800000000000000e+04,2.114700000000000000e+04,2.130600000000000000e+04,2.146500000000000000e+04,2.162400000000000000e+04,2.178300000000000000e+04,2.194200000000000000e+04,2.210100000000000000e+04,2.226000000000000000e+04,2.241900000000000000e+04,2.257800000000000000e+04,2.273700000000000000e+04,2.289600000000000000e+04,2.305500000000000000e+04,2.321400000000000000e+04,2.337300000000000000e+04,2.353200000000000000e+04,2.369100000000000000e+04,2.385000000000000000e+04,2.400900000000000000e+04,2.416800000000000000e+04,2.432700000000000000e+04,2.448600000000000000e+04,2.464500000000000000e+04,2.480400000000000000e+04,2.496300000000000000e+04,2.512200000000000000e+04,2.528100000000000000e+04,2.544000000000000000e+04,2.559900000000000000e+04,2.575800000000000000e+04,2.591700000000000000e+04,2.607600000000000000e+04,2.623500000000000000e+04,2.639400000000000000e+04,2.655300000000000000e+04,2.671200000000000000e+04,2.687100000000000000e+04,2.703000000000000000e+04,2.718900000000000000e+04,2.734800000000000000e+04,2.750700000000000000e+04,2.766600000000000000e+04,2.782500000000000000e+04,2.798400000000000000e+04,2.814300000000000000e+04,2.830200000000000000e+04,2.846100000000000000e+04,2.862000000000000000e+04,2.877900000000000000e+04,2.893800000000000000e+04,2.909700000000000000e+04,2.925600000000000000e+04,2.941500000000000000e+04,2.957400000000000000e+04,2.973300000000000000e+04,2.989200000000000000e+04,3.005100000000000000e+04,3.021000000000000000e+04,3.036900000000000000e+04,3.052800000000000000e+04,3.068700000000000000e+04,3.084600000000000000e+04,3.100500000000000000e+04,3.116400000000000000e+04,3.132300000000000000e+04,3.148200000000000000e+04,3.164100000000000000e+04,3.180000000000000000e+04,3.195900000000000000e+04,3.211800000000000000e+04,3.227700000000000000e+04,3.243600000000000000e+04,3.259500000000000000e+04,3.275400000000000000e+04,3.291300000000000000e+04,3.307200000000000000e+04,3.323100000000000000e+04,3.339000000000000000e+04,3.354900000000000000e+04,3.370800000000000000e+04,3.386700000000000000e+04,3.402600000000000000e+04,3.418500000000000000e+04,3.434400000000000000e+04,3.450300000000000000e+04,3.466200000000000000e+04,3.482100000000000000e+04,3.498000000000000000e+04,3.513900000000000000e+04,3.529800000000000000e+04,3.545700000000000000e+04,3.561600000000000000e+04,3.577500000000000000e+04,3.593400000000000000e+04,3.609300000000000000e+04,3.625200000000000000e+04,3.641100000000000000e+04,3.657000000000000000e+04,3.672900000000000000e+04,3.688800000000000000e+04,3.704700000000000000e+04,3.720600000000000000e+04,3.736500000000000000e+04,3.752400000000000000e+04,3.768300000000000000e+04,3.784200000000000000e+04,3.800100000000000000e+04,3.816000000000000000e+04,3.831900000000000000e+04,3.847800000000000000e+04,3.863700000000000000e+04,3.879600000000000000e+04,3.895500000000000000e+04,3.911400000000000000e+04,3.927300000000000000e+04,3.943200000000000000e+04,3.959100000000000000e+04,3.975000000000000000e+04,3.990900000000000000e+04,4.006800000000000000e+04,4.022700000000000000e+04,4.038600000000000000e+04,4.054500000000000000e+04,4.070400000000000000e+04,4.086300000000000000e+04,4.102200000000000000e+04,4.118100000000000000e+04,4.134000000000000000e+04,4.149900000000000000e+04,4.165800000000000000e+04,4.181700000000000000e+04,4.197600000000000000e+04,4.213500000000000000e+04,4.229400000000000000e+04,4.245300000000000000e+04,4.261200000000000000e+04,4.277100000000000000e+04,4.293000000000000000e+04,4.308900000000000000e+04,4.324800000000000000e+04,4.340700000000000000e+04,4.356600000000000000e+04,4.372500000000000000e+04,4.388400000000000000e+04,4.404300000000000000e+04,4.420200000000000000e+04,4.436100000000000000e+04,4.452000000000000000e+04,4.467900000000000000e+04,4.483800000000000000e+04,4.499700000000000000e+04,4.515600000000000000e+04,4.531500000000000000e+04,4.547400000000000000e+04,4.563300000000000000e+04,4.579200000000000000e+04,4.595100000000000000e+04,4.611000000000000000e+04,4.626900000000000000e+04,4.642800000000000000e+04,4.658700000000000000e+04,4.674600000000000000e+04,4.690500000000000000e+04,4.706400000000000000e+04,4.722300000000000000e+04,4.738200000000000000e+04,4.754100000000000000e+04
0.000000000000000000e+00,1.600000000000000000e+02,3.200000000000000000e+02,4.800000000000000000e+02,6.400000000000000000e+02,8.000000000000000000e+02,9.600000000000000000e+02,1.120000000000000000e+03,1.280000000000000000e+03,1.440000000000000000e+03,1.600000000000000000e+03,1.760000000000000000e+03,1.920000000000000000e+03,2.080000000000000000e+03,2.240000000000000000e+03,2.400000000000000000e+03,2.560000000000000000e+03,2.720000000000000000e+03,2.880000000000000000e+03,3.040000000000000000e+03,3.200000000000000000e+03,3.360000000000000000e+03,3.520000000000000000e+03,3.680000000000000000e+03,3.840000000000000000e+03,4.000000000000000000e+03,4.160000000000000000e+03,4.320000000000000000e+03,4.480000000000000000e+03,4.640000000000000000e+03,4.800000000000000000e+03,4.960000000000000000e+03,5.120000000000000000e+03,5.280000000000000000e+03,5.440000000000000000e+03,5.600000000000000000e+03,5.760000000000000000e+03,5.920000000000000000e+03,6.080000000000000000e+03,6.240000000000000000e+03,6.400000000000000000e+03,6.560000000000000000e+03,6.720000000000000000e+03,6.880000000000000000e+03,7.040000000000000000e+03,7.200000000000000000e+03,7.360000000000000000e+03,7.520000000000000000e+03,7.680000000000000000e+03,7.840000000000000000e+03,8.000000000000000000e+03,8.160000000000000000e+03,8.320000000000000000e+03,8.480000000000000000e+03,8.640000000000000000e+03,8.800000000000000000e+03,8.960000000000000000e+03,9.120000000000000000e+03,9.280000000000000000e+03,9.440000000000000000e+03,9.600000000000000000e+03,9.760000000000000000e+03,9.920000000000000000e+03,1.008000000000000000e+04,1.024000000000000000e+04,1.040000000000000000e+04,1.056000000000000000e+04,1.072000000000000000e+04,1.088000000000000000e+04,1.104000000000000000e+04,1.120000000000000000e+04,1.136000000000000000e+04,1.152000000000000000e+04,1.168000000000000000e+04,1.184000000000000000e+04,1.200000000000000000e+04,1.216000000000000000e+04,1.232000000000000000e+04,1.248000000000000000e+04,1.264000000000000000e+04,1.280000000000000000e+04,1.296000000000000000e+04,1.312000000000000000e+04,1.328000000000000000e+04,1.344000000000000000e+04,1.360000000000000000e+04,1.376000000000000000e+04,1.392000000000000000e+04,1.408000000000000000e+04,1.424000000000000000e+04,1.440000000000000000e+04,1.456000000000000000e+04,1.472000000000000000e+04,1.488000000000000000e+04,1.504000000000000000e+04,1.520000000000000000e+04,1.536000000000000000e+04,1.552000000000000000e+04,1.568000000000000000e+04,1.584000000000000000e+04,1.600000000000000000e+04,1.616000000000000000e+04,1.632000000000000000e+04,1.648000000000000000e+04,1.664000000000000000e+04,1.680000000000000000e+04,1.696000000000000000e+04,1.712000000000000000e+04,1.728000000000000000e+04,1.744000000000000000e+04,1.760000000000000000e+04,1.776000000000000000e+04,1.792000000000000000e+04,1.808000000000000000e+04,1.824000000000000000e+04,1.840000000000000000e+04,1.856000000000000000e+04,1.872000000000000000e+04,1.888000000000000000e+04,1.904000000000000000e+04,1.920000000000000000e+04,1.936000000000000000e+04,1.952000000000000000e+04,1.968000000000000000e+04,1.984000000000000000e+04,2.000000000000000000e+04,2.016000000000000000e+04,2.032000000000000000e+04,2.048000000000000000e+04,2.064000000000000000e+04,2.080000000000000000e+04,2.096000000000000000e+04,2.112000000000000000e+04,2.128000000000000000e+04,2.144000000000000000e+04,2.160000000000000000e+04,2.176000000000000000e+04,2.192000000000000000e+04,2.208000000000000000e+04,2.224000000000000000e+04,2.240000000000000000e+04,2.256000000000000000e+04,2.272000000000000000e+04,2.288000000000000000e+04,2.304000000000000000e+04,2.320000000000000000e+04,2.336000000000000000e+04,2.352000000000000000e+04,2.368000000000000000e+04,2.384000000000000000e+04,2.400000000000000000e+04,2.416000000000000000e+04,2.432000000000000000e+04,2.448000000000000000e+04,2.464000000000000000e+04,2.480000000000000000e+04,2.496000000000000000e+04,2.512000000000000000e+04,2.528000000000000000e+04,2.544000000000000000e+04,2.560000000000000000e+04,2.576000000000000000e+04,2.592000000000000000e+04,2.608000000000000000e+04,2.624000000000000000e+04,2.640000000000000000e+04,2.656000000000000000e+04,2.672000000000000000e+04,2.688000000000000000e+04,2.704000000000000000e+04,2.720000000000000000e+04,2.736000000000000000e+04,2.752000000000000000e+04,2.768000000000000000e+04,2.784000000000000000e+04,2.800000000000000000e+04,2.816000000000000000e+04,2.832000000000000000e+04,2.848000000000000000e+04,2.864000000000000000e+04,2.880000000000000000e+04,2.896000000000000000e+04,2.912000000000000000e+04,2.928000000000000000e+04,2.944000000000000000e+04,2.960000000000000000e+04,2.976000000000000000e+04,2.992000000000000000e+04,3.008000000000000000e+04,3.024000000000000000e+04,3.040000000000000000e+04,3.056000000000000000e+04,3.072000000000000000e+04,3.088000000000000000e+04,3.104000000000000000e+04,3.120000000000000000e+04,3.136000000000000000e+04,3.152000000000000000e+04,3.168000000000000000e+04,3.184000000000000000e+04,3.200000000000000000e+04,3.216000000000000000e+04,3.232000000000000000e+04,3.248000000000000000e+04,3.264000000000000000e+04,3.280000000000000000e+04,3.296000000000000000e+04,3.312000000000000000e+04,3.328000000000000000e+04,3.344000000000000000e+04,3.360000000000000000e+04,3.376000000000000000e+04,3.392000000000000000e+04,3.408000000000000000e+04,3.424000000000000000e+04,3.440000000000000000e+04,3.456000000000000000e+04,3.472000000000000000e+04,3.488000000000000000e+04,3.504000000000000000e+04,3.520000000000000000e+04,3.536000000000000000e+04,3.552000000000000000e+04,3.568000000000000000e+04,3.584000000000000000e+04,3.600000000000000000e+04,3.616000000000000000e+04,3.632000000000000000e+04,3.648000000000000000e+04,3.664000000000000000e+04,3.680000000000000000e+04,3.696000000000000000e+04,3.712000000000000000e+04,3.728000000000000000e+04,3.744000000000000000e+04,3.760000000000000000e+04,3.776000000000000000e+04,3.792000000000000000e+04,3.808000000000000000e+04,3.824000000000000000e+04,3.840000000000000000e+04,3.856000000000000000e+04,3.872000000000000000e+04,3.888000000000000000e+04,3.904000000000000000e+04,3.920000000000000000e+04,3.936000000000000000e+04,3.952000000000000000e+04,3.968000000000000000e+04,3.984000000000000000e+04,4.000000000000000000e+04,4.016000000000000000e+04,4.032000000000000000e+04,4.048000000000000000e+04,4.064000000000000000e+04,4.080000000000000000e+04,4.096000000000000000e+04,4.112000000000000000e+04,4.128000000000000000e+04,4.144000000000000000e+04,4.160000000000000000e+04,4.176000000000000000e+04,4.192000000000000000e+04,4.208000000000000000e+04,4.224000000000000000e+04,4.240000000000000000e+04,4.256000000000000000e+04,4.272000000000000000e+04,4.288000000000000000e+04,4.304000000000000000e+04,4.320000000000000000e+04,4.336000000000000000e+04,4.352000000000000000e+04,4.368000000000000000e+04,4.384000000000000000e+04,4.400000000000000000e+04,4.416000000000000000e+04,4.432000000000000000e+04,4.448000000000000000e+04,4.464000000000000000e+04,4.480000000000000000e+04,4.496000000000000000e+04,4.512000000000000000e+04,4.528000000000000000e+04,4.544000000000000000e+04,4.560000000000000000e+04,4.576000000000000000e+04,4.592000000000000000e+04,4.608000000000000000e+04,4.624000000000000000e+04,4.640000000000000000e+04,4.656000000000000000e+04,4.672000000000000000e+04,4.688000000000000000e+04,4.704000000000000000e+04,4.720000000000000000e+04,4.736000000000000000e+04,4.752000000000000000e+04,4.768000000000000000e+04,4.784000000000000000e+04
0.000000000000000000e+00,1.610000000000000000e+02,3.220000000000000000e+02,4.830000000000000000e+02,6.440000000000000000e+02,8.050000000000000000e+02,9.660000000000000000e+02,1.127000000000000000e+03,1.288000000000000000e+03,1.449000000000000000e+03,1.610000000000000000e+03,1.771000000000000000e+03,1.932000000000000000e+03,2.093000000000000000e+03,2.254000000000000000e+03,2.415000000000000000e+03,2.576000000000000000e+03,2.737000000000000000e+03,2.898000000000000000e+03,3.059000000000000000e+03,3.220000000000000000e+03,3.381000000000000000e+03,3.542000000000000000e+03,3.703000000000000000e+03,3.864000000000000000e+03,4.025000000000000000e+03,4.186000000000000000e+03,4.347000000000000000e+03,4.508000000000000000e+03,4.669000000000000000e+03,4.830000000000000000e+03,4.991000000000000000e+03,5.152000000000000000e+03,5.313000000000000000e+03,5.474000000000000000e+03,5.635000000000000000e+03,5.796000000000000000e+03,5.957000000000000000e+03,6.118000000000000000e+03,6.279000000000000000e+03,6.440000000000000000e+03,6.601000000000000000e+03,6.762000000000000000e+03,6.923000000000000000e+03,7.084000000000000000e+03,7.245000000000000000e+03,7.406000000000000000e+03,7.567000000000000000e+03,7.728000000000000000e+03,7.889000000000000000e+03,8.050000000000000000e+03,8.211000000000000000e+03,8.372000000000000000e+03,8.533000000000000000e+03,8.694000000000000000e+03,8.855000000000000000e+03,9.016000000000000000e+03,9.177000000000000000e+03,9.338000000000000000e+03,9.499000000000000000e+03,9.660000000000000000e+03,9.821000000000000000e+03,9.982000000000000000e+03,1.014300000000000000e+04,1.030400000000000000e+04,1.046500000000000000e+04,1.062600000000000000e+04,1.078700000000000000e+04,1.094800000000000000e+04,1.110900000000000000e+04,1.127000000000000000e+04,1.143100000000000000e+04,1.159200000000000000e+04,1.175300000000000000e+04,1.191400000000000000e+04,1.207500000000000000e+04,1.223600000000000000e+04,1.239700000000000000e+04,1.255800000000000000e+04,1.271900000000000000e+04,1.288000000000000000e+04,1.304100000000000000e+04,1.320200000000000000e+04,1.336300000000000000e+04,1.352400000000000000e+04,1.368500000000000000e+04,1.384600000000000000e+04,1.400700000000000000e+04,1.416800000000000000e+04,1.432900000000000000e+04,1.449000000000000000e+04,1.465100000000000000e+04,1.481200000000000000e+04,1.497300000000000000e+04,1.513400000000000000e+04,1.529500000000000000e+04,1.545600000000000000e+04,1.561700000000000000e+04,1.577800000000000000e+04,1.593900000000000000e+04,1.610000000000000000e+04,1.626100000000000000e+04,1.642200000000000000e+04,1.658300000000000000e+04,1.674400000000000000e+04,1.690500000000000000e+04,1.706600000000000000e+04,1.722700000000000000e+04,1.738800000000000000e+04,1.754900000000000000e+04,1.771000000000000000e+04,1.787100000000000000e+04,1.803200000000000000e+04,1.819300000000000000e+04,1.835400000000000000e+04,1.851500000000000000e+04,1.867600000000000000e+04,1.883700000000000000e+04,1.899800000000000000e+04,1.915900000000000000e+04,1.932000000000000000e+04,1.948100000000000000e+04,1.964200000000000000e+04,1.980300000000000000e+04,1.996400000000000000e+04,2.012500000000000000e+04,2.028600000000000000e+04,2.044700000000000000e+04,2.060800000000000000e+04,2.076900000000000000e+04,2.093000000000000000e+04,2.109100000000000000e+04,2.125200000000000000e+04,2.141300000000000000e+04,2.157400000000000000e+04,2.173500000000000000e+04,2.189600000000000000e+04,2.205700000000000000e+04,2.221800000000000000e+04,2.237900000000000000e+04,2.254000000000000000e+04,2.270100000000000000e+04,2.286200000000000000e+04,2.302300000000000000e+04,2.318400000000000000e+04,2.334500000000000000e+04,2.350600000000000000e+04,2.366700000000000000e+04,2.382800000000000000e+04,2.398900000000000000e+04,2.415000000000000000e+04,2.431100000000000000e+04,2.447200000000000000e+04,2.463300000000000000e+04,2.479400000000000000e+04,2.495500000000000000e+04,2.511600000000000000e+04,2.527700000000000000e+04,2.543800000000000000e+04,2.559900000000000000e+04,2.576000000000000000e+04,2.592100000000000000e+04,2.608200000000000000e+04,2.624300000000000000e+04,2.640400000000000000e+04,2.656500000000000000e+04,2.672600000000000000e+04,2.688700000000000000e+04,2.704800000000000000e+04,2.720900000000000000e+04,2.737000000000000000e+04,2.753100000000000000e+04,2.769200000000000000e+04,2.785300000000000000e+04,2.801400000000000000e+04,2.817500000000000000e+04,2.833600000000000000e+04,2.849700000000000000e+04,2.865800000000000000e+04,2.881900000000000000e+04,2.898000000000000000e+04,2.914100000000000000e+04,2.930200000000000000e+04,2.946300000000000000e+04,2.962400000000000000e+04,2.978500000000000000e+04,2.994600000000000000e+04,3.010700000000000000e+04,3.026800000000000000e+04,3.042900000000000000e+04,3.059000000000000000e+04,3.075100000000000000e+04,3.091200000000000000e+04,3.107300000000000000e+04,3.123400000000000000e+04,3.139500000000000000e+04,3.155600000000000000e+04,3.171700000000000000e+04,3.187800000000000000e+04,3.203900000000000000e+04,3.220000000000000000e+04,3.236100000000000000e+04,3.252200000000000000e+04,3.268300000000000000e+04,3.284400000000000000e+04,3.300500000000000000e+04,3.316600000000000000e+04,3.332700000000000000e+04,3.348800000000000000e+04,3.364900000000000000e+04,3.381000000000000000e+04,3.397100000000000000e+04,3.413200000000000000e+04,3.429300000000000000e+04,3.445400000000000000e+04,3.461500000000000000e+04,3.477600000000000000e+04,3.493700000000000000e+04,3.509800000000000000e+04,3.525900000000000000e+04,3.542000000000000000e+04,3.558100000000000000e+04,3.574200000000000000e+04,3.590300000000000000e+04,3.606400000000000000e+04,3.622500000000000000e+04,3.638600000000000000e+04,3.654700000000000000e+04,3.670800000000000000e+04,3.686900000000000000e+04,3.703000000000000000e+04,3.719100000000000000e+04,3.735200000000000000e+04,3.751300000000000000e+04,3.767400000000000000e+04,3.783500000000000000e+04,3.799600000000000000e+04,3.815700000000000000e+04,3.831800000000000000e+04,3.847900000000000000e+04,3.864000000000000000e+04,3.880100000000000000e+04,3.896200000000000000e+04,3.912300000000000000e+04,3.928400000000000000e+04,3.944500000000000000e+04,3.960600000000000000e+04,3.976700000000000000e+04,3.992800000000000000e+04,4.008900000000000000e+04,4.025000000000000000e+04,4.041100000000000000e+04,4.057200000000000000e+04,4.073300000000000000e+04,4.089400000000000000e+04,4.105500000000000000e+04,4.121600000000000000e+04,4.137700000000000000e+04,4.153800000000000000e+04,4.169900000000000000e+04,4.186000000000000000e+04,4.202100000000000000e+04,4.218200000000000000e+04,4.234300000000000000e+04,4.250400000000000000e+04,4.266500000000000000e+04,4.282600000000000000e+04,4.298700000000000000e+04,4.314800000000000000e+04,4.330900000000000000e+04,4.347000000000000000e+04,4.363100000000000000e+04,4.379200000000000000e+04,4.395300000000000000e+04,4.411400000000000000e+04,4.427500000000000000e+04,4.443600000000000000e+04,4.459700000000000000e+04,4.475800000000000000e+04,4.491900000000000000e+04,4.508000000000000000e+04,4.524100000000000000e+04,4.540200000000000000e+04,4.556300000000000000e+04,4.572400000000000000e+04,4.588500000000000000e+04,4.604600000000000000e+04,4.620700000000000000e+04,4.636800000000000000e+04,4.652900000000000000e+04,4.669000000000000000e+04,4.685100000000000000e+04,4.701200000000000000e+04,4.717300000000000000e+04,4.733400000000000000e+04,4.749500000000000000e+04,4.765600000000000000e+04,4.781700000000000000e+04,4.797800000000000000e+04,4.813900000000000000e+04
0.000000000000000000e+00,1.620000000000000000e+02,3.240000000000000000e+02,4.860000000000000000e+02,6.480000000000000000e+02,8.100000000000000000e+02,9.720000000000000000e+02,1.134000000000000000e+03,1.296000000000000000e+03,1.458000000000000000e+03,1.620000000000000000e+03,1.782000000000000000e+03,1.944000000000000000e+03,2.106000000000000000e+03,2.268000000000000000e+03,2.430000000000000000e+03,2.592000000000000000e+03,2.754000000000000000e+03,2.916000000000000000e+03,3.078000000000000000e+03,3.240000000000000000e+03,3.402000000000000000e+03,3.564000000000000000e+03,3.726000000000000000e+03,3.888000000000000000e+03,4.050000000000000000e+03,4.212000000000000000e+03,4.374000000000000000e+03,4.536000000000000000e+03,4.698000000000000000e+03,4.860000000000000000e+03,5.022000000000000000e+03,5.184000000000000000e+03,5.346000000000000000e+03,5.508000000000000000e+03,5.670000000000000000e+03,5.832000000000000000e+03,5.994000000000000000e+03,6.156000000000000000e+03,6.318000000000000000e+03,6.480000000000000000e+03,6.642000000000000000e+03,6.804000000000000000e+03,6.966000000000000000e+03,7.128000000000000000e+03,7.290000000000000000e+03,7.452000000000000000e+03,7.614000000000000000e+03,7.776000000000000000e+03,7.938000000000000000e+03,8.100000000000000000e+03,8.262000000000000000e+03,8.424000000000000000e+03,8.586000000000000000e+03,8.748000000000000000e+03,8.910000000000000000e+03,9.072000000000000000e+03,9.234000000000000000e+03,9.396000000000000000e+03,9.558000000000000000e+03,9.720000000000000000e+03,9.882000000000000000e+03,1.004400000000000000e+04,1.020600000000000000e+04,1.036800000000000000e+04,1.053000000000000000e+04,1.069200000000000000e+04,1.085400000000000000e+04,1.101600000000000000e+04,1.117800000000000000e+04,1.134000000000000000e+04,1.150200000000000000e+04,1.166400000000000000e+04,1.182600000000000000e+04,1.198800000000000000e+04,1.215000000000000000e+04,1.231200000000000000e+04,1.247400000000000000e+04,1.263600000000000000e+04,1.279800000000000000e+04,1.296000000000000000e+04,1.312200000000000000e+04,1.328400000000000000e+04,1.344600000000000000e+04,1.360800000000000000e+04,1.377000000000000000e+04,1.393200000000000000e+04,1.409400000000000000e+04,1.425600000000000000e+04,1.441800000000000000e+04,1.458000000000000000e+04,1.474200000000000000e+04,1.490400000000000000e+04,1.506600000000000000e+04,1.522800000000000000e+04,1.539000000000000000e+04,1.555200000000000000e+04,1.571400000000000000e+04,1.587600000000000000e+04,1.603800000000000000e+04,1.620000000000000000e+04,1.636200000000000000e+04,1.652400000000000000e+04,1.668600000000000000e+04,1.684800000000000000e+04,1.701000000000000000e+04,1.717200000000000000e+04,1.733400000000000000e+04,1.749600000000000000e+04,1.765800000000000000e+04,1.782000000000000000e+04,1.798200000000000000e+04,1.814400000000000000e+04,1.830600000000000000e+04,1.846800000000000000e+04,1.863000000000000000e+04,1.879200000000000000e+04,1.895400000000000000e+04,1.911600000000000000e+04,1.927800000000000000e+04,1.944000000000000000e+04,1.960200000000000000e+04,1.976400000000000000e+04,1.992600000000000000e+04,2.008800000000000000e+04,2.025000000000000000e+04,2.041200000000000000e+04,2.057400000000000000e+04,2.073600000000000000e+04,2.089800000000000000e+04,2.106000000000000000e+04,2.122200000000000000e+04,2.138400000000000000e+04,2.154600000000000000e+04,2.170800000000000000e+04,2.187000000000000000e+04,2.203200000000000000e+04,2.219400000000000000e+04,2.235600000000000000e+04,2.251800000000000000e+04,2.268000000000000000e+04,2.284200000000000000e+04,2.300400000000000000e+04,2.316600000000000000e+04,2.332800000000000000e+04,2.349000000000000000e+04,2.365200000000000000e+04,2.381400000000000000e+04,2.397600000000000000e+04,2.413800000000000000e+04,2.430000000000000000e+04,2.446200000000000000e+04,2.462400000000000000e+04,2.478600000000000000e+04,2.494800000000000000e+04,2.511000000000000000e+04,2.527200000000000000e+04,2.543400000000000000e+04,2.559600000000000000e+04,2.575800000000000000e+04,2.592000000000000000e+04,2.608200000000000000e+04,2.624400000000000000e+04,2.640600000000000000e+04,2.656800000000000000e+04,2.673000000000000000e+04,2.689200000000000000e+04,2.705400000000000000e+04,2.721600000000000000e+04,2.737800000000000000e+04,2.754000000000000000e+04,2.770200000000000000e+04,2.786400000000000000e+04,2.802600000000000000e+04,2.818800000000000000e+04,2.835000000000000000e+04,2.851200000000000000e+04,2.867400000000000000e+04,2.883600000000000000e+04,2.899800000000000000e+04,2.916000000000000000e+04,2.932200000000000000e+04,2.948400000000000000e+04,2.964600000000000000e+04,2.980800000000000000e+04,2.997000000000000000e+04,3.013200000000000000e+04,3.029400000000000000e+04,3.045600000000000000e+04,3.061800000000000000e+04,3.078000000000000000e+04,3.094200000000000000e+04,3.110400000000000000e+04,3.126600000000000000e+04,3.142800000000000000e+04,3.159000000000000000e+04,3.175200000000000000e+04,3.191400000000000000e+04,3.207600000000000000e+04,3.223800000000000000e+04,3.240000000000000000e+04,3.256200000000000000e+04,3.272400000000000000e+04,3.288600000000000000e+04,3.304800000000000000e+04,3.321000000000000000e+04,3.337200000000000000e+04,3.353400000000000000e+04,3.369600000000000000e+04,3.385800000000000000e+04,3.402000000000000000e+04,3.418200000000000000e+04,3.434400000000000000e+04,3.450600000000000000e+04,3.466800000000000000e+04,3.483000000000000000e+04,3.499200000000000000e+04,3.515400000000000000e+04,3.531600000000000000e+04,3.547800000000000000e+04,3.564000000000000000e+04,3.580200000000000000e+04,3.596400000000000000e+04,3.612600000000000000e+04,3.628800000000000000e+04,3.645000000000000000e+04,3.661200000000000000e+04,3.677400000000000000e+04,3.693600000000000000e+04,3.709800000000000000e+04,3.726000000000000000e+04,3.742200000000000000e+04,3.758400000000000000e+04,3.774600000000000000e+04,3.790800000000000000e+04,3.807000000000000000e+04,3.823200000000000000e+04,3.839400000000000000e+04,3.855600000000000000e+04,3.871800000000000000e+04,3.888000000000000000e+04,3.904200000000000000e+04,3.920400000000000000e+04,3.936600000000000000e+04,3.952800000000000000e+04,3.969000000000000000e+04,3.985200000000000000e+04,4.001400000000000000e+04,4.017600000000000000e+04,4.033800000000000000e+04,4.050000000000000000e+04,4.066200000000000000e+04,4.082400000000000000e+04,4.098600000000000000e+04,4.114800000000000000e+04,4.131000000000000000e+04,4.147200000000000000e+04,4.163400000000000000e+04,4.179600000000000000e+04,4.195800000000000000e+04,4.212000000000000000e+04,4.228200000000000000e+04,4.244400000000000000e+04,4.260600000000000000e+04,4.276800000000000000e+04,4.293000000000000000e+04,4.309200000000000000e+04,4.325400000000000000e+04,4.341600000000000000e+04,4.357800000000000000e+04,4.374000000000000000e+04,4.390200000000000000e+04,4.406400000000000000e+04,4.422600000000000000e+04,4.438800000000000000e+04,4.455000000000000000e+04,4.471200000000000000e+04,4.487400000000000000e+04,4.503600000000000000e+04,4.519800000000000000e+04,4.536000000000000000e+04,4.552200000000000000e+04,4.568400000000000000e+04,4.584600000000000000e+04,4.600800000000000000e+04,4.617000000000000000e+04,4.633200000000000000e+04,4.649400000000000000e+04,4.665600000000000000e+04,4.681800000000000000e+04,4.698000000000000000e+04,4.714200000000000000e+04,4.730400000000000000e+04,4.746600000000000000e+04,4.762800000000000000e+04,4.779000000000000000e+04,4.795200000000000000e+04,4.811400000000000000e+04,4.827600000000000000e+04,4.843800000000000000e+04
0.000000000000000000e+00,1.630000000000000000e+02,3.260000000000000000e+02,4.890000000000000000e+02,6.520000000000000000e+02,8.150000000000000000e+02,9.780000000000000000e+02,1.141000000000000000e+03,1.304000000000000000e+03,1.467000000000000000e+03,1.630000000000000000e+03,1.793000000000000000e+03,1.956000000000000000e+03,2.119000000000000000e+03,2.282000000000000000e+03,2.445000000000000000e+03,2.608000000000000000e+03,2.771000000000000000e+03,2.934000000000000000e+03,3.097000000000000000e+03,3.260000000000000000e+03,3.423000000000000000e+03,3.586000000000000000e+03,3.749000000000000000e+03,3.912000000000000000e+03,4.075000000000000000e+03,4.238000000000000000e+03,4.401000000000000000e+03,4.564000000000000000e+03,4.727000000000000000e+03,4.890000000000000000e+03,5.053000000000000000e+03,5.216000000000000000e+03,5.379000000000000000e+03,5.542000000000000000e+03,5.705000000000000000e+03,5.868000000000000000e+03,6.031000000000000000e+03,6.194000000000000000e+03,6.357000000000000000e+03,6.520000000000000000e+03,6.683000000000000000e+03,6.846000000000000000e+03,7.009000000000000000e+03,7.172000000000000000e+03,7.335000000000000000e+03,7.498000000000000000e+03,7.661000000000000000e+03,7.824000000000000000e+03,7.987000000000000000e+03,8.150000000000000000e+03,8.313000000000000000e+03,8.476000000000000000e+03,8.639000000000000000e+03,8.802000000000000000e+03,8.965000000000000000e+03,9.128000000000000000e+03,9.291000000000000000e+03,9.454000000000000000e+03,9.617000000000000000e+03,9.780000000000000000e+03,9.943000000000000000e+03,1.010600000000000000e+04,1.026900000000000000e+04,1.043200000000000000e+04,1.059500000000000000e+04,1.075800000000000000e+04,1.092100000000000000e+04,1.108400000000000000e+04,1.124700000000000000e+04,1.141000000000000000e+04,1.157300000000000000e+04,1.173600000000000000e+04,1.189900000000000000e+04,1.206200000000000000e+04,1.222500000000000000e+04,1.238800000000000000e+04,1.255100000000000000e+04,1.271400000000000000e+04,1.287700000000000000e+04,1.304000000000000000e+04,1.320300000000000000e+04,1.336600000000000000e+04,1.352900000000000000e+04,1.369200000000000000e+04,1.385500000000000000e+04,1.401800000000000000e+04,1.418100000000000000e+04,1.434400000000000000e+04,1.450700000000000000e+04,1.467000000000000000e+04,1.483300000000000000e+04,1.499600000000000000e+04,1.515900000000000000e+04,1.532200000000000000e+04,1.548500000000000000e+04,1.564800000000000000e+04,1.581100000000000000e+04,1.597400000000000000e+04,1.613700000000000000e+04,1.630000000000000000e+04,1.646300000000000000e+04,1.662600000000000000e+04,1.678900000000000000e+04,1.695200000000000000e+04,1.711500000000000000e+04,1.727800000000000000e+04,1.744100000000000000e+04,1.760400000000000000e+04,1.776700000000000000e+04,1.793000000000000000e+04,1.809300000000000000e+04,1.825600000000000000e+04,1.841900000000000000e+04,1.858200000000000000e+04,1.874500000000000000e+04,1.890800000000000000e+04,1.907100000000000000e+04,1.923400000000000000e+04,1.939700000000000000e+04,1.956000000000000000e+04,1.972300000000000000e+04,1.988600000000000000e+04,2.004900000000000000e+04,2.021200000000000000e+04,2.037500000000000000e+04,2.053800000000000000e+04,2.070100000000000000e+04,2.086400000000000000e+04,2.102700000000000000e+04,2.119000000000000000e+04,2.135300000000000000e+04,2.151600000000000000e+04,2.167900000000000000e+04,2.184200000000000000e+04,2.200500000000000000e+04,2.216800000000000000e+04,2.233100000000000000e+04,2.249400000000000000e+04,2.265700000000000000e+04,2.282000000000000000e+04,2.298300000000000000e+04,2.314600000000000000e+04,2.330900000000000000e+04,2.347200000000000000e+04,2.363500000000000000e+04,2.379800000000000000e+04,2.396100000000000000e+04,2.412400000000000000e+04,2.428700000000000000e+04,2.445000000000000000e+04,2.461300000000000000e+04,2.477600000000000000e+04,2.493900000000000000e+04,2.510200000000000000e+04,2.526500000000000000e+04,2.542800000000000000e+04,2.559100000000000000e+04,2.575400000000000000e+04,2.591700000000000000e+04,2.608000000000000000e+04,2.624300000000000000e+04,2.640600000000000000e+04,2.656900000000000000e+04,2.673200000000000000e+04,2.689500000000000000e+04,2.705800000000000000e+04,2.722100000000000000e+04,2.738400000000000000e+04,2.754700000000000000e+04,2.771000000000000000e+04,2.787300000000000000e+04,2.803600000000000000e+04,2.819900000000000000e+04,2.836200000000000000e+04,2.852500000000000000e+04,2.868800000000000000e+04,2.885100000000000000e+04,2.901400000000000000e+04,2.917700000000000000e+04,2.934000000000000000e+04,2.950300000000000000e+04,2.966600000000000000e+04,2.982900000000000000e+04,2.999200000000000000e+04,3.015500000000000000e+04,3.031800000000000000e+04,3.048100000000000000e+04,3.064400000000000000e+04,3.080700000000000000e+04,3.097000000000000000e+04,3.113300000000000000e+04,3.129600000000000000e+04,3.145900000000000000e+04,3.162200000000000000e+04,3.178500000000000000e+04,3.194800000000000000e+04,3.211100000000000000e+04,3.227400000000000000e+04,3.243700000000000000e+04,3.260000000000000000e+04,3.276300000000000000e+04,3.292600000000000000e+04,3.308900000000000000e+04,3.325200000000000000e+04,3.341500000000000000e+04,3.357800000000000000e+04,3.374100000000000000e+04,3.390400000000000000e+04,3.406700000000000000e+04,3.423000000000000000e+04,3.439300000000000000e+04,3.455600000000000000e+04,3.471900000000000000e+04,3.488200000000000000e+04,3.504500000000000000e+04,3.520800000000000000e+04,3.537100000000000000e+04,3.553400000000000000e+04,3.569700000000000000e+04,3.586000000000000000e+04,3.602300000000000000e+04,3.618600000000000000e+04,3.634900000000000000e+04,3.651200000000000000e+04,3.667500000000000000e+04,3.683800000000000000e+04,3.700100000000000000e+04,3.716400000000000000e+04,3.732700000000000000e+04,3.749000000000000000e+04,3.765300000000000000e+04,3.781600000000000000e+04,3.797900000000000000e+04,3.814200000000000000e+04,3.830500000000000000e+04,3.846800000000000000e+04,3.863100000000000000e+04,3.879400000000000000e+04,3.895700000000000000e+04,3.912000000000000000e+04,3.928300000000000000e+04,3.944600000000000000e+04,3.960900000000000000e+04,3.977200000000000000e+04,3.993500000000000000e+04,4.009800000000000000e+04,4.026100000000000000e+04,4.042400000000000000e+04,4.058700000000000000e+04,4.075000000000000000e+04,4.091300000000000000e+04,4.107600000000000000e+04,4.123900000000000000e+04,4.140200000000000000e+04,4.156500000000000000e+04,4.172800000000000000e+04,4.189100000000000000e+04,4.205400000000000000e+04,4.221700000000000000e+04,4.238000000000000000e+04,4.254300000000000000e+04,4.270600000000000000e+04,4.286900000000000000e+04,4.303200000000000000e+04,4.319500000000000000e+04,4.335800000000000000e+04,4.352100000000000000e+04,4.368400000000000000e+04,4.384700000000000000e+04,4.401000000000000000e+04,4.417300000000000000e+04,4.433600000000000000e+04,4.449900000000000000e+04,4.466200000000000000e+04,4.482500000000000000e+04,4.498800000000000000e+04,4.515100000000000000e+04,4.531400000000000000e+04,4.547700000000000000e+04,4.564000000000000000e+04,4.580300000000000000e+04,4.596600000000000000e+04,4.612900000000000000e+04,4.629200000000000000e+04,4.645500000000000000e+04,4.661800000000000000e+04,4.678100000000000000e+04,4.694400000000000000e+04,4.710700000000000000e+04,4.727000000000000000e+04,4.743300000000000000e+04,4.759600000000000000e+04,4.775900000000000000e+04,4.792200000000000000e+04,4.808500000000000000e+04,4.824800000000000000e+04,4.841100000000000000e+04,4.857400000000000000e+04,4.873700000000000000e+04
0.000000000000000000e+00,1.640000000000000000e+02,3.280000000000000000e+02,4.920000000000000000e+02,6.560000000000000000e+02,8.200000000000000000e+02,9.840000000000000000e+02,1.148000000000000000e+03,1.312000000000000000e+03,1.476000000000000000e+03,1.640000000000000000e+03,1.804000000000000000e+03,1.968000000000000000e+03,2.132000000000000000e+03,2.296000000000000000e+03,2.460000000000000000e+03,2.624000000000000000e+03,2.788000000000000000e+03,2.952000000000000000e+03,3.116000000000000000e+03,3.280000000000000000e+03,3.444000000000000000e+03,3.608000000000000000e+03,3.772000000000000000e+03,3.936000000000000000e+03,4.100000000000000000e+03,4.264000000000000000e+03,4.428000000000000000e+03,4.592000000000000000e+03,4.756000000000000000e+03,4.920000000000000000e+03,5.084000000000000000e+03,5.248000000000000000e+03,5.412000000000000000e+03,5.576000000000000000e+03,5.740000000000000000e+03,5.904000000000000000e+03,6.068000000000000000e+03,6.232000000000000000e+03,6.396000000000000000e+03,6.560000000000000000e+03,6.724000000000000000e+03,6.888000000000000000e+03,7.052000000000000000e+03,7.216000000000000000e+03,7.380000000000000000e+03,7.544000000000000000e+03,7.708000000000000000e+03,7.872000000000000000e+03,8.036000000000000000e+03,8.200000000000000000e+03,8.364000000000000000e+03,8.528000000000000000e+03,8.692000000000000000e+03,8.856000000000000000e+03,9.020000000000000000e+03,9.184000000000000000e+03,9.348000000000000000e+03,9.512000000000000000e+03,9.676000000000000000e+03,9.840000000000000000e+03,1.000400000000000000e+04,1.016800000000000000e+04,1.033200000000000000e+04,1.049600000000000000e+04,1.066000000000000000e+04,1.082400000000000000e+04,1.098800000000000000e+04,1.115200000000000000e+04,1.131600000000000000e+04,1.148000000000000000e+04,1.164400000000000000e+04,1.180800000000000000e+04,1.197200000000000000e+04,1.213600000000000000e+04,1.230000000000000000e+04,1.246400000000000000e+04,1.262800000000000000e+04,1.279200000000000000e+04,1.295600000000000000e+04,1.312000000000000000e+04,1.328400000000000000e+04,1.344800000000000000e+04,1.361200000000000000e+04,1.377600000000000000e+04,1.394000000000000000e+04,1.410400000000000000e+04,1.426800000000000000e+04,1.443200000000000000e+04,1.459600000000000000e+04,1.476000000000000000e+04,1.492400000000000000e+04,1.508800000000000000e+04,1.525200000000000000e+04,1.541600000000000000e+04,1.558000000000000000e+04,1.574400000000000000e+04,1.590800000000000000e+04,1.607200000000000000e+04,1.623600000000000000e+04,1.640000000000000000e+04,1.656400000000000000e+04,1.672800000000000000e+04,1.689200000000000000e+04,1.705600000000000000e+04,1.722000000000000000e+04,1.738400000000000000e+04,1.754800000000000000e+04,1.771200000000000000e+04,1.787600000000000000e+04,1.804000000000000000e+04,1.820400000000000000e+04,1.836800000000000000e+04,1.853200000000000000e+04,1.869600000000000000e+04,1.886000000000000000e+04,1.902400000000000000e+04,1.918800000000000000e+04,1.935200000000000000e+04,1.951600000000000000e+04,1.968000000000000000e+04,1.984400000000000000e+04,2.000800000000000000e+04,2.017200000000000000e+04,2.033600000000000000e+04,2.050000000000000000e+04,2.066400000000000000e+04,2.082800000000000000e+04,2.099200000000000000e+04,2.115600000000000000e+04,2.132000000000000000e+04,2.148400000000000000e+04,2.164800000000000000e+04,2.181200000000000000e+04,2.197600000000000000e+04,2.214000000000000000e+04,2.230400000000000000e+04,2.246800000000000000e+04,2.263200000000000000e+04,2.279600000000000000e+04,2.296000000000000000e+04,2.312400000000000000e+04,2.328800000000000000e+04,2.345200000000000000e+04,2.361600000000000000e+04,2.378000000000000000e+04,2.394400000000000000e+04,2.410800000000000000e+04,2.427200000000000000e+04,2.443600000000000000e+04,2.460000000000000000e+04,2.476400000000000000e+04,2.492800000000000000e+04,2.509200000000000000e+04,2.525600000000000000e+04,2.542000000000000000e+04,2.558400000000000000e+04,2.574800000000000000e+04,2.591200000000000000e+04,2.607600000000000000e+04,2.624000000000000000e+04,2.640400000000000000e+04,2.656800000000000000e+04,2.673200000000000000e+04,2.689600000000000000e+04,2.706000000000000000e+04,2.722400000000000000e+04,2.738800000000000000e+04,2.755200000000000000e+04,2.771600000000000000e+04,2.788000000000000000e+04,2.804400000000000000e+04,2.820800000000000000e+04,2.837200000000000000e+04,2.853600000000000000e+04,2.870000000000000000e+04,2.886400000000000000e+04,2.902800000000000000e+04,2.919200000000000000e+04,2.935600000000000000e+04,2.952000000000000000e+04,2.968400000000000000e+04,2.984800000000000000e+04,3.001200000000000000e+04,3.017600000000000000e+04,3.034000000000000000e+04,3.050400000000000000e+04,3.066800000000000000e+04,3.083200000000000000e+04,3.099600000000000000e+04,3.116000000000000000e+04,3.132400000000000000e+04,3.148800000000000000e+04,3.165200000000000000e+04,3.181600000000000000e+04,3.198000000000000000e+04,3.214400000000000000e+04,3.230800000000000000e+04,3.247200000000000000e+04,3.263600000000000000e+04,3.280000000000000000e+04,3.296400000000000000e+04,3.312800000000000000e+04,3.329200000000000000e+04,3.345600000000000000e+04,3.362000000000000000e+04,3.378400000000000000e+04,3.394800000000000000e+04,3.411200000000000000e+04,3.427600000000000000e+04,3.444000000000000000e+04,3.460400000000000000e+04,3.476800000000000000e+04,3.493200000000000000e+04,3.509600000000000000e+04,3.526000000000000000e+04,3.542400000000000000e+04,3.558800000000000000e+04,3.575200000000000000e+04,3.591600000000000000e+04,3.608000000000000000e+04,3.624400000000000000e+04,3.640800000000000000e+04,3.657200000000000000e+04,3.673600000000000000e+04,3.690000000000000000e+04,3.706400000000000000e+04,3.722800000000000000e+04,3.739200000000000000e+04,3.755600000000000000e+04,3.772000000000000000e+04,3.788400000000000000e+04,3.804800000000000000e+04,3.821200000000000000e+04,3.837600000000000000e+04,3.854000000000000000e+04,3.870400000000000000e+04,3.886800000000000000e+04,3.903200000000000000e+04,3.919600000000000000e+04,3.936000000000000000e+04,3.952400000000000000e+04,3.968800000000000000e+04,3.985200000000000000e+04,4.001600000000000000e+04,4.018000000000000000e+04,4.034400000000000000e+04,4.050800000000000000e+04,4.067200000000000000e+04,4.083600000000000000e+04,4.100000000000000000e+04,4.116400000000000000e+04,4.132800000000000000e+04,4.149200000000000000e+04,4.165600000000000000e+04,4.182000000000000000e+04,4.198400000000000000e+04,4.214800000000000000e+04,4.231200000000000000e+04,4.247600000000000000e+04,4.264000000000000000e+04,4.280400000000000000e+04,4.296800000000000000e+04,4.313200000000000000e+04,4.329600000000000000e+04,4.346000000000000000e+04,4.362400000000000000e+04,4.378800000000000000e+04,4.395200000000000000e+04,4.411600000000000000e+04,4.428000000000000000e+04,4.444400000000000000e+04,4.460800000000000000e+04,4.477200000000000000e+04,4.493600000000000000e+04,4.510000000000000000e+04,4.526400000000000000e+04,4.542800000000000000e+04,4.559200000000000000e+04,4.575600000000000000e+04,4.592000000000000000e+04,4.608400000000000000e+04,4.624800000000000000e+04,4.641200000000000000e+04,4.657600000000000000e+04,4.674000000000000000e+04,4.690400000000000000e+04,4.706800000000000000e+04,4.723200000000000000e+04,4.739600000000000000e+04,4.756000000000000000e+04,4.772400000000000000e+04,4.788800000000000000e+04,4.805200000000000000e+04,4.821600000000000000e+04,4.838000000000000000e+04,4.854400000000000000e+04,4.870800000000000000e+04,4.887200000000000000e+04,4.903600000000000000e+04
0.000000000000000000e+00,1.650000000000000000e+02,3.300000000000000000e+02,4.950000000000000000e+02,6.600000000000000000e+02,8.250000000000000000e+02,9.900000000000000000e+02,1.155000000000000000e+03,1.320000000000000000e+03,1.485000000000000000e+03,1.650000000000000000e+03,1.815000000000000000e+03,1.980000000000000000e+03,2.145000000000000000e+03,2.310000000000000000e+03,2.475000000000000000e+03,2.640000000000000000e+03,2.805000000000000000e+03,2.970000000000000000e+03,3.135000000000000000e+03,3.300000000000000000e+03,3.465000000000000000e+03,3.630000000000000000e+03,3.795000000000000000e+03,3.960000000000000000e+03,4.125000000000000000e+03,4.290000000000000000e+03,4.455000000000000000e+03,4.620000000000000000e+03,4.785000000000000000e+03,4.950000000000000000e+03,5.115000000000000000e+03,5.280000000000000000e+03,5.445000000000000000e+03,5.610000000000000000e+03,5.775000000000000000e+03,5.940000000000000000e+03,6.105000000000000000e+03,6.270000000000000000e+03,6.435000000000000000e+03,6.600000000000000000e+03,6.765000000000000000e+03,6.930000000000000000e+03,7.095000000000000000e+03,7.260000000000000000e+03,7.425000000000000000e+03,7.590000000000000000e+03,7.755000000000000000e+03,7.920000000000000000e+03,8.085000000000000000e+03,8.250000000000000000e+03,8.415000000000000000e+03,8.580000000000000000e+03,8.745000000000000000e+03,8.910000000000000000e+03,9.075000000000000000e+03,9.240000000000000000e+03,9.405000000000000000e+03,9.570000000000000000e+03,9.735000000000000000e+03,9.900000000000000000e+03,1.006500000000000000e+04,1.023000000000000000e+04,1.039500000000000000e+04,1.056000000000000000e+04,1.072500000000000000e+04,1.089000000000000000e+04,1.105500000000000000e+04,1.122000000000000000e+04,1.138500000000000000e+04,1.155000000000000000e+04,1.171500000000000000e+04,1.188000000000000000e+04,1.204500000000000000e+04,1.221000000000000000e+04,1.237500000000000000e+04,1.254000000000000000e+04,1.270500000000000000e+04,1.287000000000000000e+04,1.303500000000000000e+04,1.320000000000000000e+04,1.336500000000000000e+04,1.353000000000000000e+04,1.369500000000000000e+04,1.386000000000000000e+04,1.402500000000000000e+04,1.419000000000000000e+04,1.435500000000000000e+04,1.452000000000000000e+04,1.468500000000000000e+04,1.485000000000000000e+04,1.501500000000000000e+04,1.518000000000000000e+04,1.534500000000000000e+04,1.551000000000000000e+04,1.567500000000000000e+04,1.584000000000000000e+04,1.600500000000000000e+04,1.617000000000000000e+04,1.633500000000000000e+04,1.650000000000000000e+04,1.666500000000000000e+04,1.683000000000000000e+04,1.699500000000000000e+04,1.716000000000000000e+04,1.732500000000000000e+04,1.749000000000000000e+04,1.765500000000000000e+04,1.782000000000000000e+04,1.798500000000000000e+04,1.815000000000000000e+04,1.831500000000000000e+04,1.848000000000000000e+04,1.864500000000000000e+04,1.881000000000000000e+04,1.897500000000000000e+04,1.914000000000000000e+04,1.930500000000000000e+04,1.947000000000000000e+04,1.963500000000000000e+04,1.980000000000000000e+04,1.996500000000000000e+04,2.013000000000000000e+04,2.029500000000000000e+04,2.046000000000000000e+04,2.062500000000000000e+04,2.079000000000000000e+04,2.095500000000000000e+04,2.112000000000000000e+04,2.128500000000000000e+04,2.145000000000000000e+04,2.161500000000000000e+04,2.178000000000000000e+04,2.194500000000000000e+04,2.211000000000000000e+04,2.227500000000000000e+04,2.244000000000000000e+04,2.260500000000000000e+04,2.277000000000000000e+04,2.293500000000000000e+04,2.310000000000000000e+04,2.326500000000000000e+04,2.343000000000000000e+04,2.359500000000000000e+04,2.376000000000000000e+04,2.392500000000000000e+04,2.409000000000000000e+04,2.425500000000000000e+04,2.442000000000000000e+04,2.458500000000000000e+04,2.475000000000000000e+04,2.491500000000000000e+04,2.508000000000000000e+04,2.524500000000000000e+04,2.541000000000000000e+04,2.557500000000000000e+04,2.574000000000000000e+04,2.590500000000000000e+04,2.607000000000000000e+04,2.623500000000000000e+04,2.640000000000000000e+04,2.656500000000000000e+04,2.673000000000000000e+04,2.689500000000000000e+04,2.706000000000000000e+04,2.722500000000000000e+04,2.739000000000000000e+04,2.755500000000000000e+04,2.772000000000000000e+04,2.788500000000000000e+04,2.805000000000000000e+04,2.821500000000000000e+04,2.838000000000000000e+04,2.854500000000000000e+04,2.871000000000000000e+04,2.887500000000000000e+04,2.904000000000000000e+04,2.920500000000000000e+04,2.937000000000000000e+04,2.953500000000000000e+04,2.970000000000000000e+04,2.986500000000000000e+04,3.003000000000000000e+04,3.019500000000000000e+04,3.036000000000000000e+04,3.052500000000000000e+04,3.069000000000000000e+04,3.085500000000000000e+04,3.102000000000000000e+04,3.118500000000000000e+04,3.135000000000000000e+04,3.151500000000000000e+04,3.168000000000000000e+04,3.184500000000000000e+04,3.201000000000000000e+04,3.217500000000000000e+04,3.234000000000000000e+04,3.250500000000000000e+04,3.267000000000000000e+04,3.283500000000000000e+04,3.300000000000000000e+04,3.316500000000000000e+04,3.333000000000000000e+04,3.349500000000000000e+04,3.366000000000000000e+04,3.382500000000000000e+04,3.399000000000000000e+04,3.415500000000000000e+04,3.432000000000000000e+04,3.448500000000000000e+04,3.465000000000000000e+04,3.481500000000000000e+04,3.498000000000000000e+04,3.514500000000000000e+04,3.531000000000000000e+04,3.547500000000000000e+04,3.564000000000000000e+04,3.580500000000000000e+04,3.597000000000000000e+04,3.613500000000000000e+04,3.630000000000000000e+04,3.646500000000000000e+04,3.663000000000000000e+04,3.679500000000000000e+04,3.696000000000000000e+04,3.712500000000000000e+04,3.729000000000000000e+04,3.745500000000000000e+04,3.762000000000000000e+04,3.778500000000000000e+04,3.795000000000000000e+04,3.811500000000000000e+04,3.828000000000000000e+04,3.844500000000000000e+04,3.861000000000000000e+04,3.877500000000000000e+04,3.894000000000000000e+04,3.910500000000000000e+04,3.927000000000000000e+04,3.943500000000000000e+04,3.960000000000000000e+04,3.976500000000000000e+04,3.993000000000000000e+04,4.009500000000000000e+04,4.026000000000000000e+04,4.042500000000000000e+04,4.059000000000000000e+04,4.075500000000000000e+04,4.092000000000000000e+04,4.108500000000000000e+04,4.125000000000000000e+04,4.141500000000000000e+04,4.158000000000000000e+04,4.174500000000000000e+04,4.191000000000000000e+04,4.207500000000000000e+04,4.224000000000000000e+04,4.240500000000000000e+04,4.257000000000000000e+04,4.273500000000000000e+04,4.290000000000000000e+04,4.306500000000000000e+04,4.323000000000000000e+04,4.339500000000000000e+04,4.356000000000000000e+04,4.372500000000000000e+04,4.389000000000000000e+04,4.405500000000000000e+04,4.422000000000000000e+04,4.438500000000000000e+04,4.455000000000000000e+04,4.471500000000000000e+04,4.488000000000000000e+04,4.504500000000000000e+04,4.521000000000000000e+04,4.537500000000000000e+04,4.554000000000000000e+04,4.570500000000000000e+04,4.587000000000000000e+04,4.603500000000000000e+04,4.620000000000000000e+04,4.636500000000000000e+04,4.653000000000000000e+04,4.669500000000000000e+04,4.686000000000000000e+04,4.702500000000000000e+04,4.719000000000000000e+04,4.735500000000000000e+04,4.752000000000000000e+04,4.768500000000000000e+04,4.785000000000000000e+04,4.801500000000000000e+04,4.818000000000000000e+04,4.834500000000000000e+04,4.851000000000000000e+04,4.867500000000000000e+04,4.884000000000000000e+04,4.900500000000000000e+04,4.917000000000000000e+04,4.933500000000000000e+04
0.000000000000000000e+00,1.660000000000000000e+02,3.320000000000000000e+02,4.980000000000000000e+02,6.640000000000000000e+02,8.300000000000000000e+02,9.960000000000000000e+02,1.162000000000000000e+03,1.328000000000000000e+03,1.494000000000000000e+03,1.660000000000000000e+03,1.826000000000000000e+03,1.992000000000000000e+03,2.158000000000000000e+03,2.324000000000000000e+03,2.490000000000000000e+03,2.656000000000000000e+03,2.822000000000000000e+03,2.988000000000000000e+03,3.154000000000000000e+03,3.320000000000000000e+03,3.486000000000000000e+03,3.652000000000000000e+03,3.818000000000000000e+03,3.984000000000000000e+03,4.150000000000000000e+03,4.316000000000000000e+03,4.482000000000000000e+03,4.648000000000000000e+03,4.814000000000000000e+03,4.980000000000000000e+03,5.146000000000000000e+03,5.312000000000000000e+03,5.478000000000000000e+03,5.644000000000000000e+03,5.810000000000000000e+03,5.976000000000000000e+03,6.142000000000000000e+03,6.308000000000000000e+03,6.474000000000000000e+03,6.640000000000000000e+03,6.806000000000000000e+03,6.972000000000000000e+03,7.138000000000000000e+03,7.304000000000000000e+03,7.470000000000000000e+03,7.636000000000000000e+03,7.802000000000000000e+03,7.968000000000000000e+03,8.134000000000000000e+03,8.300000000000000000e+03,8.466000000000000000e+03,8.632000000000000000e+03,8.798000000000000000e+03,8.964000000000000000e+03,9.130000000000000000e+03,9.296000000000000000e+03,9.462000000000000000e+03,9.628000000000000000e+03,9.794000000000000000e+03,9.960000000000000000e+03,1.012600000000000000e+04,1.029200000000000000e+04,1.045800000000000000e+04,1.062400000000000000e+04,1.079000000000000000e+04,1.095600000000000000e+04,1.112200000000000000e+04,1.128800000000000000e+04,1.145400000000000000e+04,1.162000000000000000e+04,1.178600000000000000e+04,1.195200000000000000e+04,1.211800000000000000e+04,1.228400000000000000e+04,1.245000000000000000e+04,1.261600000000000000e+04,1.278200000000000000e+04,1.294800000000000000e+04,1.311400000000000000e+04,1.328000000000000000e+04,1.344600000000000000e+04,1.361200000000000000e+04,1.377800000000000000e+04,1.394400000000000000e+04,1.411000000000000000e+04,1.427600000000000000e+04,1.444200000000000000e+04,1.460800000000000000e+04,1.477400000000000000e+04,1.494000000000000000e+04,1.510600000000000000e+04,1.527200000000000000e+04,1.543800000000000000e+04,1.560400000000000000e+04,1.577000000000000000e+04,1.593600000000000000e+04,1.610200000000000000e+04,1.626800000000000000e+04,1.643400000000000000e+04,1.660000000000000000e+04,1.676600000000000000e+04,1.693200000000000000e+04,1.709800000000000000e+04,1.726400000000000000e+04,1.743000000000000000e+04,1.759600000000000000e+04,1.776200000000000000e+04,1.792800000000000000e+04,1.809400000000000000e+04,1.826000000000000000e+04,1.842600000000000000e+04,1.859200000000000000e+04,1.875800000000000000e+04,1.892400000000000000e+04,1.909000000000000000e+04,1.925600000000000000e+04,1.942200000000000000e+04,1.958800000000000000e+04,1.975400000000000000e+04,1.992000000000000000e+04,2.008600000000000000e+04,2.025200000000000000e+04,2.041800000000000000e+04,2.058400000000000000e+04,2.075000000000000000e+04,2.091600000000000000e+04,2.108200000000000000e+04,2.124800000000000000e+04,2.141400000000000000e+04,2.158000000000000000e+04,2.174600000000000000e+04,2.191200000000000000e+04,2.207800000000000000e+04,2.224400000000000000e+04,2.241000000000000000e+04,2.257600000000000000e+04,2.274200000000000000e+04,2.290800000000000000e+04,2.307400000000000000e+04,2.324000000000000000e+04,2.340600000000000000e+04,2.357200000000000000e+04,2.373800000000000000e+04,2.390400000000000000e+04,2.407000000000000000e+04,2.423600000000000000e+04,2.440200000000000000e+04,2.456800000000000000e+04,2.473400000000000000e+04,2.490000000000000000e+04,2.506600000000000000e+04,2.523200000000000000e+04,2.539800000000000000e+04,2.556400000000000000e+04,2.573000000000000000e+04,2.589600000000000000e+04,2.606200000000000000e+04,2.622800000000000000e+04,2.639400000000000000e+04,2.656000000000000000e+04,2.672600000000000000e+04,2.689200000000000000e+04,2.705800000000000000e+04,2.722400000000000000e+04,2.739000000000000000e+04,2.755600000000000000e+04,2.772200000000000000e+04,2.788800000000000000e+04,2.805400000000000000e+04,2.822000000000000000e+04,2.838600000000000000e+04,2.855200000000000000e+04,2.871800000000000000e+04,2.888400000000000000e+04,2.905000000000000000e+04,2.921600000000000000e+04,2.938200000000000000e+04,2.954800000000000000e+04,2.971400000000000000e+04,2.988000000000000000e+04,3.004600000000000000e+04,3.021200000000000000e+04,3.037800000000000000e+04,3.054400000000000000e+04,3.071000000000000000e+04,3.087600000000000000e+04,3.104200000000000000e+04,3.120800000000000000e+04,3.137400000000000000e+04,3.154000000000000000e+04,3.170600000000000000e+04,3.187200000000000000e+04,3.203800000000000000e+04,3.220400000000000000e+04,3.237000000000000000e+04,3.253600000000000000e+04,3.270200000000000000e+04,3.286800000000000000e+04,3.303400000000000000e+04,3.320000000000000000e+04,3.336600000000000000e+04,3.353200000000000000e+04,3.369800000000000000e+04,3.386400000000000000e+04,3.403000000000000000e+04,3.419600000000000000e+04,3.436200000000000000e+04,3.452800000000000000e+04,3.469400000000000000e+04,3.486000000000000000e+04,3.502600000000000000e+04,3.519200000000000000e+04,3.535800000000000000e+04,3.552400000000000000e+04,3.569000000000000000e+04,3.585600000000000000e+04,3.602200000000000000e+04,3.618800000000000000e+04,3.635400000000000000e+04,3.652000000000000000e+04,3.668600000000000000e+04,3.685200000000000000e+04,3.701800000000000000e+04,3.718400000000000000e+04,3.735000000000000000e+04,3.751600000000000000e+04,3.768200000000000000e+04,3.784800000000000000e+04,3.801400000000000000e+04,3.818000000000000000e+04,3.834600000000000000e+04,3.851200000000000000e+04,3.867800000000000000e+04,3.884400000000000000e+04,3.901000000000000000e+04,3.917600000000000000e+04,3.934200000000000000e+04,3.950800000000000000e+04,3.967400000000000000e+04,3.984000000000000000e+04,4.000600000000000000e+04,4.017200000000000000e+04,4.033800000000000000e+04,4.050400000000000000e+04,4.067000000000000000e+04,4.083600000000000000e+04,4.100200000000000000e+04,4.116800000000000000e+04,4.133400000000000000e+04,4.150000000000000000e+04,4.166600000000000000e+04,4.183200000000000000e+04,4.199800000000000000e+04,4.216400000000000000e+04,4.233000000000000000e+04,4.249600000000000000e+04,4.266200000000000000e+04,4.282800000000000000e+04,4.299400000000000000e+04,4.316000000000000000e+04,4.332600000000000000e+04,4.349200000000000000e+04,4.365800000000000000e+04,4.382400000000000000e+04,4.399000000000000000e+04,4.415600000000000000e+04,4.432200000000000000e+04,4.448800000000000000e+04,4.465400000000000000e+04,4.482000000000000000e+04,4.498600000000000000e+04,4.515200000000000000e+04,4.531800000000000000e+04,4.548400000000000000e+04,4.565000000000000000e+04,4.581600000000000000e+04,4.598200000000000000e+04,4.614800000000000000e+04,4.631400000000000000e+04,4.648000000000000000e+04,4.664600000000000000e+04,4.681200000000000000e+04,4.697800000000000000e+04,4.714400000000000000e+04,4.731000000000000000e+04,4.747600000000000000e+04,4.764200000000000000e+04,4.780800000000000000e+04,4.797400000000000000e+04,4.814000000000000000e+04,4.830600000000000000e+04,4.847200000000000000e+04,4.863800000000000000e+04,4.880400000000000000e+04,4.897000000000000000e+04,4.913600000000000000e+04,4.930200000000000000e+04,4.946800000000000000e+04,4.963400000000000000e+04
0.000000000000000000e+00,1.670000000000000000e+02,3.340000000000000000e+02,5.010000000000000000e+02,6.680000000000000000e+02,8.350000000000000000e+02,1.002000000000000000e+03,1.169000000000000000e+03,1.336000000000000000e+03,1.503000000000000000e+03,1.670000000000000000e+03,1.837000000000000000e+03,2.004000000000000000e+03,2.171000000000000000e+03,2.338000000000000000e+03,2.505000000000000000e+03,2.672000000000000000e+03,2.839000000000000000e+03,3.006000000000000000e+03,3.173000000000000000e+03,3.340000000000000000e+03,3.507000000000000000e+03,3.674000000000000000e+03,3.841000000000000000e+03,4.008000000000000000e+03,4.175000000000000000e+03,4.342000000000000000e+03,4.509000000000000000e+03,4.676000000000000000e+03,4.843000000000000000e+03,5.010000000000000000e+03,5.177000000000000000e+03,5.344000000000000000e+03,5.511000000000000000e+03,5.678000000000000000e+03,5.845000000000000000e+03,6.012000000000000000e+03,6.179000000000000000e+03,6.346000000000000000e+03,6.513000000000000000e+03,6.680000000000000000e+03,6.847000000000000000e+03,7.014000000000000000e+03,7.181000000000000000e+03,7.348000000000000000e+03,7.515000000000000000e+03,7.682000000000000000e+03,7.849000000000000000e+03,8.016000000000000000e+03,8.183000000000000000e+03,8.350000000000000000e+03,8.517000000000000000e+03,8.684000000000000000e+03,8.851000000000000000e+03,9.018000000000000000e+03,9.185000000000000000e+03,9.352000000000000000e+03,9.519000000000000000e+03,9.686000000000000000e+03,9.853000000000000000e+03,1.002000000000000000e+04,1.018700000000000000e+04,1.035400000000000000e+04,1.052100000000000000e+04,1.068800000000000000e+04,1.085500000000000000e+04,1.102200000000000000e+04,1.118900000000000000e+04,1.135600000000000000e+04,1.152300000000000000e+04,1.169000000000000000e+04,1.185700000000000000e+04,1.202400000000000000e+04,1.219100000000000000e+04,1.235800000000000000e+04,1.252500000000000000e+04,1.269200000000000000e+04,1.285900000000000000e+04,1.302600000000000000e+04,1.319300000000000000e+04,1.336000000000000000e+04,1.352700000000000000e+04,1.369400000000000000e+04,1.386100000000000000e+04,1.402800000000000000e+04,1.419500000000000000e+04,1.436200000000000000e+04,1.452900000000000000e+04,1.469600000000000000e+04,1.486300000000000000e+04,1.503000000000000000e+04,1.519700000000000000e+04,1.536400000000000000e+04,1.553100000000000000e+04,1.569800000000000000e+04,1.586500000000000000e+04,1.603200000000000000e+04,1.619900000000000000e+04,1.636600000000000000e+04,1.653300000000000000e+04,1.670000000000000000e+04,1.686700000000000000e+04,1.703400000000000000e+04,1.720100000000000000e+04,1.736800000000000000e+04,1.753500000000000000e+04,1.770200000000000000e+04,1.786900000000000000e+04,1.803600000000000000e+04,1.820300000000000000e+04,1.837000000000000000e+04,1.853700000000000000e+04,1.870400000000000000e+04,1.887100000000000000e+04,1.903800000000000000e+04,1.920500000000000000e+04,1.937200000000000000e+04,1.953900000000000000e+04,1.970600000000000000e+04,1.987300000000000000e+04,2.004000000000000000e+04,2.020700000000000000e+04,2.037400000000000000e+04,2.054100000000000000e+04,2.070800000000000000e+04,2.087500000000000000e+04,2.104200000000000000e+04,2.120900000000000000e+04,2.137600000000000000e+04,2.154300000000000000e+04,2.171000000000000000e+04,2.187700000000000000e+04,2.204400000000000000e+04,2.221100000000000000e+04,2.237800000000000000e+04,2.254500000000000000e+04,2.271200000000000000e+04,2.287900000000000000e+04,2.304600000000000000e+04,2.321300000000000000e+04,2.338000000000000000e+04,2.354700000000000000e+04,2.371400000000000000e+04,2.388100000000000000e+04,2.404800000000000000e+04,2.421500000000000000e+04,2.438200000000000000e+04,2.454900000000000000e+04,2.471600000000000000e+04,2.488300000000000000e+04,2.505000000000000000e+04,2.521700000000000000e+04,2.538400000000000000e+04,2.555100000000000000e+04,2.571800000000000000e+04,2.588500000000000000e+04,2.605200000000000000e+04,2.621900000000000000e+04,2.638600000000000000e+04,2.655300000000000000e+04,2.672000000000000000e+04,2.688700000000000000e+04,2.705400000000000000e+04,2.722100000000000000e+04,2.738800000000000000e+04,2.755500000000000000e+04,2.772200000000000000e+04,2.788900000000000000e+04,2.805600000000000000e+04,2.822300000000000000e+04,2.839000000000000000e+04,2.855700000000000000e+04,2.872400000000000000e+04,2.889100000000000000e+04,2.905800000000000000e+04,2.922500000000000000e+04,2.939200000000000000e+04,2.955900000000000000e+04,2.972600000000000000e+04,2.989300000000000000e+04,3.006000000000000000e+04,3.022700000000000000e+04,3.039400000000000000e+04,3.056100000000000000e+04,3.072800000000000000e+04,3.089500000000000000e+04,3.106200000000000000e+04,3.122900000000000000e+04,3.139600000000000000e+04,3.156300000000000000e+04,3.173000000000000000e+04,3.189700000000000000e+04,3.206400000000000000e+04,3.223100000000000000e+04,3.239800000000000000e+04,3.256500000000000000e+04,3.273200000000000000e+04,3.289900000000000000e+04,3.306600000000000000e+04,3.323300000000000000e+04,3.340000000000000000e+04,3.356700000000000000e+04,3.373400000000000000e+04,3.390100000000000000e+04,3.406800000000000000e+04,3.423500000000000000e+04,3.440200000000000000e+04,3.456900000000000000e+04,3.473600000000000000e+04,3.490300000000000000e+04,3.507000000000000000e+04,3.523700000000000000e+04,3.540400000000000000e+04,3.557100000000000000e+04,3.573800000000000000e+04,3.590500000000000000e+04,3.607200000000000000e+04,3.623900000000000000e+04,3.640600000000000000e+04,3.657300000000000000e+04,3.674000000000000000e+04,3.690700000000000000e+04,3.707400000000000000e+04,3.724100000000000000e+04,3.740800000000000000e+04,3.757500000000000000e+04,3.774200000000000000e+04,3.790900000000000000e+04,3.807600000000000000e+04,3.824300000000000000e+04,3.841000000000000000e+04,3.857700000000000000e+04,3.874400000000000000e+04,3.891100000000000000e+04,3.907800000000000000e+04,3.924500000000000000e+04,3.941200000000000000e+04,3.957900000000000000e+04,3.974600000000000000e+04,3.991300000000000000e+04,4.008000000000000000e+04,4.024700000000000000e+04,4.041400000000000000e+04,4.058100000000000000e+04,4.074800000000000000e+04,4.091500000000000000e+04,4.108200000000000000e+04,4.124900000000000000e+04,4.141600000000000000e+04,4.158300000000000000e+04,4.175000000000000000e+04,4.191700000000000000e+04,4.208400000000000000e+04,4.225100000000000000e+04,4.241800000000000000e+04,4.258500000000000000e+04,4.275200000000000000e+04,4.291900000000000000e+04,4.308600000000000000e+04,4.325300000000000000e+04,4.342000000000000000e+04,4.358700000000000000e+04,4.375400000000000000e+04,4.392100000000000000e+04,4.408800000000000000e+04,4.425500000000000000e+04,4.442200000000000000e+04,4.458900000000000000e+04,4.475600000000000000e+04,4.492300000000000000e+04,4.509000000000000000e+04,4.525700000000000000e+04,4.542400000000000000e+04,4.559100000000000000e+04,4.575800000000000000e+04,4.592500000000000000e+04,4.609200000000000000e+04,4.625900000000000000e+04,4.642600000000000000e+04,4.659300000000000000e+04,4.676000000000000000e+04,4.692700000000000000e+04,4.709400000000000000e+04,4.726100000000000000e+04,4.742800000000000000e+04,4.759500000000000000e+04,4.776200000000000000e+04,4.792900000000000000e+04,4.809600000000000000e+04,4.826300000000000000e+04,4.843000000000000000e+04,4.859700000000000000e+04,4.876400000000000000e+04,4.893100000000000000e+04,4.909800000000000000e+04,4.926500000000000000e+04,4.943200000000000000e+04,4.959900000000000000e+04,4.976600000000000000e+04,4.993300000000000000e+04
0.000000000000000000e+00,1.680000000000000000e+02,3.360000000000000000e+02,5.040000000000000000e+02,6.720000000000000000e+02,8.400000000000000000e+02,1.008000000000000000e+03,1.176000000000000000e+03,1.344000000000000000e+03,1.512000000000000000e+03,1.680000000000000000e+03,1.848000000000000000e+03,2.016000000000000000e+03,2.184000000000000000e+03,2.352000000000000000e+03,2.520000000000000000e+03,2.688000000000000000e+03,2.856000000000000000e+03,3.024000000000000000e+03,3.192000000000000000e+03,3.360000000000000000e+03,3.528000000000000000e+03,3.696000000000000000e+03,3.864000000000000000e+03,4.032000000000000000e+03,4.200000000000000000e+03,4.368000000000000000e+03,4.536000000000000000e+03,4.704000000000000000e+03,4.872000000000000000e+03,5.040000000000000000e+03,5.208000000000000000e+03,5.376000000000000000e+03,5.544000000000000000e+03,5.712000000000000000e+03,5.880000000000000000e+03,6.048000000000000000e+03,6.216000000000000000e+03,6.384000000000000000e+03,6.552000000000000000e+03,6.720000000000000000e+03,6.888000000000000000e+03,7.056000000000000000e+03,7.224000000000000000e+03,7.392000000000000000e+03,7.560000000000000000e+03,7.728000000000000000e+03,7.896000000000000000e+03,8.064000000000000000e+03,8.232000000000000000e+03,8.400000000000000000e+03,8.568000000000000000e+03,8.736000000000000000e+03,8.904000000000000000e+03,9.072000000000000000e+03,9.240000000000000000e+03,9.408000000000000000e+03,9.576000000000000000e+03,9.744000000000000000e+03,9.912000000000000000e+03,1.008000000000000000e+04,1.024800000000000000e+04,1.041600000000000000e+04,1.058400000000000000e+04,1.075200000000000000e+04,1.092000000000000000e+04,1.108800000000000000e+04,1.125600000000000000e+04,1.142400000000000000e+04,1.159200000000000000e+04,1.176000000000000000e+04,1.192800000000000000e+04,1.209600000000000000e+04,1.226400000000000000e+04,1.243200000000000000e+04,1.260000000000000000e+04,1.276800000000000000e+04,1.293600000000000000e+04,1.310400000000000000e+04,1.327200000000000000e+04,1.344000000000000000e+04,1.360800000000000000e+04,1.377600000000000000e+04,1.394400000000000000e+04,1.411200000000000000e+04,1.428000000000000000e+04,1.444800000000000000e+04,1.461600000000000000e+04,1.478400000000000000e+04,1.495200000000000000e+04,1.512000000000000000e+04,1.528800000000000000e+04,1.545600000000000000e+04,1.562400000000000000e+04,1.579200000000000000e+04,1.596000000000000000e+04,1.612800000000000000e+04,1.629600000000000000e+04,1.646400000000000000e+04,1.663200000000000000e+04,1.680000000000000000e+04,1.696800000000000000e+04,1.713600000000000000e+04,1.730400000000000000e+04,1.747200000000000000e+04,1.764000000000000000e+04,1.780800000000000000e+04,1.797600000000000000e+04,1.814400000000000000e+04,1.831200000000000000e+04,1.848000000000000000e+04,1.864800000000000000e+04,1.881600000000000000e+04,1.898400000000000000e+04,1.915200000000000000e+04,1.932000000000000000e+04,1.948800000000000000e+04,1.965600000000000000e+04,1.982400000000000000e+04,1.999200000000000000e+04,2.016000000000000000e+04,2.032800000000000000e+04,2.049600000000000000e+04,2.066400000000000000e+04,2.083200000000000000e+04,2.100000000000000000e+04,2.116800000000000000e+04,2.133600000000000000e+04,2.150400000000000000e+04,2.167200000000000000e+04,2.184000000000000000e+04,2.200800000000000000e+04,2.217600000000000000e+04,2.234400000000000000e+04,2.251200000000000000e+04,2.268000000000000000e+04,2.284800000000000000e+04,2.301600000000000000e+04,2.318400000000000000e+04,2.335200000000000000e+04,2.352000000000000000e+04,2.368800000000000000e+04,2.385600000000000000e+04,2.402400000000000000e+04,2.419200000000000000e+04,2.436000000000000000e+04,2.452800000000000000e+04,2.469600000000000000e+04,2.486400000000000000e+04,2.503200000000000000e+04,2.520000000000000000e+04,2.536800000000000000e+04,2.553600000000000000e+04,2.570400000000000000e+04,2.587200000000000000e+04,2.604000000000000000e+04,2.620800000000000000e+04,2.637600000000000000e+04,2.654400000000000000e+04,2.671200000000000000e+04,2.688000000000000000e+04,2.704800000000000000e+04,2.721600000000000000e+04,2.738400000000000000e+04,2.755200000000000000e+04,2.772000000000000000e+04,2.788800000000000000e+04,2.805600000000000000e+04,2.822400000000000000e+04,2.839200000000000000e+04,2.856000000000000000e+04,2.872800000000000000e+04,2.889600000000000000e+04,2.906400000000000000e+04,2.923200000000000000e+04,2.940000000000000000e+04,2.956800000000000000e+04,2.973600000000000000e+04,2.990400000000000000e+04,3.007200000000000000e+04,3.024000000000000000e+04,3.040800000000000000e+04,3.057600000000000000e+04,3.074400000000000000e+04,3.091200000000000000e+04,3.108000000000000000e+04,3.124800000000000000e+04,3.141600000000000000e+04,3.158400000000000000e+04,3.175200000000000000e+04,3.192000000000000000e+04,3.208800000000000000e+04,3.225600000000000000e+04,3.242400000000000000e+04,3.259200000000000000e+04,3.276000000000000000e+04,3.292800000000000000e+04,3.309600000000000000e+04,3.326400000000000000e+04,3.343200000000000000e+04,3.360000000000000000e+04,3.376800000000000000e+04,3.393600000000000000e+04,3.410400000000000000e+04,3.427200000000000000e+04,3.444000000000000000e+04,3.460800000000000000e+04,3.477600000000000000e+04,3.494400000000000000e+04,3.511200000000000000e+04,3.528000000000000000e+04,3.544800000000000000e+04,3.561600000000000000e+04,3.578400000000000000e+04,3.595200000000000000e+04,3.612000000000000000e+04,3.628800000000000000e+04,3.645600000000000000e+04,3.662400000000000000e+04,3.679200000000000000e+04,3.696000000000000000e+04,3.712800000000000000e+04,3.729600000000000000e+04,3.746400000000000000e+04,3.763200000000000000e+04,3.780000000000000000e+04,3.796800000000000000e+04,3.813600000000000000e+04,3.830400000000000000e+04,3.847200000000000000e+04,3.864000000000000000e+04,3.880800000000000000e+04,3.897600000000000000e+04,3.914400000000000000e+04,3.931200000000000000e+04,3.948000000000000000e+04,3.964800000000000000e+04,3.981600000000000000e+04,3.998400000000000000e+04,4.015200000000000000e+04,4.032000000000000000e+04,4.048800000000000000e+04,4.065600000000000000e+04,4.082400000000000000e+04,4.099200000000000000e+04,4.116000000000000000e+04,4.132800000000000000e+04,4.149600000000000000e+04,4.166400000000000000e+04,4.183200000000000000e+04,4.200000000000000000e+04,4.216800000000000000e+04,4.233600000000000000e+04,4.250400000000000000e+04,4.267200000000000000e+04,4.284000000000000000e+04,4.300800000000000000e+04,4.317600000000000000e+04,4.334400000000000000e+04,4.351200000000000000e+04,4.368000000000000000e+04,4.384800000000000000e+04,4.401600000000000000e+04,4.418400000000000000e+04,4.435200000000000000e+04,4.452000000000000000e+04,4.468800000000000000e+04,4.485600000000000000e+04,4.502400000000000000e+04,4.519200000000000000e+04,4.536000000000000000e+04,4.552800000000000000e+04,4.569600000000000000e+04,4.586400000000000000e+04,4.603200000000000000e+04,4.620000000000000000e+04,4.636800000000000000e+04,4.653600000000000000e+04,4.670400000000000000e+04,4.687200000000000000e+04,4.704000000000000000e+04,4.720800000000000000e+04,4.737600000000000000e+04,4.754400000000000000e+04,4.771200000000000000e+04,4.788000000000000000e+04,4.804800000000000000e+04,4.821600000000000000e+04,4.838400000000000000e+04,4.855200000000000000e+04,4.872000000000000000e+04,4.888800000000000000e+04,4.905600000000000000e+04,4.922400000000000000e+04,4.939200000000000000e+04,4.956000000000000000e+04,4.972800000000000000e+04,4.989600000000000000e+04,5.006400000000000000e+04,5.023200000000000000e+04
0.000000000000000000e+00,1.690000000000000000e+02,3.380000000000000000e+02,5.070000000000000000e+02,6.760000000000000000e+02,8.450000000000000000e+02,1.014000000000000000e+03,1.183000000000000000e+03,1.352000000000000000e+03,1.521000000000000000e+03,1.690000000000000000e+03,1.859000000000000000e+03,2.028000000000000000e+03,2.197000000000000000e+03,2.366000000000000000e+03,2.535000000000000000e+03,2.704000000000000000e+03,2.873000000000000000e+03,3.042000000000000000e+03,3.211000000000000000e+03,3.380000000000000000e+03,3.549000000000000000e+03,3.718000000000000000e+03,3.887000000000000000e+03,4.056000000000000000e+03,4.225000000000000000e+03,4.394000000000000000e+03,4.563000000000000000e+03,4.732000000000000000e+03,4.901000000000000000e+03,5.070000000000000000e+03,5.239000000000000000e+03,5.408000000000000000e+03,5.577000000000000000e+03,5.746000000000000000e+03,5.915000000000000000e+03,6.084000000000000000e+03,6.253000000000000000e+03,6.422000000000000000e+03,6.591000000000000000e+03,6.760000000000000000e+03,6.929000000000000000e+03,7.098000000000000000e+03,7.267000000000000000e+03,7.436000000000000000e+03,7.605000000000000000e+03,7.774000000000000000e+03,7.943000000000000000e+03,8.112000000000000000e+03,8.281000000000000000e+03,8.450000000000000000e+03,8.619000000000000000e+03,8.788000000000000000e+03,8.957000000000000000e+03,9.126000000000000000e+03,9.295000000000000000e+03,9.464000000000000000e+03,9.633000000000000000e+03,9.802000000000000000e+03,9.971000000000000000e+03,1.014000000000000000e+04,1.030900000000000000e+04,1.047800000000000000e+04,1.064700000000000000e+04,1.081600000000000000e+04,1.098500000000000000e+04,1.115400000000000000e+04,1.132300000000000000e+04,1.149200000000000000e+04,1.166100000000000000e+04,1.183000000000000000e+04,1.199900000000000000e+04,1.216800000000000000e+04,1.233700000000000000e+04,1.250600000000000000e+04,1.267500000000000000e+04,1.284400000000000000e+04,1.301300000000000000e+04,1.318200000000000000e+04,1.335100000000000000e+04,1.352000000000000000e+04,1.368900000000000000e+04,1.385800000000000000e+04,1.402700000000000000e+04,1.419600000000000000e+04,1.436500000000000000e+04,1.453400000000000000e+04,1.470300000000000000e+04,1.487200000000000000e+04,1.504100000000000000e+04,1.521000000000000000e+04,1.537900000000000000e+04,1.554800000000000000e+04,1.571700000000000000e+04,1.588600000000000000e+04,1.605500000000000000e+04,1.622400000000000000e+04,1.639300000000000000e+04,1.656200000000000000e+04,1.673100000000000000e+04,1.690000000000000000e+04,1.706900000000000000e+04,1.723800000000000000e+04,1.740700000000000000e+04,1.757600000000000000e+04,1.774500000000000000e+04,1.791400000000000000e+04,1.808300000000000000e+04,1.825200000000000000e+04,1.842100000000000000e+04,1.859000000000000000e+04,1.875900000000000000e+04,1.892800000000000000e+04,1.909700000000000000e+04,1.926600000000000000e+04,1.943500000000000000e+04,1.960400000000000000e+04,1.977300000000000000e+04,1.994200000000000000e+04,2.011100000000000000e+04,2.028000000000000000e+04,2.044900000000000000e+04,2.061800000000000000e+04,2.078700000000000000e+04,2.095600000000000000e+04,2.112500000000000000e+04,2.129400000000000000e+04,2.146300000000000000e+04,2.163200000000000000e+04,2.180100000000000000e+04,2.197000000000000000e+04,2.213900000000000000e+04,2.230800000000000000e+04,2.247700000000000000e+04,2.264600000000000000e+04,2.281500000000000000e+04,2.298400000000000000e+04,2.315300000000000000e+04,2.332200000000000000e+04,2.349100000000000000e+04,2.366000000000000000e+04,2.382900000000000000e+04,2.399800000000000000e+04,2.416700000000000000e+04,2.433600000000000000e+04,2.450500000000000000e+04,2.467400000000000000e+04,2.484300000000000000e+04,2.501200000000000000e+04,2.518100000000000000e+04,2.535000000000000000e+04,2.551900000000000000e+04,2.568800000000000000e+04,2.585700000000000000e+04,2.602600000000000000e+04,2.619500000000000000e+04,2.636400000000000000e+04,2.653300000000000000e+04,2.670200000000000000e+04,2.687100000000000000e+04,2.704000000000000000e+04,2.720900000000000000e+04,2.737800000000000000e+04,2.754700000000000000e+04,2.771600000000000000e+04,2.788500000000000000e+04,2.805400000000000000e+04,2.822300000000000000e+04,2.839200000000000000e+04,2.856100000000000000e+04,2.873000000000000000e+04,2.889900000000000000e+04,2.906800000000000000e+04,2.923700000000000000e+04,2.940600000000000000e+04,2.957500000000000000e+04,2.974400000000000000e+04,2.991300000000000000e+04,3.008200000000000000e+04,3.025100000000000000e+04,3.042000000000000000e+04,3.058900000000000000e+04,3.075800000000000000e+04,3.092700000000000000e+04,3.109600000000000000e+04,3.126500000000000000e+04,3.143400000000000000e+04,3.160300000000000000e+04,3.177200000000000000e+04,3.194100000000000000e+04,3.211000000000000000e+04,3.227900000000000000e+04,3.244800000000000000e+04,3.261700000000000000e+04,3.278600000000000000e+04,3.295500000000000000e+04,3.312400000000000000e+04,3.329300000000000000e+04,3.346200000000000000e+04,3.363100000000000000e+04,3.380000000000000000e+04,3.396900000000000000e+04,3.413800000000000000e+04,3.430700000000000000e+04,3.447600000000000000e+04,3.464500000000000000e+04,3.481400000000000000e+04,3.498300000000000000e+04,3.515200000000000000e+04,3.532100000000000000e+04,3.549000000000000000e+04,3.565900000000000000e+04,3.582800000000000000e+04,3.599700000000000000e+04,3.616600000000000000e+04,3.633500000000000000e+04,3.650400000000000000e+04,3.667300000000000000e+04,3.684200000000000000e+04,3.701100000000000000e+04,3.718000000000000000e+04,3.734900000000000000e+04,3.751800000000000000e+04,3.768700000000000000e+04,3.785600000000000000e+04,3.802500000000000000e+04,3.819400000000000000e+04,3.836300000000000000e+04,3.853200000000000000e+04,3.870100000000000000e+04,3.887000000000000000e+04,3.903900000000000000e+04,3.920800000000000000e+04,3.937700000000000000e+04,3.954600000000000000e+04,3.971500000000000000e+04,3.988400000000000000e+04,4.005300000000000000e+04,4.022200000000000000e+04,4.039100000000000000e+04,4.056000000000000000e+04,4.072900000000000000e+04,4.089800000000000000e+04,4.106700000000000000e+04,4.123600000000000000e+04,4.140500000000000000e+04,4.157400000000000000e+04,4.174300000000000000e+04,4.191200000000000000e+04,4.208100000000000000e+04,4.225000000000000000e+04,4.241900000000000000e+04,4.258800000000000000e+04,4.275700000000000000e+04,4.292600000000000000e+04,4.309500000000000000e+04,4.326400000000000000e+04,4.343300000000000000e+04,4.360200000000000000e+04,4.377100000000000000e+04,4.394000000000000000e+04,4.410900000000000000e+04,4.427800000000000000e+04,4.444700000000000000e+04,4.461600000000000000e+04,4.478500000000000000e+04,4.495400000000000000e+04,4.512300000000000000e+04,4.529200000000000000e+04,4.546100000000000000e+04,4.563000000000000000e+04,4.579900000000000000e+04,4.596800000000000000e+04,4.613700000000000000e+04,4.630600000000000000e+04,4.647500000000000000e+04,4.664400000000000000e+04,4.681300000000000000e+04,4.698200000000000000e+04,4.715100000000000000e+04,4.732000000000000000e+04,4.748900000000000000e+04,4.765800000000000000e+04,4.782700000000000000e+04,4.799600000000000000e+04,4.816500000000000000e+04,4.833400000000000000e+04,4.850300000000000000e+04,4.867200000000000000e+04,4.884100000000000000e+04,4.901000000000000000e+04,4.917900000000000000e+04,4.934800000000000000e+04,4.951700000000000000e+04,4.968600000000000000e+04,4.985500000000000000e+04,5.002400000000000000e+04,5.019300000000000000e+04,5.036200000000000000e+04,5.053100000000000000e+04
0.000000000000000000e+00,1.700000000000000000e+02,3.400000000000000000e+02,5.100000000000000000e+02,6.800000000000000000e+02,8.500000000000000000e+02,1.020000000000000000e+03,1.190000000000000000e+03,1.360000000000000000e+03,1.530000000000000000e+03,1.700000000000000000e+03,1.870000000000000000e+03,2.040000000000000000e+03,2.210000000000000000e+03,2.380000000000000000e+03,2.550000000000000000e+03,2.720000000000000000e+03,2.890000000000000000e+03,3.060000000000000000e+03,3.230000000000000000e+03,3.400000000000000000e+03,3.570000000000000000e+03,3.740000000000000000e+03,3.910000000000000000e+03,4.080000000000000000e+03,4.250000000000000000e+03,4.420000000000000000e+03,4.590000000000000000e+03,4.760000000000000000e+03,4.930000000000000000e+03,5.100000000000000000e+03,5.270000000000000000e+03,5.440000000000000000e+03,5.610000000000000000e+03,5.780000000000000000e+03,5.950000000000000000e+03,6.120000000000000000e+03,6.290000000000000000e+03,6.460000000000000000e+03,6.630000000000000000e+03,6.800000000000000000e+03,6.970000000000000000e+03,7.140000000000000000e+03,7.310000000000000000e+03,7.480000000000000000e+03,7.650000000000000000e+03,7.820000000000000000e+03,7.990000000000000000e+03,8.160000000000000000e+03,8.330000000000000000e+03,8.500000000000000000e+03,8.670000000000000000e+03,8.840000000000000000e+03,9.010000000000000000e+03,9.180000000000000000e+03,9.350000000000000000e+03,9.520000000000000000e+03,9.690000000000000000e+03,9.860000000000000000e+03,1.003000000000000000e+04,1.020000000000000000e+04,1.037000000000000000e+04,1.054000000000000000e+04,1.071000000000000000e+04,1.088000000000000000e+04,1.105000000000000000e+04,1.122000000000000000e+04,1.139000000000000000e+04,1.156000000000000000e+04,1.173000000000000000e+04,1.190000000000000000e+04,1.207000000000000000e+04,1.224000000000000000e+04,1.241000000000000000e+04,1.258000000000000000e+04,1.275000000000000000e+04,1.292000000000000000e+04,1.309000000000000000e+04,1.326000000000000000e+04,1.343000000000000000e+04,1.360000000000000000e+04,1.377000000000000000e+04,1.394000000000000000e+04,1.411000000000000000e+04,1.428000000000000000e+04,1.445000000000000000e+04,1.462000000000000000e+04,1.479000000000000000e+04,1.496000000000000000e+04,1.513000000000000000e+04,1.530000000000000000e+04,1.547000000000000000e+04,1.564000000000000000e+04,1.581000000000000000e+04,1.598000000000000000e+04,1.615000000000000000e+04,1.632000000000000000e+04,1.649000000000000000e+04,1.666000000000000000e+04,1.683000000000000000e+04,1.700000000000000000e+04,1.717000000000000000e+04,1.734000000000000000e+04,1.751000000000000000e+04,1.768000000000000000e+04,1.785000000000000000e+04,1.802000000000000000e+04,1.819000000000000000e+04,1.836000000000000000e+04,1.853000000000000000e+04,1.870000000000000000e+04,1.887000000000000000e+04,1.904000000000000000e+04,1.921000000000000000e+04,1.938000000000000000e+04,1.955000000000000000e+04,1.972000000000000000e+04,1.989000000000000000e+04,2.006000000000000000e+04,2.023000000000000000e+04,2.040000000000000000e+04,2.057000000000000000e+04,2.074000000000000000e+04,2.091000000000000000e+04,2.108000000000000000e+04,2.125000000000000000e+04,2.142000000000000000e+04,2.159000000000000000e+04,2.176000000000000000e+04,2.193000000000000000e+04,2.210000000000000000e+04,2.227000000000000000e+04,2.244000000000000000e+04,2.261000000000000000e+04,2.278000000000000000e+04,2.295000000000000000e+04,2.312000000000000000e+04,2.329000000000000000e+04,2.346000000000000000e+04,2.363000000000000000e+04,2.380000000000000000e+04,2.397000000000000000e+04,2.414000000000000000e+04,2.431000000000000000e+04,2.448000000000000000e+04,2.465000000000000000e+04,2.482000000000000000e+04,2.499000000000000000e+04,2.516000000000000000e+04,2.533000000000000000e+04,2.550000000000000000e+04,2.567000000000000000e+04,2.584000000000000000e+04,2.601000000000000000e+04,2.618000000000000000e+04,2.635000000000000000e+04,2.652000000000000000e+04,2.669000000000000000e+04,2.686000000000000000e+04,2.703000000000000000e+04,2.720000000000000000e+04,2.737000000000000000e+04,2.754000000000000000e+04,2.771000000000000000e+04,2.788000000000000000e+04,2.805000000000000000e+04,2.822000000000000000e+04,2.839000000000000000e+04,2.856000000000000000e+04,2.873000000000000000e+04,2.890000000000000000e+04,2.907000000000000000e+04,2.924000000000000000e+04,2.941000000000000000e+04,2.958000000000000000e+04,2.975000000000000000e+04,2.992000000000000000e+04,3.009000000000000000e+04,3.026000000000000000e+04,3.043000000000000000e+04,3.060000000000000000e+04,3.077000000000000000e+04,3.094000000000000000e+04,3.111000000000000000e+04,3.128000000000000000e+04,3.145000000000000000e+04,3.162000000000000000e+04,3.179000000000000000e+04,3.196000000000000000e+04,3.213000000000000000e+04,3.230000000000000000e+04,3.247000000000000000e+04,3.264000000000000000e+04,3.281000000000000000e+04,3.298000000000000000e+04,3.315000000000000000e+04,3.332000000000000000e+04,3.349000000000000000e+04,3.366000000000000000e+04,3.383000000000000000e+04,3.400000000000000000e+04,3.417000000000000000e+04,3.434000000000000000e+04,3.451000000000000000e+04,3.468000000000000000e+04,3.485000000000000000e+04,3.502000000000000000e+04,3.519000000000000000e+04,3.536000000000000000e+04,3.553000000000000000e+04,3.570000000000000000e+04,3.587000000000000000e+04,3.604000000000000000e+04,3.621000000000000000e+04,3.638000000000000000e+04,3.655000000000000000e+04,3.672000000000000000e+04,3.689000000000000000e+04,3.706000000000000000e+04,3.723000000000000000e+04,3.740000000000000000e+04,3.757000000000000000e+04,3.774000000000000000e+04,3.791000000000000000e+04,3.808000000000000000e+04,3.825000000000000000e+04,3.842000000000000000e+04,3.859000000000000000e+04,3.876000000000000000e+04,3.893000000000000000e+04,3.910000000000000000e+04,3.927000000000000000e+04,3.944000000000000000e+04,3.961000000000000000e+04,3.978000000000000000e+04,3.995000000000000000e+04,4.012000000000000000e+04,4.029000000000000000e+04,4.046000000000000000e+04,4.063000000000000000e+04,4.080000000000000000e+04,4.097000000000000000e+04,4.114000000000000000e+04,4.131000000000000000e+04,4.148000000000000000e+04,4.165000000000000000e+04,4.182000000000000000e+04,4.199000000000000000e+04,4.216000000000000000e+04,4.233000000000000000e+04,4.250000000000000000e+04,4.267000000000000000e+04,4.284000000000000000e+04,4.301000000000000000e+04,4.318000000000000000e+04,4.335000000000000000e+04,4.352000000000000000e+04,4.369000000000000000e+04,4.386000000000000000e+04,4.403000000000000000e+04,4.420000000000000000e+04,4.437000000000000000e+04,4.454000000000000000e+04,4.471000000000000000e+04,4.488000000000000000e+04,4.505000000000000000e+04,4.522000000000000000e+04,4.539000000000000000e+04,4.556000000000000000e+04,4.573000000000000000e+04,4.590000000000000000e+04,4.607000000000000000e+04,4.624000000000000000e+04,4.641000000000000000e+04,4.658000000000000000e+04,4.675000000000000000e+04,4.692000000000000000e+04,4.709000000000000000e+04,4.726000000000000000e+04,4.743000000000000000e+04,4.760000000000000000e+04,4.777000000000000000e+04,4.794000000000000000e+04,4.811000000000000000e+04,4.828000000000000000e+04,4.845000000000000000e+04,4.862000000000000000e+04,4.879000000000000000e+04,4.896000000000000000e+04,4.913000000000000000e+04,4.930000000000000000e+04,4.947000000000000000e+04,4.964000000000000000e+04,4.981000000000000000e+04,4.998000000000000000e+04,5.015000000000000000e+04,5.032000000000000000e+04,5.049000000000000000e+04,5.066000000000000000e+04,5.083000000000000000e+04
0.000000000000000000e+00,1.710000000000000000e+02,3.420000000000000000e+02,5.130000000000000000e+02,6.840000000000000000e+02,8.550000000000000000e+02,1.026000000000000000e+03,1.197000000000000000e+03,1.368000000000000000e+03,1.539000000000000000e+03,1.710000000000000000e+03,1.881000000000000000e+03,2.052000000000000000e+03,2.223000000000000000e+03,2.394000000000000000e+03,2.565000000000000000e+03,2.736000000000000000e+03,2.907000000000000000e+03,3.078000000000000000e+03,3.249000000000000000e+03,3.420000000000000000e+03,3.591000000000000000e+03,3.762000000000000000e+03,3.933000000000000000e+03,4.104000000000000000e+03,4.275000000000000000e+03,4.446000000000000000e+03,4.617000000000000000e+03,4.788000000000000000e+03,4.959000000000000000e+03,5.130000000000000000e+03,5.301000000000000000e+03,5.472000000000000000e+03,5.643000000000000000e+03,5.814000000000000000e+03,5.985000000000000000e+03,6.156000000000000000e+03,6.327000000000000000e+03,6.498000000000000000e+03,6.669000000000000000e+03,6.840000000000000000e+03,7.011000000000000000e+03,7.182000000000000000e+03,7.353000000000000000e+03,7.524000000000000000e+03,7.695000000000000000e+03,7.866000000000000000e+03,8.037000000000000000e+03,8.208000000000000000e+03,8.379000000000000000e+03,8.550000000000000000e+03,8.721000000000000000e+03,8.892000000000000000e+03,9.063000000000000000e+03,9.234000000000000000e+03,9.405000000000000000e+03,9.576000000000000000e+03,9.747000000000000000e+03,9.918000000000000000e+03,1.008900000000000000e+04,1.026000000000000000e+04,1.043100000000000000e+04,1.060200000000000000e+04,1.077300000000000000e+04,1.094400000000000000e+04,1.111500000000000000e+04,1.128600000000000000e+04,1.145700000000000000e+04,1.162800000000000000e+04,1.179900000000000000e+04,1.197000000000000000e+04,1.214100000000000000e+04,1.231200000000000000e+04,1.248300000000000000e+04,1.265400000000000000e+04,1.282500000000000000e+04,1.299600000000000000e+04,1.316700000000000000e+04,1.333800000000000000e+04,1.350900000000000000e+04,1.368000000000000000e+04,1.385100000000000000e+04,1.402200000000000000e+04,1.419300000000000000e+04,1.436400000000000000e+04,1.453500000000000000e+04,1.470600000000000000e+04,1.487700000000000000e+04,1.504800000000000000e+04,1.521900000000000000e+04,1.539000000000000000e+04,1.556100000000000000e+04,1.573200000000000000e+04,1.590300000000000000e+04,1.607400000000000000e+04,1.624500000000000000e+04,1.641600000000000000e+04,1.658700000000000000e+04,1.675800000000000000e+04,1.692900000000000000e+04,1.710000000000000000e+04,1.727100000000000000e+04,1.744200000000000000e+04,1.761300000000000000e+04,1.778400000000000000e+04,1.795500000000000000e+04,1.812600000000000000e+04,1.829700000000000000e+04,1.846800000000000000e+04,1.863900000000000000e+04,1.881000000000000000e+04,1.898100000000000000e+04,1.915200000000000000e+04,1.932300000000000000e+04,1.949400000000000000e+04,1.966500000000000000e+04,1.983600000000000000e+04,2.000700000000000000e+04,2.017800000000000000e+04,2.034900000000000000e+04,2.052000000000000000e+04,2.069100000000000000e+04,2.086200000000000000e+04,2.103300000000000000e+04,2.120400000000000000e+04,2.137500000000000000e+04,2.154600000000000000e+04,2.171700000000000000e+04,2.188800000000000000e+04,2.205900000000000000e+04,2.223000000000000000e+04,2.240100000000000000e+04,2.257200000000000000e+04,2.274300000000000000e+04,2.291400000000000000e+04,2.308500000000000000e+04,2.325600000000000000e+04,2.342700000000000000e+04,2.359800000000000000e+04,2.376900000000000000e+04,2.394000000000000000e+04,2.411100000000000000e+04,2.428200000000000000e+04,2.445300000000000000e+04,2.462400000000000000e+04,2.479500000000000000e+04,2.496600000000000000e+04,2.513700000000000000e+04,2.530800000000000000e+04,2.547900000000000000e+04,2.565000000000000000e+04,2.582100000000000000e+04,2.599200000000000000e+04,2.616300000000000000e+04,2.633400000000000000e+04,2.650500000000000000e+04,2.667600000000000000e+04,2.684700000000000000e+04,2.701800000000000000e+04,2.718900000000000000e+04,2.736000000000000000e+04,2.753100000000000000e+04,2.770200000000000000e+04,2.787300000000000000e+04,2.804400000000000000e+04,2.821500000000000000e+04,2.838600000000000000e+04,2.855700000000000000e+04,2.872800000000000000e+04,2.889900000000000000e+04,2.907000000000000000e+04,2.924100000000000000e+04,2.941200000000000000e+04,2.958300000000000000e+04,2.975400000000000000e+04,2.992500000000000000e+04,3.009600000000000000e+04,3.026700000000000000e+04,3.043800000000000000e+04,3.060900000000000000e+04,3.078000000000000000e+04,3.095100000000000000e+04,3.112200000000000000e+04,3.129300000000000000e+04,3.146400000000000000e+04,3.163500000000000000e+04,3.180600000000000000e+04,3.197700000000000000e+04,3.214800000000000000e+04,3.231900000000000000e+04,3.249000000000000000e+04,3.266100000000000000e+04,3.283200000000000000e+04,3.300300000000000000e+04,3.317400000000000000e+04,3.334500000000000000e+04,3.351600000000000000e+04,3.368700000000000000e+04,3.385800000000000000e+04,3.402900000000000000e+04,3.420000000000000000e+04,3.437100000000000000e+04,3.454200000000000000e+04,3.471300000000000000e+04,3.488400000000000000e+04,3.505500000000000000e+04,3.522600000000000000e+04,3.539700000000000000e+04,3.556800000000000000e+04,3.573900000000000000e+04,3.591000000000000000e+04,3.608100000000000000e+04,3.625200000000000000e+04,3.642300000000000000e+04,3.659400000000000000e+04,3.676500000000000000e+04,3.693600000000000000e+04,3.710700000000000000e+04,3.727800000000000000e+04,3.744900000000000000e+04,3.762000000000000000e+04,3.779100000000000000e+04,3.796200000000000000e+04,3.813300000000000000e+04,3.830400000000000000e+04,3.847500000000000000e+04,3.864600000000000000e+04,3.881700000000000000e+04,3.898800000000000000e+04,3.915900000000000000e+04,3.933000000000000000e+04,3.950100000000000000e+04,3.967200000000000000e+04,3.984300000000000000e+04,4.001400000000000000e+04,4.018500000000000000e+04,4.035600000000000000e+04,4.052700000000000000e+04,4.069800000000000000e+04,4.086900000000000000e+04,4.104000000000000000e+04,4.121100000000000000e+04,4.138200000000000000e+04,4.155300000000000000e+04,4.172400000000000000e+04,4.189500000000000000e+04,4.206600000000000000e+04,4.223700000000000000e+04,4.240800000000000000e+04,4.257900000000000000e+04,4.275000000000000000e+04,4.292100000000000000e+04,4.309200000000000000e+04,4.326300000000000000e+04,4.343400000000000000e+04,4.360500000000000000e+04,4.377600000000000000e+04,4.394700000000000000e+04,4.411800000000000000e+04,4.428900000000000000e+04,4.446000000000000000e+04,4.463100000000000000e+04,4.480200000000000000e+04,4.497300000000000000e+04,4.514400000000000000e+04,4.531500000000000000e+04,4.548600000000000000e+04,4.565700000000000000e+04,4.582800000000000000e+04,4.599900000000000000e+04,4.617000000000000000e+04,4.634100000000000000e+04,4.651200000000000000e+04,4.668300000000000000e+04,4.685400000000000000e+04,4.702500000000000000e+04,4.719600000000000000e+04,4.736700000000000000e+04,4.753800000000000000e+04,4.770900000000000000e+04,4.788000000000000000e+04,4.805100000000000000e+04,4.822200000000000000e+04,4.839300000000000000e+04,4.856400000000000000e+04,4.873500000000000000e+04,4.890600000000000000e+04,4.907700000000000000e+04,4.924800000000000000e+04,4.941900000000000000e+04,4.959000000000000000e+04,4.976100000000000000e+04,4.993200000000000000e+04,5.010300000000000000e+04,5.027400000000000000e+04,5.044500000000000000e+04,5.061600000000000000e+04,5.078700000000000000e+04,5.095800000000000000e+04,5.112900000000000000e+04
0.000000000000000000e+00,1.720000000000000000e+02,3.440000000000000000e+02,5.160000000000000000e+02,6.880000000000000000e+02,8.600000000000000000e+02,1.032000000000000000e+03,1.204000000000000000e+03,1.376000000000000000e+03,1.548000000000000000e+03,1.720000000000000000e+03,1.892000000000000000e+03,2.064000000000000000e+03,2.236000000000000000e+03,2.408000000000000000e+03,2.580000000000000000e+03,2.752000000000000000e+03,2.924000000000000000e+03,3.096000000000000000e+03,3.268000000000000000e+03,3.440000000000000000e+03,3.612000000000000000e+03,3.784000000000000000e+03,3.956000000000000000e+03,4.128000000000000000e+03,4.300000000000000000e+03,4.472000000000000000e+03,4.644000000000000000e+03,4.816000000000000000e+03,4.988000000000000000e+03,5.160000000000000000e+03,5.332000000000000000e+03,5.504000000000000000e+03,5.676000000000000000e+03,5.848000000000000000e+03,6.020000000000000000e+03,6.192000000000000000e+03,6.364000000000000000e+03,6.536000000000000000e+03,6.708000000000000000e+03,6.880000000000000000e+03,7.052000000000000000e+03,7.224000000000000000e+03,7.396000000000000000e+03,7.568000000000000000e+03,7.740000000000000000e+03,7.912000000000000000e+03,8.084000000000000000e+03,8.256000000000000000e+03,8.428000000000000000e+03,8.600000000000000000e+03,8.772000000000000000e+03,8.944000000000000000e+03,9.116000000000000000e+03,9.288000000000000000e+03,9.460000000000000000e+03,9.632000000000000000e+03,9.804000000000000000e+03,9.976000000000000000e+03,1.014800000000000000e+04,1.032000000000000000e+04,1.049200000000000000e+04,1.066400000000000000e+04,1.083600000000000000e+04,1.100800000000000000e+04,1.118000000000000000e+04,1.135200000000000000e+04,1.152400000000000000e+04,1.169600000000000000e+04,1.186800000000000000e+04,1.204000000000000000e+04,1.221200000000000000e+04,1.238400000000000000e+04,1.255600000000000000e+04,1.272800000000000000e+04,1.290000000000000000e+04,1.307200000000000000e+04,1.324400000000000000e+04,1.341600000000000000e+04,1.358800000000000000e+04,1.376000000000000000e+04,1.393200000000000000e+04,1.410400000000000000e+04,1.427600000000000000e+04,1.444800000000000000e+04,1.462000000000000000e+04,1.479200000000000000e+04,1.496400000000000000e+04,1.513600000000000000e+04,1.530800000000000000e+04,1.548000000000000000e+04,1.565200000000000000e+04,1.582400000000000000e+04,1.599600000000000000e+04,1.616800000000000000e+04,1.634000000000000000e+04,1.651200000000000000e+04,1.668400000000000000e+04,1.685600000000000000e+04,1.702800000000000000e+04,1.720000000000000000e+04,1.737200000000000000e+04,1.754400000000000000e+04,1.771600000000000000e+04,1.788800000000000000e+04,1.806000000000000000e+04,1.823200000000000000e+04,1.840400000000000000e+04,1.857600000000000000e+04,1.874800000000000000e+04,1.892000000000000000e+04,1.909200000000000000e+04,1.926400000000000000e+04,1.943600000000000000e+04,1.960800000000000000e+04,1.978000000000000000e+04,1.995200000000000000e+04,2.012400000000000000e+04,2.029600000000000000e+04,2.046800000000000000e+04,2.064000000000000000e+04,2.081200000000000000e+04,2.098400000000000000e+04,2.115600000000000000e+04,2.132800000000000000e+04,2.150000000000000000e+04,2.167200000000000000e+04,2.184400000000000000e+04,2.201600000000000000e+04,2.218800000000000000e+04,2.236000000000000000e+04,2.253200000000000000e+04,2.270400000000000000e+04,2.287600000000000000e+04,2.304800000000000000e+04,2.322000000000000000e+04,2.339200000000000000e+04,2.356400000000000000e+04,2.373600000000000000e+04,2.390800000000000000e+04,2.408000000000000000e+04,2.425200000000000000e+04,2.442400000000000000e+04,2.459600000000000000e+04,2.476800000000000000e+04,2.494000000000000000e+04,2.511200000000000000e+04,2.528400000000000000e+04,2.545600000000000000e+04,2.562800000000000000e+04,2.580000000000000000e+04,2.597200000000000000e+04,2.614400000000000000e+04,2.631600000000000000e+04,2.648800000000000000e+04,2.666000000000000000e+04,2.683200000000000000e+04,2.700400000000000000e+04,2.717600000000000000e+04,2.734800000000000000e+04,2.752000000000000000e+04,2.769200000000000000e+04,2.786400000000000000e+04,2.803600000000000000e+04,2.820800000000000000e+04,2.838000000000000000e+04,2.855200000000000000e+04,2.872400000000000000e+04,2.889600000000000000e+04,2.906800000000000000e+04,2.924000000000000000e+04,2.941200000000000000e+04,2.958400000000000000e+04,2.975600000000000000e+04,2.992800000000000000e+04,3.010000000000000000e+04,3.027200000000000000e+04,3.044400000000000000e+04,3.061600000000000000e+04,3.078800000000000000e+04,3.096000000000000000e+04,3.113200000000000000e+04,3.130400000000000000e+04,3.147600000000000000e+04,3.164800000000000000e+04,3.182000000000000000e+04,3.199200000000000000e+04,3.216400000000000000e+04,3.233600000000000000e+04,3.250800000000000000e+04,3.268000000000000000e+04,3.285200000000000000e+04,3.302400000000000000e+04,3.319600000000000000e+04,3.336800000000000000e+04,3.354000000000000000e+04,3.371200000000000000e+04,3.388400000000000000e+04,3.405600000000000000e+04,3.422800000000000000e+04,3.440000000000000000e+04,3.457200000000000000e+04,3.474400000000000000e+04,3.491600000000000000e+04,3.508800000000000000e+04,3.526000000000000000e+04,3.543200000000000000e+04,3.560400000000000000e+04,3.577600000000000000e+04,3.594800000000000000e+04,3.612000000000000000e+04,3.629200000000000000e+04,3.646400000000000000e+04,3.663600000000000000e+04,3.680800000000000000e+04,3.698000000000000000e+04,3.715200000000000000e+04,3.732400000000000000e+04,3.749600000000000000e+04,3.766800000000000000e+04,3.784000000000000000e+04,3.801200000000000000e+04,3.818400000000000000e+04,3.835600000000000000e+04,3.852800000000000000e+04,3.870000000000000000e+04,3.887200000000000000e+04,3.904400000000000000e+04,3.921600000000000000e+04,3.938800000000000000e+04,3.956000000000000000e+04,3.973200000000000000e+04,3.990400000000000000e+04,4.007600000000000000e+04,4.024800000000000000e+04,4.042000000000000000e+04,4.059200000000000000e+04,4.076400000000000000e+04,4.093600000000000000e+04,4.110800000000000000e+04,4.128000000000000000e+04,4.145200000000000000e+04,4.162400000000000000e+04,4.179600000000000000e+04,4.196800000000000000e+04,4.214000000000000000e+04,4.231200000000000000e+04,4.248400000000000000e+04,4.265600000000000000e+04,4.282800000000000000e+04,4.300000000000000000e+04,4.317200000000000000e+04,4.334400000000000000e+04,4.351600000000000000e+04,4.368800000000000000e+04,4.386000000000000000e+04,4.403200000000000000e+04,4.420400000000000000e+04,4.437600000000000000e+04,4.454800000000000000e+04,4.472000000000000000e+04,4.489200000000000000e+04,4.506400000000000000e+04,4.523600000000000000e+04,4.540800000000000000e+04,4.558000000000000000e+04,4.575200000000000000e+04,4.592400000000000000e+04,4.609600000000000000e+04,4.626800000000000000e+04,4.644000000000000000e+04,4.661200000000000000e+04,4.678400000000000000e+04,4.695600000000000000e+04,4.712800000000000000e+04,4.730000000000000000e+04,4.747200000000000000e+04,4.764400000000000000e+04,4.781600000000000000e+04,4.798800000000000000e+04,4.816000000000000000e+04,4.833200000000000000e+04,4.850400000000000000e+04,4.867600000000000000e+04,4.884800000000000000e+04,4.902000000000000000e+04,4.919200000000000000e+04,4.936400000000000000e+04,4.953600000000000000e+04,4.970800000000000000e+04,4.988000000000000000e+04,5.005200000000000000e+04,5.022400000000000000e+04,5.039600000000000000e+04,5.056800000000000000e+04,5.074000000000000000e+04,5.091200000000000000e+04,5.108400000000000000e+04,5.125600000000000000e+04,5.142800000000000000e+04
0.000000000000000000e+00,1.730000000000000000e+02,3.460000000000000000e+02,5.190000000000000000e+02,6.920000000000000000e+02,8.650000000000000000e+02,1.038000000000000000e+03,1.211000000000000000e+03,1.384000000000000000e+03,1.557000000000000000e+03,1.730000000000000000e+03,1.903000000000000000e+03,2.076000000000000000e+03,2.249000000000000000e+03,2.422000000000000000e+03,2.595000000000000000e+03,2.768000000000000000e+03,2.941000000000000000e+03,3.114000000000000000e+03,3.287000000000000000e+03,3.460000000000000000e+03,3.633000000000000000e+03,3.806000000000000000e+03,3.979000000000000000e+03,4.152000000000000000e+03,4.325000000000000000e+03,4.498000000000000000e+03,4.671000000000000000e+03,4.844000000000000000e+03,5.017000000000000000e+03,5.190000000000000000e+03,5.363000000000000000e+03,5.536000000000000000e+03,5.709000000000000000e+03,5.882000000000000000e+03,6.055000000000000000e+03,6.228000000000000000e+03,6.401000000000000000e+03,6.574000000000000000e+03,6.747000000000000000e+03,6.920000000000000000e+03,7.093000000000000000e+03,7.266000000000000000e+03,7.439000000000000000e+03,7.612000000000000000e+03,7.785000000000000000e+03,7.958000000000000000e+03,8.131000000000000000e+03,8.304000000000000000e+03,8.477000000000000000e+03,8.650000000000000000e+03,8.823000000000000000e+03,8.996000000000000000e+03,9.169000000000000000e+03,9.342000000000000000e+03,9.515000000000000000e+03,9.688000000000000000e+03,9.861000000000000000e+03,1.003400000000000000e+04,1.020700000000000000e+04,1.038000000000000000e+04,1.055300000000000000e+04,1.072600000000000000e+04,1.089900000000000000e+04,1.107200000000000000e+04,1.124500000000000000e+04,1.141800000000000000e+04,1.159100000000000000e+04,1.176400000000000000e+04,1.193700000000000000e+04,1.211000000000000000e+04,1.228300000000000000e+04,1.245600000000000000e+04,1.262900000000000000e+04,1.280200000000000000e+04,1.297500000000000000e+04,1.314800000000000000e+04,1.332100000000000000e+04,1.349400000000000000e+04,1.366700000000000000e+04,1.384000000000000000e+04,1.401300000000000000e+04,1.418600000000000000e+04,1.435900000000000000e+04,1.453200000000000000e+04,1.470500000000000000e+04,1.487800000000000000e+04,1.505100000000000000e+04,1.522400000000000000e+04,1.539700000000000000e+04,1.557000000000000000e+04,1.574300000000000000e+04,1.591600000000000000e+04,1.608900000000000000e+04,1.626200000000000000e+04,1.643500000000000000e+04,1.660800000000000000e+04,1.678100000000000000e+04,1.695400000000000000e+04,1.712700000000000000e+04,1.730000000000000000e+04,1.747300000000000000e+04,1.764600000000000000e+04,1.781900000000000000e+04,1.799200000000000000e+04,1.816500000000000000e+04,1.833800000000000000e+04,1.851100000000000000e+04,1.868400000000000000e+04,1.885700000000000000e+04,1.903000000000000000e+04,1.920300000000000000e+04,1.937600000000000000e+04,1.954900000000000000e+04,1.972200000000000000e+04,1.989500000000000000e+04,2.006800000000000000e+04,2.024100000000000000e+04,2.041400000000000000e+04,2.058700000000000000e+04,2.076000000000000000e+04,2.093300000000000000e+04,2.110600000000000000e+04,2.127900000000000000e+04,2.145200000000000000e+04,2.162500000000000000e+04,2.179800000000000000e+04,2.197100000000000000e+04,2.214400000000000000e+04,2.231700000000000000e+04,2.249000000000000000e+04,2.266300000000000000e+04,2.283600000000000000e+04,2.300900000000000000e+04,2.318200000000000000e+04,2.335500000000000000e+04,2.352800000000000000e+04,2.370100000000000000e+04,2.387400000000000000e+04,2.404700000000000000e+04,2.422000000000000000e+04,2.439300000000000000e+04,2.456600000000000000e+04,2.473900000000000000e+04,2.491200000000000000e+04,2.508500000000000000e+04,2.525800000000000000e+04,2.543100000000000000e+04,2.560400000000000000e+04,2.577700000000000000e+04,2.595000000000000000e+04,2.612300000000000000e+04,2.629600000000000000e+04,2.646900000000000000e+04,2.664200000000000000e+04,2.681500000000000000e+04,2.698800000000000000e+04,2.716100000000000000e+04,2.733400000000000000e+04,2.750700000000000000e+04,2.768000000000000000e+04,2.785300000000000000e+04,2.802600000000000000e+04,2.819900000000000000e+04,2.837200000000000000e+04,2.854500000000000000e+04,2.871800000000000000e+04,2.889100000000000000e+04,2.906400000000000000e+04,2.923700000000000000e+04,2.941000000000000000e+04,2.958300000000000000e+04,2.975600000000000000e+04,2.992900000000000000e+04,3.010200000000000000e+04,3.027500000000000000e+04,3.044800000000000000e+04,3.062100000000000000e+04,3.079400000000000000e+04,3.096700000000000000e+04,3.114000000000000000e+04,3.131300000000000000e+04,3.148600000000000000e+04,3.165900000000000000e+04,3.183200000000000000e+04,3.200500000000000000e+04,3.217800000000000000e+04,3.235100000000000000e+04,3.252400000000000000e+04,3.269700000000000000e+04,3.287000000000000000e+04,3.304300000000000000e+04,3.321600000000000000e+04,3.338900000000000000e+04,3.356200000000000000e+04,3.373500000000000000e+04,3.390800000000000000e+04,3.408100000000000000e+04,3.425400000000000000e+04,3.442700000000000000e+04,3.460000000000000000e+04,3.477300000000000000e+04,3.494600000000000000e+04,3.511900000000000000e+04,3.529200000000000000e+04,3.546500000000000000e+04,3.563800000000000000e+04,3.581100000000000000e+04,3.598400000000000000e+04,3.615700000000000000e+04,3.633000000000000000e+04,3.650300000000000000e+04,3.667600000000000000e+04,3.684900000000000000e+04,3.702200000000000000e+04,3.719500000000000000e+04,3.736800000000000000e+04,3.754100000000000000e+04,3.771400000000000000e+04,3.788700000000000000e+04,3.806000000000000000e+04,3.823300000000000000e+04,3.840600000000000000e+04,3.857900000000000000e+04,3.875200000000000000e+04,3.892500000000000000e+04,3.909800000000000000e+04,3.927100000000000000e+04,3.944400000000000000e+04,3.961700000000000000e+04,3.979000000000000000e+04,3.996300000000000000e+04,4.013600000000000000e+04,4.030900000000000000e+04,4.048200000000000000e+04,4.065500000000000000e+04,4.082800000000000000e+04,4.100100000000000000e+04,4.117400000000000000e+04,4.134700000000000000e+04,4.152000000000000000e+04,4.169300000000000000e+04,4.186600000000000000e+04,4.203900000000000000e+04,4.221200000000000000e+04,4.238500000000000000e+04,4.255800000000000000e+04,4.273100000000000000e+04,4.290400000000000000e+04,4.307700000000000000e+04,4.325000000000000000e+04,4.342300000000000000e+04,4.359600000000000000e+04,4.376900000000000000e+04,4.394200000000000000e+04,4.411500000000000000e+04,4.428800000000000000e+04,4.446100000000000000e+04,4.463400000000000000e+04,4.480700000000000000e+04,4.498000000000000000e+04,4.515300000000000000e+04,4.532600000000000000e+04,4.549900000000000000e+04,4.567200000000000000e+04,4.584500000000000000e+04,4.601800000000000000e+04,4.619100000000000000e+04,4.636400000000000000e+04,4.653700000000000000e+04,4.671000000000000000e+04,4.688300000000000000e+04,4.705600000000000000e+04,4.722900000000000000e+04,4.740200000000000000e+04,4.757500000000000000e+04,4.774800000000000000e+04,4.792100000000000000e+04,4.809400000000000000e+04,4.826700000000000000e+04,4.844000000000000000e+04,4.861300000000000000e+04,4.878600000000000000e+04,4.895900000000000000e+04,4.913200000000000000e+04,4.930500000000000000e+04,4.947800000000000000e+04,4.965100000000000000e+04,4.982400000000000000e+04,4.999700000000000000e+04,5.017000000000000000e+04,5.034300000000000000e+04,5.051600000000000000e+04,5.068900000000000000e+04,5.086200000000000000e+04,5.103500000000000000e+04,5.120800000000000000e+04,5.138100000000000000e+04,5.155400000000000000e+04,5.172700000000000000e+04
0.000000000000000000e+00,1.740000000000000000e+02,3.480000000000000000e+02,5.220000000000000000e+02,6.960000000000000000e+02,8.700000000000000000e+02,1.044000000000000000e+03,1.218000000000000000e+03,1.392000000000000000e+03,1.566000000000000000e+03,1.740000000000000000e+03,1.914000000000000000e+03,2.088000000000000000e+03,2.262000000000000000e+03,2.436000000000000000e+03,2.610000000000000000e+03,2.784000000000000000e+03,2.958000000000000000e+03,3.132000000000000000e+03,3.306000000000000000e+03,3.480000000000000000e+03,3.654000000000000000e+03,3.828000000000000000e+03,4.002000000000000000e+03,4.176000000000000000e+03,4.350000000000000000e+03,4.524000000000000000e+03,4.698000000000000000e+03,4.872000000000000000e+03,5.046000000000000000e+03,5.220000000000000000e+03,5.394000000000000000e+03,5.568000000000000000e+03,5.742000000000000000e+03,5.916000000000000000e+03,6.090000000000000000e+03,6.264000000000000000e+03,6.438000000000000000e+03,6.612000000000000000e+03,6.786000000000000000e+03,6.960000000000000000e+03,7.134000000000000000e+03,7.308000000000000000e+03,7.482000000000000000e+03,7.656000000000000000e+03,7.830000000000000000e+03,8.004000000000000000e+03,8.178000000000000000e+03,8.352000000000000000e+03,8.526000000000000000e+03,8.700000000000000000e+03,8.874000000000000000e+03,9.048000000000000000e+03,9.222000000000000000e+03,9.396000000000000000e+03,9.570000000000000000e+03,9.744000000000000000e+03,9.918000000000000000e+03,1.009200000000000000e+04,1.026600000000000000e+04,1.044000000000000000e+04,1.061400000000000000e+04,1.078800000000000000e+04,1.096200000000000000e+04,1.113600000000000000e+04,1.131000000000000000e+04,1.148400000000000000e+04,1.165800000000000000e+04,1.183200000000000000e+04,1.200600000000000000e+04,1.218000000000000000e+04,1.235400000000000000e+04,1.252800000000000000e+04,1.270200000000000000e+04,1.287600000000000000e+04,1.305000000000000000e+04,1.322400000000000000e+04,1.339800000000000000e+04,1.357200000000000000e+04,1.374600000000000000e+04,1.392000000000000000e+04,1.409400000000000000e+04,1.426800000000000000e+04,1.444200000000000000e+04,1.461600000000000000e+04,1.479000000000000000e+04,1.496400000000000000e+04,1.513800000000000000e+04,1.531200000000000000e+04,1.548600000000000000e+04,1.566000000000000000e+04,1.583400000000000000e+04,1.600800000000000000e+04,1.618200000000000000e+04,1.635600000000000000e+04,1.653000000000000000e+04,1.670400000000000000e+04,1.687800000000000000e+04,1.705200000000000000e+04,1.722600000000000000e+04,1.740000000000000000e+04,1.757400000000000000e+04,1.774800000000000000e+04,1.792200000000000000e+04,1.809600000000000000e+04,1.827000000000000000e+04,1.844400000000000000e+04,1.861800000000000000e+04,1.879200000000000000e+04,1.896600000000000000e+04,1.914000000000000000e+04,1.931400000000000000e+04,1.948800000000000000e+04,1.966200000000000000e+04,1.983600000000000000e+04,2.001000000000000000e+04,2.018400000000000000e+04,2.035800000000000000e+04,2.053200000000000000e+04,2.070600000000000000e+04,2.088000000000000000e+04,2.105400000000000000e+04,2.122800000000000000e+04,2.140200000000000000e+04,2.157600000000000000e+04,2.175000000000000000e+04,2.192400000000000000e+04,2.209800000000000000e+04,2.227200000000000000e+04,2.244600000000000000e+04,2.262000000000000000e+04,2.279400000000000000e+04,2.296800000000000000e+04,2.314200000000000000e+04,2.331600000000000000e+04,2.349000000000000000e+04,2.366400000000000000e+04,2.383800000000000000e+04,2.401200000000000000e+04,2.418600000000000000e+04,2.436000000000000000e+04,2.453400000000000000e+04,2.470800000000000000e+04,2.488200000000000000e+04,2.505600000000000000e+04,2.523000000000000000e+04,2.540400000000000000e+04,2.557800000000000000e+04,2.575200000000000000e+04,2.592600000000000000e+04,2.610000000000000000e+04,2.627400000000000000e+04,2.644800000000000000e+04,2.662200000000000000e+04,2.679600000000000000e+04,2.697000000000000000e+04,2.714400000000000000e+04,2.731800000000000000e+04,2.749200000000000000e+04,2.766600000000000000e+04,2.784000000000000000e+04,2.801400000000000000e+04,2.818800000000000000e+04,2.836200000000000000e+04,2.853600000000000000e+04,2.871000000000000000e+04,2.888400000000000000e+04,2.905800000000000000e+04,2.923200000000000000e+04,2.940600000000000000e+04,2.958000000000000000e+04,2.975400000000000000e+04,2.992800000000000000e+04,3.010200000000000000e+04,3.027600000000000000e+04,3.045000000000000000e+04,3.062400000000000000e+04,3.079800000000000000e+04,3.097200000000000000e+04,3.114600000000000000e+04,3.132000000000000000e+04,3.149400000000000000e+04,3.166800000000000000e+04,3.184200000000000000e+04,3.201600000000000000e+04,3.219000000000000000e+04,3.236400000000000000e+04,3.253800000000000000e+04,3.271200000000000000e+04,3.288600000000000000e+04,3.306000000000000000e+04,3.323400000000000000e+04,3.340800000000000000e+04,3.358200000000000000e+04,3.375600000000000000e+04,3.393000000000000000e+04,3.410400000000000000e+04,3.427800000000000000e+04,3.445200000000000000e+04,3.462600000000000000e+04,3.480000000000000000e+04,3.497400000000000000e+04,3.514800000000000000e+04,3.532200000000000000e+04,3.549600000000000000e+04,3.567000000000000000e+04,3.584400000000000000e+04,3.601800000000000000e+04,3.619200000000000000e+04,3.636600000000000000e+04,3.654000000000000000e+04,3.671400000000000000e+04,3.688800000000000000e+04,3.706200000000000000e+04,3.723600000000000000e+04,3.741000000000000000e+04,3.758400000000000000e+04,3.775800000000000000e+04,3.793200000000000000e+04,3.810600000000000000e+04,3.828000000000000000e+04,3.845400000000000000e+04,3.862800000000000000e+04,3.880200000000000000e+04,3.897600000000000000e+04,3.915000000000000000e+04,3.932400000000000000e+04,3.949800000000000000e+04,3.967200000000000000e+04,3.984600000000000000e+04,4.002000000000000000e+04,4.019400000000000000e+04,4.036800000000000000e+04,4.054200000000000000e+04,4.071600000000000000e+04,4.089000000000000000e+04,4.106400000000000000e+04,4.123800000000000000e+04,4.141200000000000000e+04,4.158600000000000000e+04,4.176000000000000000e+04,4.193400000000000000e+04,4.210800000000000000e+04,4.228200000000000000e+04,4.245600000000000000e+04,4.263000000000000000e+04,4.280400000000000000e+04,4.297800000000000000e+04,4.315200000000000000e+04,4.332600000000000000e+04,4.350000000000000000e+04,4.367400000000000000e+04,4.384800000000000000e+04,4.402200000000000000e+04,4.419600000000000000e+04,4.437000000000000000e+04,4.454400000000000000e+04,4.471800000000000000e+04,4.489200000000000000e+04,4.506600000000000000e+04,4.524000000000000000e+04,4.541400000000000000e+04,4.558800000000000000e+04,4.576200000000000000e+04,4.593600000000000000e+04,4.611000000000000000e+04,4.628400000000000000e+04,4.645800000000000000e+04,4.663200000000000000e+04,4.680600000000000000e+04,4.698000000000000000e+04,4.715400000000000000e+04,4.732800000000000000e+04,4.750200000000000000e+04,4.767600000000000000e+04,4.785000000000000000e+04,4.802400000000000000e+04,4.819800000000000000e+04,4.837200000000000000e+04,4.854600000000000000e+04,4.872000000000000000e+04,4.889400000000000000e+04,4.906800000000000000e+04,4.924200000000000000e+04,4.941600000000000000e+04,4.959000000000000000e+04,4.976400000000000000e+04,4.993800000000000000e+04,5.011200000000000000e+04,5.028600000000000000e+04,5.046000000000000000e+04,5.063400000000000000e+04,5.080800000000000000e+04,5.098200000000000000e+04,5.115600000000000000e+04,5.133000000000000000e+04,5.150400000000000000e+04,5.167800000000000000e+04,5.185200000000000000e+04,5.202600000000000000e+04
0.000000000000000000e+00,1.750000000000000000e+02,3.500000000000000000e+02,5.250000000000000000e+02,7.000000000000000000e+02,8.750000000000000000e+02,1.050000000000000000e+03,1.225000000000000000e+03,1.400000000000000000e+03,1.575000000000000000e+03,1.750000000000000000e+03,1.925000000000000000e+03,2.100000000000000000e+03,2.275000000000000000e+03,2.450000000000000000e+03,2.625000000000000000e+03,2.800000000000000000e+03,2.975000000000000000e+03,3.150000000000000000e+03,3.325000000000000000e+03,3.500000000000000000e+03,3.675000000000000000e+03,3.850000000000000000e+03,4.025000000000000000e+03,4.200000000000000000e+03,4.375000000000000000e+03,4.550000000000000000e+03,4.725000000000000000e+03,4.900000000000000000e+03,5.075000000000000000e+03,5.250000000000000000e+03,5.425000000000000000e+03,5.600000000000000000e+03,5.775000000000000000e+03,5.950000000000000000e+03,6.125000000000000000e+03,6.300000000000000000e+03,6.475000000000000000e+03,6.650000000000000000e+03,6.825000000000000000e+03,7.000000000000000000e+03,7.175000000000000000e+03,7.350000000000000000e+03,7.525000000000000000e+03,7.700000000000000000e+03,7.875000000000000000e+03,8.050000000000000000e+03,8.225000000000000000e+03,8.400000000000000000e+03,8.575000000000000000e+03,8.750000000000000000e+03,8.925000000000000000e+03,9.100000000000000000e+03,9.275000000000000000e+03,9.450000000000000000e+03,9.625000000000000000e+03,9.800000000000000000e+03,9.975000000000000000e+03,1.015000000000000000e+04,1.032500000000000000e+04,1.050000000000000000e+04,1.067500000000000000e+04,1.085000000000000000e+04,1.102500000000000000e+04,1.120000000000000000e+04,1.137500000000000000e+04,1.155000000000000000e+04,1.172500000000000000e+04,1.190000000000000000e+04,1.207500000000000000e+04,1.225000000000000000e+04,1.242500000000000000e+04,1.260000000000000000e+04,1.277500000000000000e+04,1.295000000000000000e+04,1.312500000000000000e+04,1.330000000000000000e+04,1.347500000000000000e+04,1.365000000000000000e+04,1.382500000000000000e+04,1.400000000000000000e+04,1.417500000000000000e+04,1.435000000000000000e+04,1.452500000000000000e+04,1.470000000000000000e+04,1.487500000000000000e+04,1.505000000000000000e+04,1.522500000000000000e+04,1.540000000000000000e+04,1.557500000000000000e+04,1.575000000000000000e+04,1.592500000000000000e+04,1.610000000000000000e+04,1.627500000000000000e+04,1.645000000000000000e+04,1.662500000000000000e+04,1.680000000000000000e+04,1.697500000000000000e+04,1.715000000000000000e+04,1.732500000000000000e+04,1.750000000000000000e+04,1.767500000000000000e+04,1.785000000000000000e+04,1.802500000000000000e+04,1.820000000000000000e+04,1.837500000000000000e+04,1.855000000000000000e+04,1.872500000000000000e+04,1.890000000000000000e+04,1.907500000000000000e+04,1.925000000000000000e+04,1.942500000000000000e+04,1.960000000000000000e+04,1.977500000000000000e+04,1.995000000000000000e+04,2.012500000000000000e+04,2.030000000000000000e+04,2.047500000000000000e+04,2.065000000000000000e+04,2.082500000000000000e+04,2.100000000000000000e+04,2.117500000000000000e+04,2.135000000000000000e+04,2.152500000000000000e+04,2.170000000000000000e+04,2.187500000000000000e+04,2.205000000000000000e+04,2.222500000000000000e+04,2.240000000000000000e+04,2.257500000000000000e+04,2.275000000000000000e+04,2.292500000000000000e+04,2.310000000000000000e+04,2.327500000000000000e+04,2.345000000000000000e+04,2.362500000000000000e+04,2.380000000000000000e+04,2.397500000000000000e+04,2.415000000000000000e+04,2.432500000000000000e+04,2.450000000000000000e+04,2.467500000000000000e+04,2.485000000000000000e+04,2.502500000000000000e+04,2.520000000000000000e+04,2.537500000000000000e+04,2.555000000000000000e+04,2.572500000000000000e+04,2.590000000000000000e+04,2.607500000000000000e+04,2.625000000000000000e+04,2.642500000000000000e+04,2.660000000000000000e+04,2.677500000000000000e+04,2.695000000000000000e+04,2.712500000000000000e+04,2.730000000000000000e+04,2.747500000000000000e+04,2.765000000000000000e+04,2.782500000000000000e+04,2.800000000000000000e+04,2.817500000000000000e+04,2.835000000000000000e+04,2.852500000000000000e+04,2.870000000000000000e+04,2.887500000000000000e+04,2.905000000000000000e+04,2.922500000000000000e+04,2.940000000000000000e+04,2.957500000000000000e+04,2.975000000000000000e+04,2.992500000000000000e+04,3.010000000000000000e+04,3.027500000000000000e+04,3.045000000000000000e+04,3.062500000000000000e+04,3.080000000000000000e+04,3.097500000000000000e+04,3.115000000000000000e+04,3.132500000000000000e+04,3.150000000000000000e+04,3.167500000000000000e+04,3.185000000000000000e+04,3.202500000000000000e+04,3.220000000000000000e+04,3.237500000000000000e+04,3.255000000000000000e+04,3.272500000000000000e+04,3.290000000000000000e+04,3.307500000000000000e+04,3.325000000000000000e+04,3.342500000000000000e+04,3.360000000000000000e+04,3.377500000000000000e+04,3.395000000000000000e+04,3.412500000000000000e+04,3.430000000000000000e+04,3.447500000000000000e+04,3.465000000000000000e+04,3.482500000000000000e+04,3.500000000000000000e+04,3.517500000000000000e+04,3.535000000000000000e+04,3.552500000000000000e+04,3.570000000000000000e+04,3.587500000000000000e+04,3.605000000000000000e+04,3.622500000000000000e+04,3.640000000000000000e+04,3.657500000000000000e+04,3.675000000000000000e+04,3.692500000000000000e+04,3.710000000000000000e+04,3.727500000000000000e+04,3.745000000000000000e+04,3.762500000000000000e+04,3.780000000000000000e+04,3.797500000000000000e+04,3.815000000000000000e+04,3.832500000000000000e+04,3.850000000000000000e+04,3.867500000000000000e+04,3.885000000000000000e+04,3.902500000000000000e+04,3.920000000000000000e+04,3.937500000000000000e+04,3.955000000000000000e+04,3.972500000000000000e+04,3.990000000000000000e+04,4.007500000000000000e+04,4.025000000000000000e+04,4.042500000000000000e+04,4.060000000000000000e+04,4.077500000000000000e+04,4.095000000000000000e+04,4.112500000000000000e+04,4.130000000000000000e+04,4.147500000000000000e+04,4.165000000000000000e+04,4.182500000000000000e+04,4.200000000000000000e+04,4.217500000000000000e+04,4.235000000000000000e+04,4.252500000000000000e+04,4.270000000000000000e+04,4.287500000000000000e+04,4.305000000000000000e+04,4.322500000000000000e+04,4.340000000000000000e+04,4.357500000000000000e+04,4.375000000000000000e+04,4.392500000000000000e+04,4.410000000000000000e+04,4.427500000000000000e+04,4.445000000000000000e+04,4.462500000000000000e+04,4.480000000000000000e+04,4.497500000000000000e+04,4.515000000000000000e+04,4.532500000000000000e+04,4.550000000000000000e+04,4.567500000000000000e+04,4.585000000000000000e+04,4.602500000000000000e+04,4.620000000000000000e+04,4.637500000000000000e+04,4.655000000000000000e+04,4.672500000000000000e+04,4.690000000000000000e+04,4.707500000000000000e+04,4.725000000000000000e+04,4.742500000000000000e+04,4.760000000000000000e+04,4.777500000000000000e+04,4.795000000000000000e+04,4.812500000000000000e+04,4.830000000000000000e+04,4.847500000000000000e+04,4.865000000000000000e+04,4.882500000000000000e+04,4.900000000000000000e+04,4.917500000000000000e+04,4.935000000000000000e+04,4.952500000000000000e+04,4.970000000000000000e+04,4.987500000000000000e+04,5.005000000000000000e+04,5.022500000000000000e+04,5.040000000000000000e+04,5.057500000000000000e+04,5.075000000000000000e+04,5.092500000000000000e+04,5.110000000000000000e+04,5.127500000000000000e+04,5.145000000000000000e+04,5.162500000000000000e+04,5.180000000000000000e+04,5.197500000000000000e+04,5.215000000000000000e+04,5.232500000000000000e+04
0.000000000000000000e+00,1.760000000000000000e+02,3.520000000000000000e+02,5.280000000000000000e+02,7.040000000000000000e+02,8.800000000000000000e+02,1.056000000000000000e+03,1.232000000000000000e+03,1.408000000000000000e+03,1.584000000000000000e+03,1.760000000000000000e+03,1.936000000000000000e+03,2.112000000000000000e+03,2.288000000000000000e+03,2.464000000000000000e+03,2.640000000000000000e+03,2.816000000000000000e+03,2.992000000000000000e+03,3.168000000000000000e+03,3.344000000000000000e+03,3.520000000000000000e+03,3.696000000000000000e+03,3.872000000000000000e+03,4.048000000000000000e+03,4.224000000000000000e+03,4.400000000000000000e+03,4.576000000000000000e+03,4.752000000000000000e+03,4.928000000000000000e+03,5.104000000000000000e+03,5.280000000000000000e+03,5.456000000000000000e+03,5.632000000000000000e+03,5.808000000000000000e+03,5.984000000000000000e+03,6.160000000000000000e+03,6.336000000000000000e+03,6.512000000000000000e+03,6.688000000000000000e+03,6.864000000000000000e+03,7.040000000000000000e+03,7.216000000000000000e+03,7.392000000000000000e+03,7.568000000000000000e+03,7.744000000000000000e+03,7.920000000000000000e+03,8.096000000000000000e+03,8.272000000000000000e+03,8.448000000000000000e+03,8.624000000000000000e+03,8.800000000000000000e+03,8.976000000000000000e+03,9.152000000000000000e+03,9.328000000000000000e+03,9.504000000000000000e+03,9.680000000000000000e+03,9.856000000000000000e+03,1.003200000000000000e+04,1.020800000000000000e+04,1.038400000000000000e+04,1.056000000000000000e+04,1.073600000000000000e+04,1.091200000000000000e+04,1.108800000000000000e+04,1.126400000000000000e+04,1.144000000000000000e+04,1.161600000000000000e+04,1.179200000000000000e+04,1.196800000000000000e+04,1.214400000000000000e+04,1.232000000000000000e+04,1.249600000000000000e+04,1.267200000000000000e+04,1.284800000000000000e+04,1.302400000000000000e+04,1.320000000000000000e+04,1.337600000000000000e+04,1.355200000000000000e+04,1.372800000000000000e+04,1.390400000000000000e+04,1.408000000000000000e+04,1.425600000000000000e+04,1.443200000000000000e+04,1.460800000000000000e+04,1.478400000000000000e+04,1.496000000000000000e+04,1.513600000000000000e+04,1.531200000000000000e+04,1.548800000000000000e+04,1.566400000000000000e+04,1.584000000000000000e+04,1.601600000000000000e+04,1.619200000000000000e+04,1.636800000000000000e+04,1.654400000000000000e+04,1.672000000000000000e+04,1.689600000000000000e+04,1.707200000000000000e+04,1.724800000000000000e+04,1.742400000000000000e+04,1.760000000000000000e+04,1.777600000000000000e+04,1.795200000000000000e+04,1.812800000000000000e+04,1.830400000000000000e+04,1.848000000000000000e+04,1.865600000000000000e+04,1.883200000000000000e+04,1.900800000000000000e+04,1.918400000000000000e+04,1.936000000000000000e+04,1.953600000000000000e+04,1.971200000000000000e+04,1.988800000000000000e+04,2.006400000000000000e+04,2.024000000000000000e+04,2.041600000000000000e+04,2.059200000000000000e+04,2.076800000000000000e+04,2.094400000000000000e+04,2.112000000000000000e+04,2.129600000000000000e+04,2.147200000000000000e+04,2.164800000000000000e+04,2.182400000000000000e+04,2.200000000000000000e+04,2.217600000000000000e+04,2.235200000000000000e+04,2.252800000000000000e+04,2.270400000000000000e+04,2.288000000000000000e+04,2.305600000000000000e+04,2.323200000000000000e+04,2.340800000000000000e+04,2.358400000000000000e+04,2.376000000000000000e+04,2.393600000000000000e+04,2.411200000000000000e+04,2.428800000000000000e+04,2.446400000000000000e+04,2.464000000000000000e+04,2.481600000000000000e+04,2.499200000000000000e+04,2.516800000000000000e+04,2.534400000000000000e+04,2.552000000000000000e+04,2.569600000000000000e+04,2.587200000000000000e+04,2.604800000000000000e+04,2.622400000000000000e+04,2.640000000000000000e+04,2.657600000000000000e+04,2.675200000000000000e+04,2.692800000000000000e+04,2.710400000000000000e+04,2.728000000000000000e+04,2.745600000000000000e+04,2.763200000000000000e+04,2.780800000000000000e+04,2.798400000000000000e+04,2.816000000000000000e+04,2.833600000000000000e+04,2.851200000000000000e+04,2.868800000000000000e+04,2.886400000000000000e+04,2.904000000000000000e+04,2.921600000000000000e+04,2.939200000000000000e+04,2.956800000000000000e+04,2.974400000000000000e+04,2.992000000000000000e+04,3.009600000000000000e+04,3.027200000000000000e+04,3.044800000000000000e+04,3.062400000000000000e+04,3.080000000000000000e+04,3.097600000000000000e+04,3.115200000000000000e+04,3.132800000000000000e+04,3.150400000000000000e+04,3.168000000000000000e+04,3.185600000000000000e+04,3.203200000000000000e+04,3.220800000000000000e+04,3.238400000000000000e+04,3.256000000000000000e+04,3.273600000000000000e+04,3.291200000000000000e+04,3.308800000000000000e+04,3.326400000000000000e+04,3.344000000000000000e+04,3.361600000000000000e+04,3.379200000000000000e+04,3.396800000000000000e+04,3.414400000000000000e+04,3.432000000000000000e+04,3.449600000000000000e+04,3.467200000000000000e+04,3.484800000000000000e+04,3.502400000000000000e+04,3.520000000000000000e+04,3.537600000000000000e+04,3.555200000000000000e+04,3.572800000000000000e+04,3.590400000000000000e+04,3.608000000000000000e+04,3.625600000000000000e+04,3.643200000000000000e+04,3.660800000000000000e+04,3.678400000000000000e+04,3.696000000000000000e+04,3.713600000000000000e+04,3.731200000000000000e+04,3.748800000000000000e+04,3.766400000000000000e+04,3.784000000000000000e+04,3.801600000000000000e+04,3.819200000000000000e+04,3.836800000000000000e+04,3.854400000000000000e+04,3.872000000000000000e+04,3.889600000000000000e+04,3.907200000000000000e+04,3.924800000000000000e+04,3.942400000000000000e+04,3.960000000000000000e+04,3.977600000000000000e+04,3.995200000000000000e+04,4.012800000000000000e+04,4.030400000000000000e+04,4.048000000000000000e+04,4.065600000000000000e+04,4.083200000000000000e+04,4.100800000000000000e+04,4.118400000000000000e+04,4.136000000000000000e+04,4.153600000000000000e+04,4.171200000000000000e+04,4.188800000000000000e+04,4.206400000000000000e+04,4.224000000000000000e+04,4.241600000000000000e+04,4.259200000000000000e+04,4.276800000000000000e+04,4.294400000000000000e+04,4.312000000000000000e+04,4.329600000000000000e+04,4.347200000000000000e+04,4.364800000000000000e+04,4.382400000000000000e+04,4.400000000000000000e+04,4.417600000000000000e+04,4.435200000000000000e+04,4.452800000000000000e+04,4.470400000000000000e+04,4.488000000000000000e+04,4.505600000000000000e+04,4.523200000000000000e+04,4.540800000000000000e+04,4.558400000000000000e+04,4.576000000000000000e+04,4.593600000000000000e+04,4.611200000000000000e+04,4.628800000000000000e+04,4.646400000000000000e+04,4.664000000000000000e+04,4.681600000000000000e+04,4.699200000000000000e+04,4.716800000000000000e+04,4.734400000000000000e+04,4.752000000000000000e+04,4.769600000000000000e+04,4.787200000000000000e+04,4.804800000000000000e+04,4.822400000000000000e+04,4.840000000000000000e+04,4.857600000000000000e+04,4.875200000000000000e+04,4.892800000000000000e+04,4.910400000000000000e+04,4.928000000000000000e+04,4.945600000000000000e+04,4.963200000000000000e+04,4.980800000000000000e+04,4.998400000000000000e+04,5.016000000000000000e+04,5.033600000000000000e+04,5.051200000000000000e+04,5.068800000000000000e+04,5.086400000000000000e+04,5.104000000000000000e+04,5.121600000000000000e+04,5.139200000000000000e+04,5.156800000000000000e+04,5.174400000000000000e+04,5.192000000000000000e+04,5.209600000000000000e+04,5.227200000000000000e+04,5.244800000000000000e+04,5.262400000000000000e+04
0.000000000000000000e+00,1.770000000000000000e+02,3.540000000000000000e+02,5.310000000000000000e+02,7.080000000000000000e+02,8.850000000000000000e+02,1.062000000000000000e+03,1.239000000000000000e+03,1.416000000000000000e+03,1.593000000000000000e+03,1.770000000000000000e+03,1.947000000000000000e+03,2.124000000000000000e+03,2.301000000000000000e+03,2.478000000000000000e+03,2.655000000000000000e+03,2.832000000000000000e+03,3.009000000000000000e+03,3.186000000000000000e+03,3.363000000000000000e+03,3.540000000000000000e+03,3.717000000000000000e+03,3.894000000000000000e+03,4.071000000000000000e+03,4.248000000000000000e+03,4.425000000000000000e+03,4.602000000000000000e+03,4.779000000000000000e+03,4.956000000000000000e+03,5.133000000000000000e+03,5.310000000000000000e+03,5.487000000000000000e+03,5.664000000000000000e+03,5.841000000000000000e+03,6.018000000000000000e+03,6.195000000000000000e+03,6.372000000000000000e+03,6.549000000000000000e+03,6.726000000000000000e+03,6.903000000000000000e+03,7.080000000000000000e+03,7.257000000000000000e+03,7.434000000000000000e+03,7.611000000000000000e+03,7.788000000000000000e+03,7.965000000000000000e+03,8.142000000000000000e+03,8.319000000000000000e+03,8.496000000000000000e+03,8.673000000000000000e+03,8.850000000000000000e+03,9.027000000000000000e+03,9.204000000000000000e+03,9.381000000000000000e+03,9.558000000000000000e+03,9.735000000000000000e+03,9.912000000000000000e+03,1.008900000000000000e+04,1.026600000000000000e+04,1.044300000000000000e+04,1.062000000000000000e+04,1.079700000000000000e+04,1.097400000000000000e+04,1.115100000000000000e+04,1.132800000000000000e+04,1.150500000000000000e+04,1.168200000000000000e+04,1.185900000000000000e+04,1.203600000000000000e+04,1.221300000000000000e+04,1.239000000000000000e+04,1.256700000000000000e+04,1.274400000000000000e+04,1.292100000000000000e+04,1.309800000000000000e+04,1.327500000000000000e+04,1.345200000000000000e+04,1.362900000000000000e+04,1.380600000000000000e+04,1.398300000000000000e+04,1.416000000000000000e+04,1.433700000000000000e+04,1.451400000000000000e+04,1.469100000000000000e+04,1.486800000000000000e+04,1.504500000000000000e+04,1.522200000000000000e+04,1.539900000000000000e+04,1.557600000000000000e+04,1.575300000000000000e+04,1.593000000000000000e+04,1.610700000000000000e+04,1.628400000000000000e+04,1.646100000000000000e+04,1.663800000000000000e+04,1.681500000000000000e+04,1.699200000000000000e+04,1.716900000000000000e+04,1.734600000000000000e+04,1.752300000000000000e+04,1.770000000000000000e+04,1.787700000000000000e+04,1.805400000000000000e+04,1.823100000000000000e+04,1.840800000000000000e+04,1.858500000000000000e+04,1.876200000000000000e+04,1.893900000000000000e+04,1.911600000000000000e+04,1.929300000000000000e+04,1.947000000000000000e+04,1.964700000000000000e+04,1.982400000000000000e+04,2.000100000000000000e+04,2.017800000000000000e+04,2.035500000000000000e+04,2.053200000000000000e+04,2.070900000000000000e+04,2.088600000000000000e+04,2.106300000000000000e+04,2.124000000000000000e+04,2.141700000000000000e+04,2.159400000000000000e+04,2.177100000000000000e+04,2.194800000000000000e+04,2.212500000000000000e+04,2.230200000000000000e+04,2.247900000000000000e+04,2.265600000000000000e+04,2.283300000000000000e+04,2.301000000000000000e+04,2.318700000000000000e+04,2.336400000000000000e+04,2.354100000000000000e+04,2.371800000000000000e+04,2.389500000000000000e+04,2.407200000000000000e+04,2.424900000000000000e+04,2.442600000000000000e+04,2.460300000000000000e+04,2.478000000000000000e+04,2.495700000000000000e+04,2.513400000000000000e+04,2.531100000000000000e+04,2.548800000000000000e+04,2.566500000000000000e+04,2.584200000000000000e+04,2.601900000000000000e+04,2.619600000000000000e+04,2.637300000000000000e+04,2.655000000000000000e+04,2.672700000000000000e+04,2.690400000000000000e+04,2.708100000000000000e+04,2.725800000000000000e+04,2.743500000000000000e+04,2.761200000000000000e+04,2.778900000000000000e+04,2.796600000000000000e+04,2.814300000000000000e+04,2.832000000000000000e+04,2.849700000000000000e+04,2.867400000000000000e+04,2.885100000000000000e+04,2.902800000000000000e+04,2.920500000000000000e+04,2.938200000000000000e+04,2.955900000000000000e+04,2.973600000000000000e+04,2.991300000000000000e+04,3.009000000000000000e+04,3.026700000000000000e+04,3.044400000000000000e+04,3.062100000000000000e+04,3.079800000000000000e+04,3.097500000000000000e+04,3.115200000000000000e+04,3.132900000000000000e+04,3.150600000000000000e+04,3.168300000000000000e+04,3.186000000000000000e+04,3.203700000000000000e+04,3.221400000000000000e+04,3.239100000000000000e+04,3.256800000000000000e+04,3.274500000000000000e+04,3.292200000000000000e+04,3.309900000000000000e+04,3.327600000000000000e+04,3.345300000000000000e+04,3.363000000000000000e+04,3.380700000000000000e+04,3.398400000000000000e+04,3.416100000000000000e+04,3.433800000000000000e+04,3.451500000000000000e+04,3.469200000000000000e+04,3.486900000000000000e+04,3.504600000000000000e+04,3.522300000000000000e+04,3.540000000000000000e+04,3.557700000000000000e+04,3.575400000000000000e+04,3.593100000000000000e+04,3.610800000000000000e+04,3.628500000000000000e+04,3.646200000000000000e+04,3.663900000000000000e+04,3.681600000000000000e+04,3.699300000000000000e+04,3.717000000000000000e+04,3.734700000000000000e+04,3.752400000000000000e+04,3.770100000000000000e+04,3.787800000000000000e+04,3.805500000000000000e+04,3.823200000000000000e+04,3.840900000000000000e+04,3.858600000000000000e+04,3.876300000000000000e+04,3.894000000000000000e+04,3.911700000000000000e+04,3.929400000000000000e+04,3.947100000000000000e+04,3.964800000000000000e+04,3.982500000000000000e+04,4.000200000000000000e+04,4.017900000000000000e+04,4.035600000000000000e+04,4.053300000000000000e+04,4.071000000000000000e+04,4.088700000000000000e+04,4.106400000000000000e+04,4.124100000000000000e+04,4.141800000000000000e+04,4.159500000000000000e+04,4.177200000000000000e+04,4.194900000000000000e+04,4.212600000000000000e+04,4.230300000000000000e+04,4.248000000000000000e+04,4.265700000000000000e+04,4.283400000000000000e+04,4.301100000000000000e+04,4.318800000000000000e+04,4.336500000000000000e+04,4.354200000000000000e+04,4.371900000000000000e+04,4.389600000000000000e+04,4.407300000000000000e+04,4.425000000000000000e+04,4.442700000000000000e+04,4.460400000000000000e+04,4.478100000000000000e+04,4.495800000000000000e+04,4.513500000000000000e+04,4.531200000000000000e+04,4.548900000000000000e+04,4.566600000000000000e+04,4.584300000000000000e+04,4.602000000000000000e+04,4.619700000000000000e+04,4.637400000000000000e+04,4.655100000000000000e+04,4.672800000000000000e+04,4.690500000000000000e+04,4.708200000000000000e+04,4.725900000000000000e+04,4.743600000000000000e+04,4.761300000000000000e+04,4.779000000000000000e+04,4.796700000000000000e+04,4.814400000000000000e+04,4.832100000000000000e+04,4.849800000000000000e+04,4.867500000000000000e+04,4.885200000000000000e+04,4.902900000000000000e+04,4.920600000000000000e+04,4.938300000000000000e+04,4.956000000000000000e+04,4.973700000000000000e+04,4.991400000000000000e+04,5.009100000000000000e+04,5.026800000000000000e+04,5.044500000000000000e+04,5.062200000000000000e+04,5.079900000000000000e+04,5.097600000000000000e+04,5.115300000000000000e+04,5.133000000000000000e+04,5.150700000000000000e+04,5.168400000000000000e+04,5.186100000000000000e+04,5.203800000000000000e+04,5.221500000000000000e+04,5.239200000000000000e+04,5.256900000000000000e+04,5.274600000000000000e+04,5.292300000000000000e+04
0.000000000000000000e+00,1.780000000000000000e+02,3.560000000000000000e+02,5.340000000000000000e+02,7.120000000000000000e+02,8.900000000000000000e+02,1.068000000000000000e+03,1.246000000000000000e+03,1.424000000000000000e+03,1.602000000000000000e+03,1.780000000000000000e+03,1.958000000000000000e+03,2.136000000000000000e+03,2.314000000000000000e+03,2.492000000000000000e+03,2.670000000000000000e+03,2.848000000000000000e+03,3.026000000000000000e+03,3.204000000000000000e+03,3.382000000000000000e+03,3.560000000000000000e+03,3.738000000000000000e+03,3.916000000000000000e+03,4.094000000000000000e+03,4.272000000000000000e+03,4.450000000000000000e+03,4.628000000000000000e+03,4.806000000000000000e+03,4.984000000000000000e+03,5.162000000000000000e+03,5.340000000000000000e+03,5.518000000000000000e+03,5.696000000000000000e+03,5.874000000000000000e+03,6.052000000000000000e+03,6.230000000000000000e+03,6.408000000000000000e+03,6.586000000000000000e+03,6.764000000000000000e+03,6.942000000000000000e+03,7.120000000000000000e+03,7.298000000000000000e+03,7.476000000000000000e+03,7.654000000000000000e+03,7.832000000000000000e+03,8.010000000000000000e+03,8.188000000000000000e+03,8.366000000000000000e+03,8.544000000000000000e+03,8.722000000000000000e+03,8.900000000000000000e+03,9.078000000000000000e+03,9.256000000000000000e+03,9.434000000000000000e+03,9.612000000000000000e+03,9.790000000000000000e+03,9.968000000000000000e+03,1.014600000000000000e+04,1.032400000000000000e+04,1.050200000000000000e+04,1.068000000000000000e+04,1.085800000000000000e+04,1.103600000000000000e+04,1.121400000000000000e+04,1.139200000000000000e+04,1.157000000000000000e+04,1.174800000000000000e+04,1.192600000000000000e+04,1.210400000000000000e+04,1.228200000000000000e+04,1.246000000000000000e+04,1.263800000000000000e+04,1.281600000000000000e+04,1.299400000000000000e+04,1.317200000000000000e+04,1.335000000000000000e+04,1.352800000000000000e+04,1.370600000000000000e+04,1.388400000000000000e+04,1.406200000000000000e+04,1.424000000000000000e+04,1.441800000000000000e+04,1.459600000000000000e+04,1.477400000000000000e+04,1.495200000000000000e+04,1.513000000000000000e+04,1.530800000000000000e+04,1.548600000000000000e+04,1.566400000000000000e+04,1.584200000000000000e+04,1.602000000000000000e+04,1.619800000000000000e+04,1.637600000000000000e+04,1.655400000000000000e+04,1.673200000000000000e+04,1.691000000000000000e+04,1.708800000000000000e+04,1.726600000000000000e+04,1.744400000000000000e+04,1.762200000000000000e+04,1.780000000000000000e+04,1.797800000000000000e+04,1.815600000000000000e+04,1.833400000000000000e+04,1.851200000000000000e+04,1.869000000000000000e+04,1.886800000000000000e+04,1.904600000000000000e+04,1.922400000000000000e+04,1.940200000000000000e+04,1.958000000000000000e+04,1.975800000000000000e+04,1.993600000000000000e+04,2.011400000000000000e+04,2.029200000000000000e+04,2.047000000000000000e+04,2.064800000000000000e+04,2.082600000000000000e+04,2.100400000000000000e+04,2.118200000000000000e+04,2.136000000000000000e+04,2.153800000000000000e+04,2.171600000000000000e+04,2.189400000000000000e+04,2.207200000000000000e+04,2.225000000000000000e+04,2.242800000000000000e+04,2.260600000000000000e+04,2.278400000000000000e+04,2.296200000000000000e+04,2.314000000000000000e+04,2.331800000000000000e+04,2.349600000000000000e+04,2.367400000000000000e+04,2.385200000000000000e+04,2.403000000000000000e+04,2.420800000000000000e+04,2.438600000000000000e+04,2.456400000000000000e+04,2.474200000000000000e+04,2.492000000000000000e+04,2.509800000000000000e+04,2.527600000000000000e+04,2.545400000000000000e+04,2.563200000000000000e+04,2.581000000000000000e+04,2.598800000000000000e+04,2.616600000000000000e+04,2.634400000000000000e+04,2.652200000000000000e+04,2.670000000000000000e+04,2.687800000000000000e+04,2.705600000000000000e+04,2.723400000000000000e+04,2.741200000000000000e+04,2.759000000000000000e+04,2.776800000000000000e+04,2.794600000000000000e+04,2.812400000000000000e+04,2.830200000000000000e+04,2.848000000000000000e+04,2.865800000000000000e+04,2.883600000000000000e+04,2.901400000000000000e+04,2.919200000000000000e+04,2.937000000000000000e+04,2.954800000000000000e+04,2.972600000000000000e+04,2.990400000000000000e+04,3.008200000000000000e+04,3.026000000000000000e+04,3.043800000000000000e+04,3.061600000000000000e+04,3.079400000000000000e+04,3.097200000000000000e+04,3.115000000000000000e+04,3.132800000000000000e+04,3.150600000000000000e+04,3.168400000000000000e+04,3.186200000000000000e+04,3.204000000000000000e+04,3.221800000000000000e+04,3.239600000000000000e+04,3.257400000000000000e+04,3.275200000000000000e+04,3.293000000000000000e+04,3.310800000000000000e+04,3.328600000000000000e+04,3.346400000000000000e+04,3.364200000000000000e+04,3.382000000000000000e+04,3.399800000000000000e+04,3.417600000000000000e+04,3.435400000000000000e+04,3.453200000000000000e+04,3.471000000000000000e+04,3.488800000000000000e+04,3.506600000000000000e+04,3.524400000000000000e+04,3.542200000000000000e+04,3.560000000000000000e+04,3.577800000000000000e+04,3.595600000000000000e+04,3.613400000000000000e+04,3.631200000000000000e+04,3.649000000000000000e+04,3.666800000000000000e+04,3.684600000000000000e+04,3.702400000000000000e+04,3.720200000000000000e+04,3.738000000000000000e+04,3.755800000000000000e+04,3.773600000000000000e+04,3.791400000000000000e+04,3.809200000000000000e+04,3.827000000000000000e+04,3.844800000000000000e+04,3.862600000000000000e+04,3.880400000000000000e+04,3.898200000000000000e+04,3.916000000000000000e+04,3.933800000000000000e+04,3.951600000000000000e+04,3.969400000000000000e+04,3.987200000000000000e+04,4.005000000000000000e+04,4.022800000000000000e+04,4.040600000000000000e+04,4.058400000000000000e+04,4.076200000000000000e+04,4.094000000000000000e+04,4.111800000000000000e+04,4.129600000000000000e+04,4.147400000000000000e+04,4.165200000000000000e+04,4.183000000000000000e+04,4.200800000000000000e+04,4.218600000000000000e+04,4.236400000000000000e+04,4.254200000000000000e+04,4.272000000000000000e+04,4.289800000000000000e+04,4.307600000000000000e+04,4.325400000000000000e+04,4.343200000000000000e+04,4.361000000000000000e+04,4.378800000000000000e+04,4.396600000000000000e+04,4.414400000000000000e+04,4.432200000000000000e+04,4.450000000000000000e+04,4.467800000000000000e+04,4.485600000000000000e+04,4.503400000000000000e+04,4.521200000000000000e+04,4.539000000000000000e+04,4.556800000000000000e+04,4.574600000000000000e+04,4.592400000000000000e+04,4.610200000000000000e+04,4.628000000000000000e+04,4.645800000000000000e+04,4.663600000000000000e+04,4.681400000000000000e+04,4.699200000000000000e+04,4.717000000000000000e+04,4.734800000000000000e+04,4.752600000000000000e+04,4.770400000000000000e+04,4.788200000000000000e+04,4.806000000000000000e+04,4.823800000000000000e+04,4.841600000000000000e+04,4.859400000000000000e+04,4.877200000000000000e+04,4.895000000000000000e+04,4.912800000000000000e+04,4.930600000000000000e+04,4.948400000000000000e+04,4.966200000000000000e+04,4.984000000000000000e+04,5.001800000000000000e+04,5.019600000000000000e+04,5.037400000000000000e+04,5.055200000000000000e+04,5.073000000000000000e+04,5.090800000000000000e+04,5.108600000000000000e+04,5.126400000000000000e+04,5.144200000000000000e+04,5.162000000000000000e+04,5.179800000000000000e+04,5.197600000000000000e+04,5.215400000000000000e+04,5.233200000000000000e+04,5.251000000000000000e+04,5.268800000000000000e+04,5.286600000000000000e+04,5.304400000000000000e+04,5.322200000000000000e+04
0.000000000000000000e+00,1.790000000000000000e+02,3.580000000000000000e+02,5.370000000000000000e+02,7.160000000000000000e+02,8.950000000000000000e+02,1.074000000000000000e+03,1.253000000000000000e+03,1.432000000000000000e+03,1.611000000000000000e+03,1.790000000000000000e+03,1.969000000000000000e+03,2.148000000000000000e+03,2.327000000000000000e+03,2.506000000000000000e+03,2.685000000000000000e+03,2.864000000000000000e+03,3.043000000000000000e+03,3.222000000000000000e+03,3.401000000000000000e+03,3.580000000000000000e+03,3.759000000000000000e+03,3.938000000000000000e+03,4.117000000000000000e+03,4.296000000000000000e+03,4.475000000000000000e+03,4.654000000000000000e+03,4.833000000000000000e+03,5.012000000000000000e+03,5.191000000000000000e+03,5.370000000000000000e+03,5.549000000000000000e+03,5.728000000000000000e+03,5.907000000000000000e+03,6.086000000000000000e+03,6.265000000000000000e+03,6.444000000000000000e+03,6.623000000000000000e+03,6.802000000000000000e+03,6.981000000000000000e+03,7.160000000000000000e+03,7.339000000000000000e+03,7.518000000000000000e+03,7.697000000000000000e+03,7.876000000000000000e+03,8.055000000000000000e+03,8.234000000000000000e+03,8.413000000000000000e+03,8.592000000000000000e+03,8.771000000000000000e+03,8.950000000000000000e+03,9.129000000000000000e+03,9.308000000000000000e+03,9.487000000000000000e+03,9.666000000000000000e+03,9.845000000000000000e+03,1.002400000000000000e+04,1.020300000000000000e+04,1.038200000000000000e+04,1.056100000000000000e+04,1.074000000000000000e+04,1.091900000000000000e+04,1.109800000000000000e+04,1.127700000000000000e+04,1.145600000000000000e+04,1.163500000000000000e+04,1.181400000000000000e+04,1.199300000000000000e+04,1.217200000000000000e+04,1.235100000000000000e+04,1.253000000000000000e+04,1.270900000000000000e+04,1.288800000000000000e+04,1.306700000000000000e+04,1.324600000000000000e+04,1.342500000000000000e+04,1.360400000000000000e+04,1.378300000000000000e+04,1.396200000000000000e+04,1.414100000000000000e+04,1.432000000000000000e+04,1.449900000000000000e+04,1.467800000000000000e+04,1.485700000000000000e+04,1.503600000000000000e+04,1.521500000000000000e+04,1.539400000000000000e+04,1.557300000000000000e+04,1.575200000000000000e+04,1.593100000000000000e+04,1.611000000000000000e+04,1.628900000000000000e+04,1.646800000000000000e+04,1.664700000000000000e+04,1.682600000000000000e+04,1.700500000000000000e+04,1.718400000000000000e+04,1.736300000000000000e+04,1.754200000000000000e+04,1.772100000000000000e+04,1.790000000000000000e+04,1.807900000000000000e+04,1.825800000000000000e+04,1.843700000000000000e+04,1.861600000000000000e+04,1.879500000000000000e+04,1.897400000000000000e+04,1.915300000000000000e+04,1.933200000000000000e+04,1.951100000000000000e+04,1.969000000000000000e+04,1.986900000000000000e+04,2.004800000000000000e+04,2.022700000000000000e+04,2.040600000000000000e+04,2.058500000000000000e+04,2.076400000000000000e+04,2.094300000000000000e+04,2.112200000000000000e+04,2.130100000000000000e+04,2.148000000000000000e+04,2.165900000000000000e+04,2.183800000000000000e+04,2.201700000000000000e+04,2.219600000000000000e+04,2.237500000000000000e+04,2.255400000000000000e+04,2.273300000000000000e+04,2.291200000000000000e+04,2.309100000000000000e+04,2.327000000000000000e+04,2.344900000000000000e+04,2.362800000000000000e+04,2.380700000000000000e+04,2.398600000000000000e+04,2.416500000000000000e+04,2.434400000000000000e+04,2.452300000000000000e+04,2.470200000000000000e+04,2.488100000000000000e+04,2.506000000000000000e+04,2.523900000000000000e+04,2.541800000000000000e+04,2.559700000000000000e+04,2.577600000000000000e+04,2.595500000000000000e+04,2.613400000000000000e+04,2.631300000000000000e+04,2.649200000000000000e+04,2.667100000000000000e+04,2.685000000000000000e+04,2.702900000000000000e+04,2.720800000000000000e+04,2.738700000000000000e+04,2.756600000000000000e+04,2.774500000000000000e+04,2.792400000000000000e+04,2.810300000000000000e+04,2.828200000000000000e+04,2.846100000000000000e+04,2.864000000000000000e+04,2.881900000000000000e+04,2.899800000000000000e+04,2.917700000000000000e+04,2.935600000000000000e+04,2.953500000000000000e+04,2.971400000000000000e+04,2.989300000000000000e+04,3.007200000000000000e+04,3.025100000000000000e+04,3.043000000000000000e+04,3.060900000000000000e+04,3.078800000000000000e+04,3.096700000000000000e+04,3.114600000000000000e+04,3.132500000000000000e+04,3.150400000000000000e+04,3.168300000000000000e+04,3.186200000000000000e+04,3.204100000000000000e+04,3.222000000000000000e+04,3.239900000000000000e+04,3.257800000000000000e+04,3.275700000000000000e+04,3.293600000000000000e+04,3.311500000000000000e+04,3.329400000000000000e+04,3.347300000000000000e+04,3.365200000000000000e+04,3.383100000000000000e+04,3.401000000000000000e+04,3.418900000000000000e+04,3.436800000000000000e+04,3.454700000000000000e+04,3.472600000000000000e+04,3.490500000000000000e+04,3.508400000000000000e+04,3.526300000000000000e+04,3.544200000000000000e+04,3.562100000000000000e+04,3.580000000000000000e+04,3.597900000000000000e+04,3.615800000000000000e+04,3.633700000000000000e+04,3.651600000000000000e+04,3.669500000000000000e+04,3.687400000000000000e+04,3.705300000000000000e+04,3.723200000000000000e+04,3.741100000000000000e+04,3.759000000000000000e+04,3.776900000000000000e+04,3.794800000000000000e+04,3.812700000000000000e+04,3.830600000000000000e+04,3.848500000000000000e+04,3.866400000000000000e+04,3.884300000000000000e+04,3.902200000000000000e+04,3.920100000000000000e+04,3.938000000000000000e+04,3.955900000000000000e+04,3.973800000000000000e+04,3.991700000000000000e+04,4.009600000000000000e+04,4.027500000000000000e+04,4.045400000000000000e+04,4.063300000000000000e+04,4.081200000000000000e+04,4.099100000000000000e+04,4.117000000000000000e+04,4.134900000000000000e+04,4.152800000000000000e+04,4.170700000000000000e+04,4.188600000000000000e+04,4.206500000000000000e+04,4.224400000000000000e+04,4.242300000000000000e+04,4.260200000000000000e+04,4.278100000000000000e+04,4.296000000000000000e+04,4.313900000000000000e+04,4.331800000000000000e+04,4.349700000000000000e+04,4.367600000000000000e+04,4.385500000000000000e+04,4.403400000000000000e+04,4.421300000000000000e+04,4.439200000000000000e+04,4.457100000000000000e+04,4.475000000000000000e+04,4.492900000000000000e+04,4.510800000000000000e+04,4.528700000000000000e+04,4.546600000000000000e+04,4.564500000000000000e+04,4.582400000000000000e+04,4.600300000000000000e+04,4.618200000000000000e+04,4.636100000000000000e+04,4.654000000000000000e+04,4.671900000000000000e+04,4.689800000000000000e+04,4.707700000000000000e+04,4.725600000000000000e+04,4.743500000000000000e+04,4.761400000000000000e+04,4.779300000000000000e+04,4.797200000000000000e+04,4.815100000000000000e+04,4.833000000000000000e+04,4.850900000000000000e+04,4.868800000000000000e+04,4.886700000000000000e+04,4.904600000000000000e+04,4.922500000000000000e+04,4.940400000000000000e+04,4.958300000000000000e+04,4.976200000000000000e+04,4.994100000000000000e+04,5.012000000000000000e+04,5.029900000000000000e+04,5.047800000000000000e+04,5.065700000000000000e+04,5.083600000000000000e+04,5.101500000000000000e+04,5.119400000000000000e+04,5.137300000000000000e+04,5.155200000000000000e+04,5.173100000000000000e+04,5.191000000000000000e+04,5.208900000000000000e+04,5.226800000000000000e+04,5.244700000000000000e+04,5.262600000000000000e+04,5.280500000000000000e+04,5.298400000000000000e+04,5.316300000000000000e+04,5.334200000000000000e+04,5.352100000000000000e+04
0.000000000000000000e+00,1.800000000000000000e+02,3.600000000000000000e+02,5.400000000000000000e+02,7.200000000000000000e+02,9.000000000000000000e+02,1.080000000000000000e+03,1.260000000000000000e+03,1.440000000000000000e+03,1.620000000000000000e+03,1.800000000000000000e+03,1.980000000000000000e+03,2.160000000000000000e+03,2.340000000000000000e+03,2.520000000000000000e+03,2.700000000000000000e+03,2.880000000000000000e+03,3.060000000000000000e+03,3.240000000000000000e+03,3.420000000000000000e+03,3.600000000000000000e+03,3.780000000000000000e+03,3.960000000000000000e+03,4.140000000000000000e+03,4.320000000000000000e+03,4.500000000000000000e+03,4.680000000000000000e+03,4.860000000000000000e+03,5.040000000000000000e+03,5.220000000000000000e+03,5.400000000000000000e+03,5.580000000000000000e+03,5.760000000000000000e+03,5.940000000000000000e+03,6.120000000000000000e+03,6.300000000000000000e+03,6.480000000000000000e+03,6.660000000000000000e+03,6.840000000000000000e+03,7.020000000000000000e+03,7.200000000000000000e+03,7.380000000000000000e+03,7.560000000000000000e+03,7.740000000000000000e+03,7.920000000000000000e+03,8.100000000000000000e+03,8.280000000000000000e+03,8.460000000000000000e+03,8.640000000000000000e+03,8.820000000000000000e+03,9.000000000000000000e+03,9.180000000000000000e+03,9.360000000000000000e+03,9.540000000000000000e+03,9.720000000000000000e+03,9.900000000000000000e+03,1.008000000000000000e+04,1.026000000000000000e+04,1.044000000000000000e+04,1.062000000000000000e+04,1.080000000000000000e+04,1.098000000000000000e+04,1.116000000000000000e+04,1.134000000000000000e+04,1.152000000000000000e+04,1.170000000000000000e+04,1.188000000000000000e+04,1.206000000000000000e+04,1.224000000000000000e+04,1.242000000000000000e+04,1.260000000000000000e+04,1.278000000000000000e+04,1.296000000000000000e+04,1.314000000000000000e+04,1.332000000000000000e+04,1.350000000000000000e+04,1.368000000000000000e+04,1.386000000000000000e+04,1.404000000000000000e+04,1.422000000000000000e+04,1.440000000000000000e+04,1.458000000000000000e+04,1.476000000000000000e+04,1.494000000000000000e+04,1.512000000000000000e+04,1.530000000000000000e+04,1.548000000000000000e+04,1.566000000000000000e+04,1.584000000000000000e+04,1.602000000000000000e+04,1.620000000000000000e+04,1.638000000000000000e+04,1.656000000000000000e+04,1.674000000000000000e+04,1.692000000000000000e+04,1.710000000000000000e+04,1.728000000000000000e+04,1.746000000000000000e+04,1.764000000000000000e+04,1.782000000000000000e+04,1.800000000000000000e+04,1.818000000000000000e+04,1.836000000000000000e+04,1.854000000000000000e+04,1.872000000000000000e+04,1.890000000000000000e+04,1.908000000000000000e+04,1.926000000000000000e+04,1.944000000000000000e+04,1.962000000000000000e+04,1.980000000000000000e+04,1.998000000000000000e+04,2.016000000000000000e+04,2.034000000000000000e+04,2.052000000000000000e+04,2.070000000000000000e+04,2.088000000000000000e+04,2.106000000000000000e+04,2.124000000000000000e+04,2.142000000000000000e+04,2.160000000000000000e+04,2.178000000000000000e+04,2.196000000000000000e+04,2.214000000000000000e+04,2.232000000000000000e+04,2.250000000000000000e+04,2.268000000000000000e+04,2.286000000000000000e+04,2.304000000000000000e+04,2.322000000000000000e+04,2.340000000000000000e+04,2.358000000000000000e+04,2.376000000000000000e+04,2.394000000000000000e+04,2.412000000000000000e+04,2.430000000000000000e+04,2.448000000000000000e+04,2.466000000000000000e+04,2.484000000000000000e+04,2.502000000000000000e+04,2.520000000000000000e+04,2.538000000000000000e+04,2.556000000000000000e+04,2.574000000000000000e+04,2.592000000000000000e+04,2.610000000000000000e+04,2.628000000000000000e+04,2.646000000000000000e+04,2.664000000000000000e+04,2.682000000000000000e+04,2.700000000000000000e+04,2.718000000000000000e+04,2.736000000000000000e+04,2.754000000000000000e+04,2.772000000000000000e+04,2.790000000000000000e+04,2.808000000000000000e+04,2.826000000000000000e+04,2.844000000000000000e+04,2.862000000000000000e+04,2.880000000000000000e+04,2.898000000000000000e+04,2.916000000000000000e+04,2.934000000000000000e+04,2.952000000000000000e+04,2.970000000000000000e+04,2.988000000000000000e+04,3.006000000000000000e+04,3.024000000000000000e+04,3.042000000000000000e+04,3.060000000000000000e+04,3.078000000000000000e+04,3.096000000000000000e+04,3.114000000000000000e+04,3.132000000000000000e+04,3.150000000000000000e+04,3.168000000000000000e+04,3.186000000000000000e+04,3.204000000000000000e+04,3.222000000000000000e+04,3.240000000000000000e+04,3.258000000000000000e+04,3.276000000000000000e+04,3.294000000000000000e+04,3.312000000000000000e+04,3.330000000000000000e+04,3.348000000000000000e+04,3.366000000000000000e+04,3.384000000000000000e+04,3.402000000000000000e+04,3.420000000000000000e+04,3.438000000000000000e+04,3.456000000000000000e+04,3.474000000000000000e+04,3.492000000000000000e+04,3.510000000000000000e+04,3.528000000000000000e+04,3.546000000000000000e+04,3.564000000000000000e+04,3.582000000000000000e+04,3.600000000000000000e+04,3.618000000000000000e+04,3.636000000000000000e+04,3.654000000000000000e+04,3.672000000000000000e+04,3.690000000000000000e+04,3.708000000000000000e+04,3.726000000000000000e+04,3.744000000000000000e+04,3.762000000000000000e+04,3.780000000000000000e+04,3.798000000000000000e+04,3.816000000000000000e+04,3.834000000000000000e+04,3.852000000000000000e+04,3.870000000000000000e+04,3.888000000000000000e+04,3.906000000000000000e+04,3.924000000000000000e+04,3.942000000000000000e+04,3.960000000000000000e+04,3.978000000000000000e+04,3.996000000000000000e+04,4.014000000000000000e+04,4.032000000000000000e+04,4.050000000000000000e+04,4.068000000000000000e+04,4.086000000000000000e+04,4.104000000000000000e+04,4.122000000000000000e+04,4.140000000000000000e+04,4.158000000000000000e+04,4.176000000000000000e+04,4.194000000000000000e+04,4.212000000000000000e+04,4.230000000000000000e+04,4.248000000000000000e+04,4.266000000000000000e+04,4.284000000000000000e+04,4.302000000000000000e+04,4.320000000000000000e+04,4.338000000000000000e+04,4.356000000000000000e+04,4.374000000000000000e+04,4.392000000000000000e+04,4.410000000000000000e+04,4.428000000000000000e+04,4.446000000000000000e+04,4.464000000000000000e+04,4.482000000000000000e+04,4.500000000000000000e+04,4.518000000000000000e+04,4.536000000000000000e+04,4.554000000000000000e+04,4.572000000000000000e+04,4.590000000000000000e+04,4.608000000000000000e+04,4.626000000000000000e+04,4.644000000000000000e+04,4.662000000000000000e+04,4.680000000000000000e+04,4.698000000000000000e+04,4.716000000000000000e+04,4.734000000000000000e+04,4.752000000000000000e+04,4.770000000000000000e+04,4.788000000000000000e+04,4.806000000000000000e+04,4.824000000000000000e+04,4.842000000000000000e+04,4.860000000000000000e+04,4.878000000000000000e+04,4.896000000000000000e+04,4.914000000000000000e+04,4.932000000000000000e+04,4.950000000000000000e+04,4.968000000000000000e+04,4.986000000000000000e+04,5.004000000000000000e+04,5.022000000000000000e+04,5.040000000000000000e+04,5.058000000000000000e+04,5.076000000000000000e+04,5.094000000000000000e+04,5.112000000000000000e+04,5.130000000000000000e+04,5.148000000000000000e+04,5.166000000000000000e+04,5.184000000000000000e+04,5.202000000000000000e+04,5.220000000000000000e+04,5.238000000000000000e+04,5.256000000000000000e+04,5.274000000000000000e+04,5.292000000000000000e+04,5.310000000000000000e+04,5.328000000000000000e+04,5.346000000000000000e+04,5.364000000000000000e+04,5.382000000000000000e+04
0.000000000000000000e+00,1.810000000000000000e+02,3.620000000000000000e+02,5.430000000000000000e+02,7.240000000000000000e+02,9.050000000000000000e+02,1.086000000000000000e+03,1.267000000000000000e+03,1.448000000000000000e+03,1.629000000000000000e+03,1.810000000000000000e+03,1.991000000000000000e+03,2.172000000000000000e+03,2.353000000000000000e+03,2.534000000000000000e+03,2.715000000000000000e+03,2.896000000000000000e+03,3.077000000000000000e+03,3.258000000000000000e+03,3.439000000000000000e+03,3.620000000000000000e+03,3.801000000000000000e+03,3.982000000000000000e+03,4.163000000000000000e+03,4.344000000000000000e+03,4.525000000000000000e+03,4.706000000000000000e+03,4.887000000000000000e+03,5.068000000000000000e+03,5.249000000000000000e+03,5.430000000000000000e+03,5.611000000000000000e+03,5.792000000000000000e+03,5.973000000000000000e+03,6.154000000000000000e+03,6.335000000000000000e+03,6.516000000000000000e+03,6.697000000000000000e+03,6.878000000000000000e+03,7.059000000000000000e+03,7.240000000000000000e+03,7.421000000000000000e+03,7.602000000000000000e+03,7.783000000000000000e+03,7.964000000000000000e+03,8.145000000000000000e+03,8.326000000000000000e+03,8.507000000000000000e+03,8.688000000000000000e+03,8.869000000000000000e+03,9.050000000000000000e+03,9.231000000000000000e+03,9.412000000000000000e+03,9.593000000000000000e+03,9.774000000000000000e+03,9.955000000000000000e+03,1.013600000000000000e+04,1.031700000000000000e+04,1.049800000000000000e+04,1.067900000000000000e+04,1.086000000000000000e+04,1.104100000000000000e+04,1.122200000000000000e+04,1.140300000000000000e+04,1.158400000000000000e+04,1.176500000000000000e+04,1.194600000000000000e+04,1.212700000000000000e+04,1.230800000000000000e+04,1.248900000000000000e+04,1.267000000000000000e+04,1.285100000000000000e+04,1.303200000000000000e+04,1.321300000000000000e+04,1.339400000000000000e+04,1.357500000000000000e+04,1.375600000000000000e+04,1.393700000000000000e+04,1.411800000000000000e+04,1.429900000000000000e+04,1.448000000000000000e+04,1.466100000000000000e+04,1.484200000000000000e+04,1.502300000000000000e+04,1.520400000000000000e+04,1.538500000000000000e+04,1.556600000000000000e+04,1.574700000000000000e+04,1.592800000000000000e+04,1.610900000000000000e+04,1.629000000000000000e+04,1.647100000000000000e+04,1.665200000000000000e+04,1.683300000000000000e+04,1.701400000000000000e+04,1.719500000000000000e+04,1.737600000000000000e+04,1.755700000000000000e+04,1.773800000000000000e+04,1.791900000000000000e+04,1.810000000000000000e+04,1.828100000000000000e+04,1.846200000000000000e+04,1.864300000000000000e+04,1.882400000000000000e+04,1.900500000000000000e+04,1.918600000000000000e+04,1.936700000000000000e+04,1.954800000000000000e+04,1.972900000000000000e+04,1.991000000000000000e+04,2.009100000000000000e+04,2.027200000000000000e+04,2.045300000000000000e+04,2.063400000000000000e+04,2.081500000000000000e+04,2.099600000000000000e+04,2.117700000000000000e+04,2.135800000000000000e+04,2.153900000000000000e+04,2.172000000000000000e+04,2.190100000000000000e+04,2.208200000000000000e+04,2.226300000000000000e+04,2.244400000000000000e+04,2.262500000000000000e+04,2.280600000000000000e+04,2.298700000000000000e+04,2.316800000000000000e+04,2.334900000000000000e+04,2.353000000000000000e+04,2.371100000000000000e+04,2.389200000000000000e+04,2.407300000000000000e+04,2.425400000000000000e+04,2.443500000000000000e+04,2.461600000000000000e+04,2.479700000000000000e+04,2.497800000000000000e+04,2.515900000000000000e+04,2.534000000000000000e+04,2.552100000000000000e+04,2.570200000000000000e+04,2.588300000000000000e+04,2.606400000000000000e+04,2.624500000000000000e+04,2.642600000000000000e+04,2.660700000000000000e+04,2.678800000000000000e+04,2.696900000000000000e+04,2.715000000000000000e+04,2.733100000000000000e+04,2.751200000000000000e+04,2.769300000000000000e+04,2.787400000000000000e+04,2.805500000000000000e+04,2.823600000000000000e+04,2.841700000000000000e+04,2.859800000000000000e+04,2.877900000000000000e+04,2.896000000000000000e+04,2.914100000000000000e+04,2.932200000000000000e+04,2.950300000000000000e+04,2.968400000000000000e+04,2.986500000000000000e+04,3.004600000000000000e+04,3.022700000000000000e+04,3.040800000000000000e+04,3.058900000000000000e+04,3.077000000000000000e+04,3.095100000000000000e+04,3.113200000000000000e+04,3.131300000000000000e+04,3.149400000000000000e+04,3.167500000000000000e+04,3.185600000000000000e+04,3.203700000000000000e+04,3.221800000000000000e+04,3.239900000000000000e+04,3.258000000000000000e+04,3.276100000000000000e+04,3.294200000000000000e+04,3.312300000000000000e+04,3.330400000000000000e+04,3.348500000000000000e+04,3.366600000000000000e+04,3.384700000000000000e+04,3.402800000000000000e+04,3.420900000000000000e+04,3.439000000000000000e+04,3.457100000000000000e+04,3.475200000000000000e+04,3.493300000000000000e+04,3.511400000000000000e+04,3.529500000000000000e+04,3.547600000000000000e+04,3.565700000000000000e+04,3.583800000000000000e+04,3.601900000000000000e+04,3.620000000000000000e+04,3.638100000000000000e+04,3.656200000000000000e+04,3.674300000000000000e+04,3.692400000000000000e+04,3.710500000000000000e+04,3.728600000000000000e+04,3.746700000000000000e+04,3.764800000000000000e+04,3.782900000000000000e+04,3.801000000000000000e+04,3.819100000000000000e+04,3.837200000000000000e+04,3.855300000000000000e+04,3.873400000000000000e+04,3.891500000000000000e+04,3.909600000000000000e+04,3.927700000000000000e+04,3.945800000000000000e+04,3.963900000000000000e+04,3.982000000000000000e+04,4.000100000000000000e+04,4.018200000000000000e+04,4.036300000000000000e+04,4.054400000000000000e+04,4.072500000000000000e+04,4.090600000000000000e+04,4.108700000000000000e+04,4.126800000000000000e+04,4.144900000000000000e+04,4.163000000000000000e+04,4.181100000000000000e+04,4.199200000000000000e+04,4.217300000000000000e+04,4.235400000000000000e+04,4.253500000000000000e+04,4.271600000000000000e+04,4.289700000000000000e+04,4.307800000000000000e+04,4.325900000000000000e+04,4.344000000000000000e+04,4.362100000000000000e+04,4.380200000000000000e+04,4.398300000000000000e+04,4.416400000000000000e+04,4.434500000000000000e+04,4.452600000000000000e+04,4.470700000000000000e+04,4.488800000000000000e+04,4.506900000000000000e+04,4.525000000000000000e+04,4.543100000000000000e+04,4.561200000000000000e+04,4.579300000000000000e+04,4.597400000000000000e+04,4.615500000000000000e+04,4.633600000000000000e+04,4.651700000000000000e+04,4.669800000000000000e+04,4.687900000000000000e+04,4.706000000000000000e+04,4.724100000000000000e+04,4.742200000000000000e+04,4.760300000000000000e+04,4.778400000000000000e+04,4.796500000000000000e+04,4.814600000000000000e+04,4.832700000000000000e+04,4.850800000000000000e+04,4.868900000000000000e+04,4.887000000000000000e+04,4.905100000000000000e+04,4.923200000000000000e+04,4.941300000000000000e+04,4.959400000000000000e+04,4.977500000000000000e+04,4.995600000000000000e+04,5.013700000000000000e+04,5.031800000000000000e+04,5.049900000000000000e+04,5.068000000000000000e+04,5.086100000000000000e+04,5.104200000000000000e+04,5.122300000000000000e+04,5.140400000000000000e+04,5.158500000000000000e+04,5.176600000000000000e+04,5.194700000000000000e+04,5.212800000000000000e+04,5.230900000000000000e+04,5.249000000000000000e+04,5.267100000000000000e+04,5.285200000000000000e+04,5.303300000000000000e+04,5.321400000000000000e+04,5.339500000000000000e+04,5.357600000000000000e+04,5.375700000000000000e+04,5.393800000000000000e+04,5.411900000000000000e+04
0.000000000000000000e+00,1.820000000000000000e+02,3.640000000000000000e+02,5.460000000000000000e+02,7.280000000000000000e+02,9.100000000000000000e+02,1.092000000000000000e+03,1.274000000000000000e+03,1.456000000000000000e+03,1.638000000000000000e+03,1.820000000000000000e+03,2.002000000000000000e+03,2.184000000000000000e+03,2.366000000000000000e+03,2.548000000000000000e+03,2.730000000000000000e+03,2.912000000000000000e+03,3.094000000000000000e+03,3.276000000000000000e+03,3.458000000000000000e+03,3.640000000000000000e+03,3.822000000000000000e+03,4.004000000000000000e+03,4.186000000000000000e+03,4.368000000000000000e+03,4.550000000000000000e+03,4.732000000000000000e+03,4.914000000000000000e+03,5.096000000000000000e+03,5.278000000000000000e+03,5.460000000000000000e+03,5.642000000000000000e+03,5.824000000000000000e+03,6.006000000000000000e+03,6.188000000000000000e+03,6.370000000000000000e+03,6.552000000000000000e+03,6.734000000000000000e+03,6.916000000000000000e+03,7.098000000000000000e+03,7.280000000000000000e+03,7.462000000000000000e+03,7.644000000000000000e+03,7.826000000000000000e+03,8.008000000000000000e+03,8.190000000000000000e+03,8.372000000000000000e+03,8.554000000000000000e+03,8.736000000000000000e+03,8.918000000000000000e+03,9.100000000000000000e+03,9.282000000000000000e+03,9.464000000000000000e+03,9.646000000000000000e+03,9.828000000000000000e+03,1.001000000000000000e+04,1.019200000000000000e+04,1.037400000000000000e+04,1.055600000000000000e+04,1.073800000000000000e+04,1.092000000000000000e+04,1.110200000000000000e+04,1.128400000000000000e+04,1.146600000000000000e+04,1.164800000000000000e+04,1.183000000000000000e+04,1.201200000000000000e+04,1.219400000000000000e+04,1.237600000000000000e+04,1.255800000000000000e+04,1.274000000000000000e+04,1.292200000000000000e+04,1.310400000000000000e+04,1.328600000000000000e+04,1.346800000000000000e+04,1.365000000000000000e+04,1.383200000000000000e+04,1.401400000000000000e+04,1.419600000000000000e+04,1.437800000000000000e+04,1.456000000000000000e+04,1.474200000000000000e+04,1.492400000000000000e+04,1.510600000000000000e+04,1.528800000000000000e+04,1.547000000000000000e+04,1.565200000000000000e+04,1.583400000000000000e+04,1.601600000000000000e+04,1.619800000000000000e+04,1.638000000000000000e+04,1.656200000000000000e+04,1.674400000000000000e+04,1.692600000000000000e+04,1.710800000000000000e+04,1.729000000000000000e+04,1.747200000000000000e+04,1.765400000000000000e+04,1.783600000000000000e+04,1.801800000000000000e+04,1.820000000000000000e+04,1.838200000000000000e+04,1.856400000000000000e+04,1.874600000000000000e+04,1.892800000000000000e+04,1.911000000000000000e+04,1.929200000000000000e+04,1.947400000000000000e+04,1.965600000000000000e+04,1.983800000000000000e+04,2.002000000000000000e+04,2.020200000000000000e+04,2.038400000000000000e+04,2.056600000000000000e+04,2.074800000000000000e+04,2.093000000000000000e+04,2.111200000000000000e+04,2.129400000000000000e+04,2.147600000000000000e+04,2.165800000000000000e+04,2.184000000000000000e+04,2.202200000000000000e+04,2.220400000000000000e+04,2.238600000000000000e+04,2.256800000000000000e+04,2.275000000000000000e+04,2.293200000000000000e+04,2.311400000000000000e+04,2.329600000000000000e+04,2.347800000000000000e+04,2.366000000000000000e+04,2.384200000000000000e+04,2.402400000000000000e+04,2.420600000000000000e+04,2.438800000000000000e+04,2.457000000000000000e+04,2.475200000000000000e+04,2.493400000000000000e+04,2.511600000000000000e+04,2.529800000000000000e+04,2.548000000000000000e+04,2.566200000000000000e+04,2.584400000000000000e+04,2.602600000000000000e+04,2.620800000000000000e+04,2.639000000000000000e+04,2.657200000000000000e+04,2.675400000000000000e+04,2.693600000000000000e+04,2.711800000000000000e+04,2.730000000000000000e+04,2.748200000000000000e+04,2.766400000000000000e+04,2.784600000000000000e+04,2.802800000000000000e+04,2.821000000000000000e+04,2.839200000000000000e+04,2.857400000000000000e+04,2.875600000000000000e+04,2.893800000000000000e+04,2.912000000000000000e+04,2.930200000000000000e+04,2.948400000000000000e+04,2.966600000000000000e+04,2.984800000000000000e+04,3.003000000000000000e+04,3.021200000000000000e+04,3.039400000000000000e+04,3.057600000000000000e+04,3.075800000000000000e+04,3.094000000000000000e+04,3.112200000000000000e+04,3.130400000000000000e+04,3.148600000000000000e+04,3.166800000000000000e+04,3.185000000000000000e+04,3.203200000000000000e+04,3.221400000000000000e+04,3.239600000000000000e+04,3.257800000000000000e+04,3.276000000000000000e+04,3.294200000000000000e+04,3.312400000000000000e+04,3.330600000000000000e+04,3.348800000000000000e+04,3.367000000000000000e+04,3.385200000000000000e+04,3.403400000000000000e+04,3.421600000000000000e+04,3.439800000000000000e+04,3.458000000000000000e+04,3.476200000000000000e+04,3.494400000000000000e+04,3.512600000000000000e+04,3.530800000000000000e+04,3.549000000000000000e+04,3.567200000000000000e+04,3.585400000000000000e+04,3.603600000000000000e+04,3.621800000000000000e+04,3.640000000000000000e+04,3.658200000000000000e+04,3.676400000000000000e+04,3.694600000000000000e+04,3.712800000000000000e+04,3.731000000000000000e+04,3.749200000000000000e+04,3.767400000000000000e+04,3.785600000000000000e+04,3.803800000000000000e+04,3.822000000000000000e+04,3.840200000000000000e+04,3.858400000000000000e+04,3.876600000000000000e+04,3.894800000000000000e+04,3.913000000000000000e+04,3.931200000000000000e+04,3.949400000000000000e+04,3.967600000000000000e+04,3.985800000000000000e+04,4.004000000000000000e+04,4.022200000000000000e+04,4.040400000000000000e+04,4.058600000000000000e+04,4.076800000000000000e+04,4.095000000000000000e+04,4.113200000000000000e+04,4.131400000000000000e+04,4.149600000000000000e+04,4.167800000000000000e+04,4.186000000000000000e+04,4.204200000000000000e+04,4.222400000000000000e+04,4.240600000000000000e+04,4.258800000000000000e+04,4.277000000000000000e+04,4.295200000000000000e+04,4.313400000000000000e+04,4.331600000000000000e+04,4.349800000000000000e+04,4.368000000000000000e+04,4.386200000000000000e+04,4.404400000000000000e+04,4.422600000000000000e+04,4.440800000000000000e+04,4.459000000000000000e+04,4.477200000000000000e+04,4.495400000000000000e+04,4.513600000000000000e+04,4.531800000000000000e+04,4.550000000000000000e+04,4.568200000000000000e+04,4.586400000000000000e+04,4.604600000000000000e+04,4.622800000000000000e+04,4.641000000000000000e+04,4.659200000000000000e+04,4.677400000000000000e+04,4.695600000000000000e+04,4.713800000000000000e+04,4.732000000000000000e+04,4.750200000000000000e+04,4.768400000000000000e+04,4.786600000000000000e+04,4.804800000000000000e+04,4.823000000000000000e+04,4.841200000000000000e+04,4.859400000000000000e+04,4.877600000000000000e+04,4.895800000000000000e+04,4.914000000000000000e+04,4.932200000000000000e+04,4.950400000000000000e+04,4.968600000000000000e+04,4.986800000000000000e+04,5.005000000000000000e+04,5.023200000000000000e+04,5.041400000000000000e+04,5.059600000000000000e+04,5.077800000000000000e+04,5.096000000000000000e+04,5.114200000000000000e+04,5.132400000000000000e+04,5.150600000000000000e+04,5.168800000000000000e+04,5.187000000000000000e+04,5.205200000000000000e+04,5.223400000000000000e+04,5.241600000000000000e+04,5.259800000000000000e+04,5.278000000000000000e+04,5.296200000000000000e+04,5.314400000000000000e+04,5.332600000000000000e+04,5.350800000000000000e+04,5.369000000000000000e+04,5.387200000000000000e+04,5.405400000000000000e+04,5.423600000000000000e+04,5.441800000000000000e+04
0.000000000000000000e+00,1.830000000000000000e+02,3.660000000000000000e+02,5.490000000000000000e+02,7.320000000000000000e+02,9.150000000000000000e+02,1.098000000000000000e+03,1.281000000000000000e+03,1.464000000000000000e+03,1.647000000000000000e+03,1.830000000000000000e+03,2.013000000000000000e+03,2.196000000000000000e+03,2.379000000000000000e+03,2.562000000000000000e+03,2.745000000000000000e+03,2.928000000000000000e+03,3.111000000000000000e+03,3.294000000000000000e+03,3.477000000000000000e+03,3.660000000000000000e+03,3.843000000000000000e+03,4.026000000000000000e+03,4.209000000000000000e+03,4.392000000000000000e+03,4.575000000000000000e+03,4.758000000000000000e+03,4.941000000000000000e+03,5.124000000000000000e+03,5.307000000000000000e+03,5.490000000000000000e+03,5.673000000000000000e+03,5.856000000000000000e+03,6.039000000000000000e+03,6.222000000000000000e+03,6.405000000000000000e+03,6.588000000000000000e+03,6.771000000000000000e+03,6.954000000000000000e+03,7.137000000000000000e+03,7.320000000000000000e+03,7.503000000000000000e+03,7.686000000000000000e+03,7.869000000000000000e+03,8.052000000000000000e+03,8.235000000000000000e+03,8.418000000000000000e+03,8.601000000000000000e+03,8.784000000000000000e+03,8.967000000000000000e+03,9.150000000000000000e+03,9.333000000000000000e+03,9.516000000000000000e+03,9.699000000000000000e+03,9.882000000000000000e+03,1.006500000000000000e+04,1.024800000000000000e+04,1.043100000000000000e+04,1.061400000000000000e+04,1.079700000000000000e+04,1.098000000000000000e+04,1.116300000000000000e+04,1.134600000000000000e+04,1.152900000000000000e+04,1.171200000000000000e+04,1.189500000000000000e+04,1.207800000000000000e+04,1.226100000000000000e+04,1.244400000000000000e+04,1.262700000000000000e+04,1.281000000000000000e+04,1.299300000000000000e+04,1.317600000000000000e+04,1.335900000000000000e+04,1.354200000000000000e+04,1.372500000000000000e+04,1.390800000000000000e+04,1.409100000000000000e+04,1.427400000000000000e+04,1.445700000000000000e+04,1.464000000000000000e+04,1.482300000000000000e+04,1.500600000000000000e+04,1.518900000000000000e+04,1.537200000000000000e+04,1.555500000000000000e+04,1.573800000000000000e+04,1.592100000000000000e+04,1.610400000000000000e+04,1.628700000000000000e+04,1.647000000000000000e+04,1.665300000000000000e+04,1.683600000000000000e+04,1.701900000000000000e+04,1.720200000000000000e+04,1.738500000000000000e+04,1.756800000000000000e+04,1.775100000000000000e+04,1.793400000000000000e+04,1.811700000000000000e+04,1.830000000000000000e+04,1.848300000000000000e+04,1.866600000000000000e+04,1.884900000000000000e+04,1.903200000000000000e+04,1.921500000000000000e+04,1.939800000000000000e+04,1.958100000000000000e+04,1.976400000000000000e+04,1.994700000000000000e+04,2.013000000000000000e+04,2.031300000000000000e+04,2.049600000000000000e+04,2.067900000000000000e+04,2.086200000000000000e+04,2.104500000000000000e+04,2.122800000000000000e+04,2.141100000000000000e+04,2.159400000000000000e+04,2.177700000000000000e+04,2.196000000000000000e+04,2.214300000000000000e+04,2.232600000000000000e+04,2.250900000000000000e+04,2.269200000000000000e+04,2.287500000000000000e+04,2.305800000000000000e+04,2.324100000000000000e+04,2.342400000000000000e+04,2.360700000000000000e+04,2.379000000000000000e+04,2.397300000000000000e+04,2.415600000000000000e+04,2.433900000000000000e+04,2.452200000000000000e+04,2.470500000000000000e+04,2.488800000000000000e+04,2.507100000000000000e+04,2.525400000000000000e+04,2.543700000000000000e+04,2.562000000000000000e+04,2.580300000000000000e+04,2.598600000000000000e+04,2.616900000000000000e+04,2.635200000000000000e+04,2.653500000000000000e+04,2.671800000000000000e+04,2.690100000000000000e+04,2.708400000000000000e+04,2.726700000000000000e+04,2.745000000000000000e+04,2.763300000000000000e+04,2.781600000000000000e+04,2.799900000000000000e+04,2.818200000000000000e+04,2.836500000000000000e+04,2.854800000000000000e+04,2.873100000000000000e+04,2.891400000000000000e+04,2.909700000000000000e+04,2.928000000000000000e+04,2.946300000000000000e+04,2.964600000000000000e+04,2.982900000000000000e+04,3.001200000000000000e+04,3.019500000000000000e+04,3.037800000000000000e+04,3.056100000000000000e+04,3.074400000000000000e+04,3.092700000000000000e+04,3.111000000000000000e+04,3.129300000000000000e+04,3.147600000000000000e+04,3.165900000000000000e+04,3.184200000000000000e+04,3.202500000000000000e+04,3.220800000000000000e+04,3.239100000000000000e+04,3.257400000000000000e+04,3.275700000000000000e+04,3.294000000000000000e+04,3.312300000000000000e+04,3.330600000000000000e+04,3.348900000000000000e+04,3.367200000000000000e+04,3.385500000000000000e+04,3.403800000000000000e+04,3.422100000000000000e+04,3.440400000000000000e+04,3.458700000000000000e+04,3.477000000000000000e+04,3.495300000000000000e+04,3.513600000000000000e+04,3.531900000000000000e+04,3.550200000000000000e+04,3.568500000000000000e+04,3.586800000000000000e+04,3.605100000000000000e+04,3.623400000000000000e+04,3.641700000000000000e+04,3.660000000000000000e+04,3.678300000000000000e+04,3.696600000000000000e+04,3.714900000000000000e+04,3.733200000000000000e+04,3.751500000000000000e+04,3.769800000000000000e+04,3.788100000000000000e+04,3.806400000000000000e+04,3.824700000000000000e+04,3.843000000000000000e+04,3.861300000000000000e+04,3.879600000000000000e+04,3.897900000000000000e+04,3.916200000000000000e+04,3.934500000000000000e+04,3.952800000000000000e+04,3.971100000000000000e+04,3.989400000000000000e+04,4.007700000000000000e+04,4.026000000000000000e+04,4.044300000000000000e+04,4.062600000000000000e+04,4.080900000000000000e+04,4.099200000000000000e+04,4.117500000000000000e+04,4.135800000000000000e+04,4.154100000000000000e+04,4.172400000000000000e+04,4.190700000000000000e+04,4.209000000000000000e+04,4.227300000000000000e+04,4.245600000000000000e+04,4.263900000000000000e+04,4.282200000000000000e+04,4.300500000000000000e+04,4.318800000000000000e+04,4.337100000000000000e+04,4.355400000000000000e+04,4.373700000000000000e+04,4.392000000000000000e+04,4.410300000000000000e+04,4.428600000000000000e+04,4.446900000000000000e+04,4.465200000000000000e+04,4.483500000000000000e+04,4.501800000000000000e+04,4.520100000000000000e+04,4.538400000000000000e+04,4.556700000000000000e+04,4.575000000000000000e+04,4.593300000000000000e+04,4.611600000000000000e+04,4.629900000000000000e+04,4.648200000000000000e+04,4.666500000000000000e+04,4.684800000000000000e+04,4.703100000000000000e+04,4.721400000000000000e+04,4.739700000000000000e+04,4.758000000000000000e+04,4.776300000000000000e+04,4.794600000000000000e+04,4.812900000000000000e+04,4.831200000000000000e+04,4.849500000000000000e+04,4.867800000000000000e+04,4.886100000000000000e+04,4.904400000000000000e+04,4.922700000000000000e+04,4.941000000000000000e+04,4.959300000000000000e+04,4.977600000000000000e+04,4.995900000000000000e+04,5.014200000000000000e+04,5.032500000000000000e+04,5.050800000000000000e+04,5.069100000000000000e+04,5.087400000000000000e+04,5.105700000000000000e+04,5.124000000000000000e+04,5.142300000000000000e+04,5.160600000000000000e+04,5.178900000000000000e+04,5.197200000000000000e+04,5.215500000000000000e+04,5.233800000000000000e+04,5.252100000000000000e+04,5.270400000000000000e+04,5.288700000000000000e+04,5.307000000000000000e+04,5.325300000000000000e+04,5.343600000000000000e+04,5.361900000000000000e+04,5.380200000000000000e+04,5.398500000000000000e+04,5.416800000000000000e+04,5.435100000000000000e+04,5.453400000000000000e+04,5.471700000000000000e+04
0.000000000000000000e+00,1.840000000000000000e+02,3.680000000000000000e+02,5.520000000000000000e+02,7.360000000000000000e+02,9.200000000000000000e+02,1.104000000000000000e+03,1.288000000000000000e+03,1.472000000000000000e+03,1.656000000000000000e+03,1.840000000000000000e+03,2.024000000000000000e+03,2.208000000000000000e+03,2.392000000000000000e+03,2.576000000000000000e+03,2.760000000000000000e+03,2.944000000000000000e+03,3.128000000000000000e+03,3.312000000000000000e+03,3.496000000000000000e+03,3.680000000000000000e+03,3.864000000000000000e+03,4.048000000000000000e+03,4.232000000000000000e+03,4.416000000000000000e+03,4.600000000000000000e+03,4.784000000000000000e+03,4.968000000000000000e+03,5.152000000000000000e+03,5.336000000000000000e+03,5.520000000000000000e+03,5.704000000000000000e+03,5.888000000000000000e+03,6.072000000000000000e+03,6.256000000000000000e+03,6.440000000000000000e+03,6.624000000000000000e+03,6.808000000000000000e+03,6.992000000000000000e+03,7.176000000000000000e+03,7.360000000000000000e+03,7.544000000000000000e+03,7.728000000000000000e+03,7.912000000000000000e+03,8.096000000000000000e+03,8.280000000000000000e+03,8.464000000000000000e+03,8.648000000000000000e+03,8.832000000000000000e+03,9.016000000000000000e+03,9.200000000000000000e+03,9.384000000000000000e+03,9.568000000000000000e+03,9.752000000000000000e+03,9.936000000000000000e+03,1.012000000000000000e+04,1.030400000000000000e+04,1.048800000000000000e+04,1.067200000000000000e+04,1.085600000000000000e+04,1.104000000000000000e+04,1.122400000000000000e+04,1.140800000000000000e+04,1.159200000000000000e+04,1.177600000000000000e+04,1.196000000000000000e+04,1.214400000000000000e+04,1.232800000000000000e+04,1.251200000000000000e+04,1.269600000000000000e+04,1.288000000000000000e+04,1.306400000000000000e+04,1.324800000000000000e+04,1.343200000000000000e+04,1.361600000000000000e+04,1.380000000000000000e+04,1.398400000000000000e+04,1.416800000000000000e+04,1.435200000000000000e+04,1.453600000000000000e+04,1.472000000000000000e+04,1.490400000000000000e+04,1.508800000000000000e+04,1.527200000000000000e+04,1.545600000000000000e+04,1.564000000000000000e+04,1.582400000000000000e+04,1.600800000000000000e+04,1.619200000000000000e+04,1.637600000000000000e+04,1.656000000000000000e+04,1.674400000000000000e+04,1.692800000000000000e+04,1.711200000000000000e+04,1.729600000000000000e+04,1.748000000000000000e+04,1.766400000000000000e+04,1.784800000000000000e+04,1.803200000000000000e+04,1.821600000000000000e+04,1.840000000000000000e+04,1.858400000000000000e+04,1.876800000000000000e+04,1.895200000000000000e+04,1.913600000000000000e+04,1.932000000000000000e+04,1.950400000000000000e+04,1.968800000000000000e+04,1.987200000000000000e+04,2.005600000000000000e+04,2.024000000000000000e+04,2.042400000000000000e+04,2.060800000000000000e+04,2.079200000000000000e+04,2.097600000000000000e+04,2.116000000000000000e+04,2.134400000000000000e+04,2.152800000000000000e+04,2.171200000000000000e+04,2.189600000000000000e+04,2.208000000000000000e+04,2.226400000000000000e+04,2.244800000000000000e+04,2.263200000000000000e+04,2.281600000000000000e+04,2.300000000000000000e+04,2.318400000000000000e+04,2.336800000000000000e+04,2.355200000000000000e+04,2.373600000000000000e+04,2.392000000000000000e+04,2.410400000000000000e+04,2.428800000000000000e+04,2.447200000000000000e+04,2.465600000000000000e+04,2.484000000000000000e+04,2.502400000000000000e+04,2.520800000000000000e+04,2.539200000000000000e+04,2.557600000000000000e+04,2.576000000000000000e+04,2.594400000000000000e+04,2.612800000000000000e+04,2.631200000000000000e+04,2.649600000000000000e+04,2.668000000000000000e+04,2.686400000000000000e+04,2.704800000000000000e+04,2.723200000000000000e+04,2.741600000000000000e+04,2.760000000000000000e+04,2.778400000000000000e+04,2.796800000000000000e+04,2.815200000000000000e+04,2.833600000000000000e+04,2.852000000000000000e+04,2.870400000000000000e+04,2.888800000000000000e+04,2.907200000000000000e+04,2.925600000000000000e+04,2.944000000000000000e+04,2.962400000000000000e+04,2.980800000000000000e+04,2.999200000000000000e+04,3.017600000000000000e+04,3.036000000000000000e+04,3.054400000000000000e+04,3.072800000000000000e+04,3.091200000000000000e+04,3.109600000000000000e+04,3.128000000000000000e+04,3.146400000000000000e+04,3.164800000000000000e+04,3.183200000000000000e+04,3.201600000000000000e+04,3.220000000000000000e+04,3.238400000000000000e+04,3.256800000000000000e+04,3.275200000000000000e+04,3.293600000000000000e+04,3.312000000000000000e+04,3.330400000000000000e+04,3.348800000000000000e+04,3.367200000000000000e+04,3.385600000000000000e+04,3.404000000000000000e+04,3.422400000000000000e+04,3.440800000000000000e+04,3.459200000000000000e+04,3.477600000000000000e+04,3.496000000000000000e+04,3.514400000000000000e+04,3.532800000000000000e+04,3.551200000000000000e+04,3.569600000000000000e+04,3.588000000000000000e+04,3.606400000000000000e+04,3.624800000000000000e+04,3.643200000000000000e+04,3.661600000000000000e+04,3.680000000000000000e+04,3.698400000000000000e+04,3.716800000000000000e+04,3.735200000000000000e+04,3.753600000000000000e+04,3.772000000000000000e+04,3.790400000000000000e+04,3.808800000000000000e+04,3.827200000000000000e+04,3.845600000000000000e+04,3.864000000000000000e+04,3.882400000000000000e+04,3.900800000000000000e+04,3.919200000000000000e+04,3.937600000000000000e+04,3.956000000000000000e+04,3.974400000000000000e+04,3.992800000000000000e+04,4.011200000000000000e+04,4.029600000000000000e+04,4.048000000000000000e+04,4.066400000000000000e+04,4.084800000000000000e+04,4.103200000000000000e+04,4.121600000000000000e+04,4.140000000000000000e+04,4.158400000000000000e+04,4.176800000000000000e+04,4.195200000000000000e+04,4.213600000000000000e+04,4.232000000000000000e+04,4.250400000000000000e+04,4.268800000000000000e+04,4.287200000000000000e+04,4.305600000000000000e+04,4.324000000000000000e+04,4.342400000000000000e+04,4.360800000000000000e+04,4.379200000000000000e+04,4.397600000000000000e+04,4.416000000000000000e+04,4.434400000000000000e+04,4.452800000000000000e+04,4.471200000000000000e+04,4.489600000000000000e+04,4.508000000000000000e+04,4.526400000000000000e+04,4.544800000000000000e+04,4.563200000000000000e+04,4.581600000000000000e+04,4.600000000000000000e+04,4.618400000000000000e+04,4.636800000000000000e+04,4.655200000000000000e+04,4.673600000000000000e+04,4.692000000000000000e+04,4.710400000000000000e+04,4.728800000000000000e+04,4.747200000000000000e+04,4.765600000000000000e+04,4.784000000000000000e+04,4.802400000000000000e+04,4.820800000000000000e+04,4.839200000000000000e+04,4.857600000000000000e+04,4.876000000000000000e+04,4.894400000000000000e+04,4.912800000000000000e+04,4.931200000000000000e+04,4.949600000000000000e+04,4.968000000000000000e+04,4.986400000000000000e+04,5.004800000000000000e+04,5.023200000000000000e+04,5.041600000000000000e+04,5.060000000000000000e+04,5.078400000000000000e+04,5.096800000000000000e+04,5.115200000000000000e+04,5.133600000000000000e+04,5.152000000000000000e+04,5.170400000000000000e+04,5.188800000000000000e+04,5.207200000000000000e+04,5.225600000000000000e+04,5.244000000000000000e+04,5.262400000000000000e+04,5.280800000000000000e+04,5.299200000000000000e+04,5.317600000000000000e+04,5.336000000000000000e+04,5.354400000000000000e+04,5.372800000000000000e+04,5.391200000000000000e+04,5.409600000000000000e+04,5.428000000000000000e+04,5.446400000000000000e+04,5.464800000000000000e+04,5.483200000000000000e+04,5.501600000000000000e+04
0.000000000000000000e+00,1.850000000000000000e+02,3.700000000000000000e+02,5.550000000000000000e+02,7.400000000000000000e+02,9.250000000000000000e+02,1.110000000000000000e+03,1.295000000000000000e+03,1.480000000000000000e+03,1.665000000000000000e+03,1.850000000000000000e+03,2.035000000000000000e+03,2.220000000000000000e+03,2.405000000000000000e+03,2.590000000000000000e+03,2.775000000000000000e+03,2.960000000000000000e+03,3.145000000000000000e+03,3.330000000000000000e+03,3.515000000000000000e+03,3.700000000000000000e+03,3.885000000000000000e+03,4.070000000000000000e+03,4.255000000000000000e+03,4.440000000000000000e+03,4.625000000000000000e+03,4.810000000000000000e+03,4.995000000000000000e+03,5.180000000000000000e+03,5.365000000000000000e+03,5.550000000000000000e+03,5.735000000000000000e+03,5.920000000000000000e+03,6.105000000000000000e+03,6.290000000000000000e+03,6.475000000000000000e+03,6.660000000000000000e+03,6.845000000000000000e+03,7.030000000000000000e+03,7.215000000000000000e+03,7.400000000000000000e+03,7.585000000000000000e+03,7.770000000000000000e+03,7.955000000000000000e+03,8.140000000000000000e+03,8.325000000000000000e+03,8.510000000000000000e+03,8.695000000000000000e+03,8.880000000000000000e+03,9.065000000000000000e+03,9.250000000000000000e+03,9.435000000000000000e+03,9.620000000000000000e+03,9.805000000000000000e+03,9.990000000000000000e+03,1.017500000000000000e+04,1.036000000000000000e+04,1.054500000000000000e+04,1.073000000000000000e+04,1.091500000000000000e+04,1.110000000000000000e+04,1.128500000000000000e+04,1.147000000000000000e+04,1.165500000000000000e+04,1.184000000000000000e+04,1.202500000000000000e+04,1.221000000000000000e+04,1.239500000000000000e+04,1.258000000000000000e+04,1.276500000000000000e+04,1.295000000000000000e+04,1.313500000000000000e+04,1.332000000000000000e+04,1.350500000000000000e+04,1.369000000000000000e+04,1.387500000000000000e+04,1.406000000000000000e+04,1.424500000000000000e+04,1.443000000000000000e+04,1.461500000000000000e+04,1.480000000000000000e+04,1.498500000000000000e+04,1.517000000000000000e+04,1.535500000000000000e+04,1.554000000000000000e+04,1.572500000000000000e+04,1.591000000000000000e+04,1.609500000000000000e+04,1.628000000000000000e+04,1.646500000000000000e+04,1.665000000000000000e+04,1.683500000000000000e+04,1.702000000000000000e+04,1.720500000000000000e+04,1.739000000000000000e+04,1.757500000000000000e+04,1.776000000000000000e+04,1.794500000000000000e+04,1.813000000000000000e+04,1.831500000000000000e+04,1.850000000000000000e+04,1.868500000000000000e+04,1.887000000000000000e+04,1.905500000000000000e+04,1.924000000000000000e+04,1.942500000000000000e+04,1.961000000000000000e+04,1.979500000000000000e+04,1.998000000000000000e+04,2.016500000000000000e+04,2.035000000000000000e+04,2.053500000000000000e+04,2.072000000000000000e+04,2.090500000000000000e+04,2.109000000000000000e+04,2.127500000000000000e+04,2.146000000000000000e+04,2.164500000000000000e+04,2.183000000000000000e+04,2.201500000000000000e+04,2.220000000000000000e+04,2.238500000000000000e+04,2.257000000000000000e+04,2.275500000000000000e+04,2.294000000000000000e+04,2.312500000000000000e+04,2.331000000000000000e+04,2.349500000000000000e+04,2.368000000000000000e+04,2.386500000000000000e+04,2.405000000000000000e+04,2.423500000000000000e+04,2.442000000000000000e+04,2.460500000000000000e+04,2.479000000000000000e+04,2.497500000000000000e+04,2.516000000000000000e+04,2.534500000000000000e+04,2.553000000000000000e+04,2.571500000000000000e+04,2.590000000000000000e+04,2.608500000000000000e+04,2.627000000000000000e+04,2.645500000000000000e+04,2.664000000000000000e+04,2.682500000000000000e+04,2.701000000000000000e+04,2.719500000000000000e+04,2.738000000000000000e+04,2.756500000000000000e+04,2.775000000000000000e+04,2.793500000000000000e+04,2.812000000000000000e+04,2.830500000000000000e+04,2.849000000000000000e+04,2.867500000000000000e+04,2.886000000000000000e+04,2.904500000000000000e+04,2.923000000000000000e+04,2.941500000000000000e+04,2.960000000000000000e+04,2.978500000000000000e+04,2.997000000000000000e+04,3.015500000000000000e+04,3.034000000000000000e+04,3.052500000000000000e+04,3.071000000000000000e+04,3.089500000000000000e+04,3.108000000000000000e+04,3.126500000000000000e+04,3.145000000000000000e+04,3.163500000000000000e+04,3.182000000000000000e+04,3.200500000000000000e+04,3.219000000000000000e+04,3.237500000000000000e+04,3.256000000000000000e+04,3.274500000000000000e+04,3.293000000000000000e+04,3.311500000000000000e+04,3.330000000000000000e+04,3.348500000000000000e+04,3.367000000000000000e+04,3.385500000000000000e+04,3.404000000000000000e+04,3.422500000000000000e+04,3.441000000000000000e+04,3.459500000000000000e+04,3.478000000000000000e+04,3.496500000000000000e+04,3.515000000000000000e+04,3.533500000000000000e+04,3.552000000000000000e+04,3.570500000000000000e+04,3.589000000000000000e+04,3.607500000000000000e+04,3.626000000000000000e+04,3.644500000000000000e+04,3.663000000000000000e+04,3.681500000000000000e+04,3.700000000000000000e+04,3.718500000000000000e+04,3.737000000000000000e+04,3.755500000000000000e+04,3.774000000000000000e+04,3.792500000000000000e+04,3.811000000000000000e+04,3.829500000000000000e+04,3.848000000000000000e+04,3.866500000000000000e+04,3.885000000000000000e+04,3.903500000000000000e+04,3.922000000000000000e+04,3.940500000000000000e+04,3.959000000000000000e+04,3.977500000000000000e+04,3.996000000000000000e+04,4.014500000000000000e+04,4.033000000000000000e+04,4.051500000000000000e+04,4.070000000000000000e+04,4.088500000000000000e+04,4.107000000000000000e+04,4.125500000000000000e+04,4.144000000000000000e+04,4.162500000000000000e+04,4.181000000000000000e+04,4.199500000000000000e+04,4.218000000000000000e+04,4.236500000000000000e+04,4.255000000000000000e+04,4.273500000000000000e+04,4.292000000000000000e+04,4.310500000000000000e+04,4.329000000000000000e+04,4.347500000000000000e+04,4.366000000000000000e+04,4.384500000000000000e+04,4.403000000000000000e+04,4.421500000000000000e+04,4.440000000000000000e+04,4.458500000000000000e+04,4.477000000000000000e+04,4.495500000000000000e+04,4.514000000000000000e+04,4.532500000000000000e+04,4.551000000000000000e+04,4.569500000000000000e+04,4.588000000000000000e+04,4.606500000000000000e+04,4.625000000000000000e+04,4.643500000000000000e+04,4.662000000000000000e+04,4.680500000000000000e+04,4.699000000000000000e+04,4.717500000000000000e+04,4.736000000000000000e+04,4.754500000000000000e+04,4.773000000000000000e+04,4.791500000000000000e+04,4.810000000000000000e+04,4.828500000000000000e+04,4.847000000000000000e+04,4.865500000000000000e+04,4.884000000000000000e+04,4.902500000000000000e+04,4.921000000000000000e+04,4.939500000000000000e+04,4.958000000000000000e+04,4.976500000000000000e+04,4.995000000000000000e+04,5.013500000000000000e+04,5.032000000000000000e+04,5.050500000000000000e+04,5.069000000000000000e+04,5.087500000000000000e+04,5.106000000000000000e+04,5.124500000000000000e+04,5.143000000000000000e+04,5.161500000000000000e+04,5.180000000000000000e+04,5.198500000000000000e+04,5.217000000000000000e+04,5.235500000000000000e+04,5.254000000000000000e+04,5.272500000000000000e+04,5.291000000000000000e+04,5.309500000000000000e+04,5.328000000000000000e+04,5.346500000000000000e+04,5.365000000000000000e+04,5.383500000000000000e+04,5.402000000000000000e+04,5.420500000000000000e+04,5.439000000000000000e+04,5.457500000000000000e+04,5.476000000000000000e+04,5.494500000000000000e+04,5.513000000000000000e+04,5.531500000000000000e+04
0.000000000000000000e+00,1.860000000000000000e+02,3.720000000000000000e+02,5.580000000000000000e+02,7.440000000000000000e+02,9.300000000000000000e+02,1.116000000000000000e+03,1.302000000000000000e+03,1.488000000000000000e+03,1.674000000000000000e+03,1.860000000000000000e+03,2.046000000000000000e+03,2.232000000000000000e+03,2.418000000000000000e+03,2.604000000000000000e+03,2.790000000000000000e+03,2.976000000000000000e+03,3.162000000000000000e+03,3.348000000000000000e+03,3.534000000000000000e+03,3.720000000000000000e+03,3.906000000000000000e+03,4.092000000000000000e+03,4.278000000000000000e+03,4.464000000000000000e+03,4.650000000000000000e+03,4.836000000000000000e+03,5.022000000000000000e+03,5.208000000000000000e+03,5.394000000000000000e+03,5.580000000000000000e+03,5.766000000000000000e+03,5.952000000000000000e+03,6.138000000000000000e+03,6.324000000000000000e+03,6.510000000000000000e+03,6.696000000000000000e+03,6.882000000000000000e+03,7.068000000000000000e+03,7.254000000000000000e+03,7.440000000000000000e+03,7.626000000000000000e+03,7.812000000000000000e+03,7.998000000000000000e+03,8.184000000000000000e+03,8.370000000000000000e+03,8.556000000000000000e+03,8.742000000000000000e+03,8.928000000000000000e+03,9.114000000000000000e+03,9.300000000000000000e+03,9.486000000000000000e+03,9.672000000000000000e+03,9.858000000000000000e+03,1.004400000000000000e+04,1.023000000000000000e+04,1.041600000000000000e+04,1.060200000000000000e+04,1.078800000000000000e+04,1.097400000000000000e+04,1.116000000000000000e+04,1.134600000000000000e+04,1.153200000000000000e+04,1.171800000000000000e+04,1.190400000000000000e+04,1.209000000000000000e+04,1.227600000000000000e+04,1.246200000000000000e+04,1.264800000000000000e+04,1.283400000000000000e+04,1.302000000000000000e+04,1.320600000000000000e+04,1.339200000000000000e+04,1.357800000000000000e+04,1.376400000000000000e+04,1.395000000000000000e+04,1.413600000000000000e+04,1.432200000000000000e+04,1.450800000000000000e+04,1.469400000000000000e+04,1.488000000000000000e+04,1.506600000000000000e+04,1.525200000000000000e+04,1.543800000000000000e+04,1.562400000000000000e+04,1.581000000000000000e+04,1.599600000000000000e+04,1.618200000000000000e+04,1.636800000000000000e+04,1.655400000000000000e+04,1.674000000000000000e+04,1.692600000000000000e+04,1.711200000000000000e+04,1.729800000000000000e+04,1.748400000000000000e+04,1.767000000000000000e+04,1.785600000000000000e+04,1.804200000000000000e+04,1.822800000000000000e+04,1.841400000000000000e+04,1.860000000000000000e+04,1.878600000000000000e+04,1.897200000000000000e+04,1.915800000000000000e+04,1.934400000000000000e+04,1.953000000000000000e+04,1.971600000000000000e+04,1.990200000000000000e+04,2.008800000000000000e+04,2.027400000000000000e+04,2.046000000000000000e+04,2.064600000000000000e+04,2.083200000000000000e+04,2.101800000000000000e+04,2.120400000000000000e+04,2.139000000000000000e+04,2.157600000000000000e+04,2.176200000000000000e+04,2.194800000000000000e+04,2.213400000000000000e+04,2.232000000000000000e+04,2.250600000000000000e+04,2.269200000000000000e+04,2.287800000000000000e+04,2.306400000000000000e+04,2.325000000000000000e+04,2.343600000000000000e+04,2.362200000000000000e+04,2.380800000000000000e+04,2.399400000000000000e+04,2.418000000000000000e+04,2.436600000000000000e+04,2.455200000000000000e+04,2.473800000000000000e+04,2.492400000000000000e+04,2.511000000000000000e+04,2.529600000000000000e+04,2.548200000000000000e+04,2.566800000000000000e+04,2.585400000000000000e+04,2.604000000000000000e+04,2.622600000000000000e+04,2.641200000000000000e+04,2.659800000000000000e+04,2.678400000000000000e+04,2.697000000000000000e+04,2.715600000000000000e+04,2.734200000000000000e+04,2.752800000000000000e+04,2.771400000000000000e+04,2.790000000000000000e+04,2.808600000000000000e+04,2.827200000000000000e+04,2.845800000000000000e+04,2.864400000000000000e+04,2.883000000000000000e+04,2.901600000000000000e+04,2.920200000000000000e+04,2.938800000000000000e+04,2.957400000000000000e+04,2.976000000000000000e+04,2.994600000000000000e+04,3.013200000000000000e+04,3.031800000000000000e+04,3.050400000000000000e+04,3.069000000000000000e+04,3.087600000000000000e+04,3.106200000000000000e+04,3.124800000000000000e+04,3.143400000000000000e+04,3.162000000000000000e+04,3.180600000000000000e+04,3.199200000000000000e+04,3.217800000000000000e+04,3.236400000000000000e+04,3.255000000000000000e+04,3.273600000000000000e+04,3.292200000000000000e+04,3.310800000000000000e+04,3.329400000000000000e+04,3.348000000000000000e+04,3.366600000000000000e+04,3.385200000000000000e+04,3.403800000000000000e+04,3.422400000000000000e+04,3.441000000000000000e+04,3.459600000000000000e+04,3.478200000000000000e+04,3.496800000000000000e+04,3.515400000000000000e+04,3.534000000000000000e+04,3.552600000000000000e+04,3.571200000000000000e+04,3.589800000000000000e+04,3.608400000000000000e+04,3.627000000000000000e+04,3.645600000000000000e+04,3.664200000000000000e+04,3.682800000000000000e+04,3.701400000000000000e+04,3.720000000000000000e+04,3.738600000000000000e+04,3.757200000000000000e+04,3.775800000000000000e+04,3.794400000000000000e+04,3.813000000000000000e+04,3.831600000000000000e+04,3.850200000000000000e+04,3.868800000000000000e+04,3.887400000000000000e+04,3.906000000000000000e+04,3.924600000000000000e+04,3.943200000000000000e+04,3.961800000000000000e+04,3.980400000000000000e+04,3.999000000000000000e+04,4.017600000000000000e+04,4.036200000000000000e+04,4.054800000000000000e+04,4.073400000000000000e+04,4.092000000000000000e+04,4.110600000000000000e+04,4.129200000000000000e+04,4.147800000000000000e+04,4.166400000000000000e+04,4.185000000000000000e+04,4.203600000000000000e+04,4.222200000000000000e+04,4.240800000000000000e+04,4.259400000000000000e+04,4.278000000000000000e+04,4.296600000000000000e+04,4.315200000000000000e+04,4.333800000000000000e+04,4.352400000000000000e+04,4.371000000000000000e+04,4.389600000000000000e+04,4.408200000000000000e+04,4.426800000000000000e+04,4.445400000000000000e+04,4.464000000000000000e+04,4.482600000000000000e+04,4.501200000000000000e+04,4.519800000000000000e+04,4.538400000000000000e+04,4.557000000000000000e+04,4.575600000000000000e+04,4.594200000000000000e+04,4.612800000000000000e+04,4.631400000000000000e+04,4.650000000000000000e+04,4.668600000000000000e+04,4.687200000000000000e+04,4.705800000000000000e+04,4.724400000000000000e+04,4.743000000000000000e+04,4.761600000000000000e+04,4.780200000000000000e+04,4.798800000000000000e+04,4.817400000000000000e+04,4.836000000000000000e+04,4.854600000000000000e+04,4.873200000000000000e+04,4.891800000000000000e+04,4.910400000000000000e+04,4.929000000000000000e+04,4.947600000000000000e+04,4.966200000000000000e+04,4.984800000000000000e+04,5.003400000000000000e+04,5.022000000000000000e+04,5.040600000000000000e+04,5.059200000000000000e+04,5.077800000000000000e+04,5.096400000000000000e+04,5.115000000000000000e+04,5.133600000000000000e+04,5.152200000000000000e+04,5.170800000000000000e+04,5.189400000000000000e+04,5.208000000000000000e+04,5.226600000000000000e+04,5.245200000000000000e+04,5.263800000000000000e+04,5.282400000000000000e+04,5.301000000000000000e+04,5.319600000000000000e+04,5.338200000000000000e+04,5.356800000000000000e+04,5.375400000000000000e+04,5.394000000000000000e+04,5.412600000000000000e+04,5.431200000000000000e+04,5.449800000000000000e+04,5.468400000000000000e+04,5.487000000000000000e+04,5.505600000000000000e+04,5.524200000000000000e+04,5.542800000000000000e+04,5.561400000000000000e+04
0.000000000000000000e+00,1.870000000000000000e+02,3.740000000000000000e+02,5.610000000000000000e+02,7.480000000000000000e+02,9.350000000000000000e+02,1.122000000000000000e+03,1.309000000000000000e+03,1.496000000000000000e+03,1.683000000000000000e+03,1.870000000000000000e+03,2.057000000000000000e+03,2.244000000000000000e+03,2.431000000000000000e+03,2.618000000000000000e+03,2.805000000000000000e+03,2.992000000000000000e+03,3.179000000000000000e+03,3.366000000000000000e+03,3.553000000000000000e+03,3.740000000000000000e+03,3.927000000000000000e+03,4.114000000000000000e+03,4.301000000000000000e+03,4.488000000000000000e+03,4.675000000000000000e+03,4.862000000000000000e+03,5.049000000000000000e+03,5.236000000000000000e+03,5.423000000000000000e+03,5.610000000000000000e+03,5.797000000000000000e+03,5.984000000000000000e+03,6.171000000000000000e+03,6.358000000000000000e+03,6.545000000000000000e+03,6.732000000000000000e+03,6.919000000000000000e+03,7.106000000000000000e+03,7.293000000000000000e+03,7.480000000000000000e+03,7.667000000000000000e+03,7.854000000000000000e+03,8.041000000000000000e+03,8.228000000000000000e+03,8.415000000000000000e+03,8.602000000000000000e+03,8.789000000000000000e+03,8.976000000000000000e+03,9.163000000000000000e+03,9.350000000000000000e+03,9.537000000000000000e+03,9.724000000000000000e+03,9.911000000000000000e+03,1.009800000000000000e+04,1.028500000000000000e+04,1.047200000000000000e+04,1.065900000000000000e+04,1.084600000000000000e+04,1.103300000000000000e+04,1.122000000000000000e+04,1.140700000000000000e+04,1.159400000000000000e+04,1.178100000000000000e+04,1.196800000000000000e+04,1.215500000000000000e+04,1.234200000000000000e+04,1.252900000000000000e+04,1.271600000000000000e+04,1.290300000000000000e+04,1.309000000000000000e+04,1.327700000000000000e+04,1.346400000000000000e+04,1.365100000000000000e+04,1.383800000000000000e+04,1.402500000000000000e+04,1.421200000000000000e+04,1.439900000000000000e+04,1.458600000000000000e+04,1.477300000000000000e+04,1.496000000000000000e+04,1.514700000000000000e+04,1.533400000000000000e+04,1.552100000000000000e+04,1.570800000000000000e+04,1.589500000000000000e+04,1.608200000000000000e+04,1.626900000000000000e+04,1.645600000000000000e+04,1.664300000000000000e+04,1.683000000000000000e+04,1.701700000000000000e+04,1.720400000000000000e+04,1.739100000000000000e+04,1.757800000000000000e+04,1.776500000000000000e+04,1.795200000000000000e+04,1.813900000000000000e+04,1.832600000000000000e+04,1.851300000000000000e+04,1.870000000000000000e+04,1.888700000000000000e+04,1.907400000000000000e+04,1.926100000000000000e+04,1.944800000000000000e+04,1.963500000000000000e+04,1.982200000000000000e+04,2.000900000000000000e+04,2.019600000000000000e+04,2.038300000000000000e+04,2.057000000000000000e+04,2.075700000000000000e+04,2.094400000000000000e+04,2.113100000000000000e+04,2.131800000000000000e+04,2.150500000000000000e+04,2.169200000000000000e+04,2.187900000000000000e+04,2.206600000000000000e+04,2.225300000000000000e+04,2.244000000000000000e+04,2.262700000000000000e+04,2.281400000000000000e+04,2.300100000000000000e+04,2.318800000000000000e+04,2.337500000000000000e+04,2.356200000000000000e+04,2.374900000000000000e+04,2.393600000000000000e+04,2.412300000000000000e+04,2.431000000000000000e+04,2.449700000000000000e+04,2.468400000000000000e+04,2.487100000000000000e+04,2.505800000000000000e+04,2.524500000000000000e+04,2.543200000000000000e+04,2.561900000000000000e+04,2.580600000000000000e+04,2.599300000000000000e+04,2.618000000000000000e+04,2.636700000000000000e+04,2.655400000000000000e+04,2.674100000000000000e+04,2.692800000000000000e+04,2.711500000000000000e+04,2.730200000000000000e+04,2.748900000000000000e+04,2.767600000000000000e+04,2.786300000000000000e+04,2.805000000000000000e+04,2.823700000000000000e+04,2.842400000000000000e+04,2.861100000000000000e+04,2.879800000000000000e+04,2.898500000000000000e+04,2.917200000000000000e+04,2.935900000000000000e+04,2.954600000000000000e+04,2.973300000000000000e+04,2.992000000000000000e+04,3.010700000000000000e+04,3.029400000000000000e+04,3.048100000000000000e+04,3.066800000000000000e+04,3.085500000000000000e+04,3.104200000000000000e+04,3.122900000000000000e+04,3.141600000000000000e+04,3.160300000000000000e+04,3.179000000000000000e+04,3.197700000000000000e+04,3.216400000000000000e+04,3.235100000000000000e+04,3.253800000000000000e+04,3.272500000000000000e+04,3.291200000000000000e+04,3.309900000000000000e+04,3.328600000000000000e+04,3.347300000000000000e+04,3.366000000000000000e+04,3.384700000000000000e+04,3.403400000000000000e+04,3.422100000000000000e+04,3.440800000000000000e+04,3.459500000000000000e+04,3.478200000000000000e+04,3.496900000000000000e+04,3.515600000000000000e+04,3.534300000000000000e+04,3.553000000000000000e+04,3.571700000000000000e+04,3.590400000000000000e+04,3.609100000000000000e+04,3.627800000000000000e+04,3.646500000000000000e+04,3.665200000000000000e+04,3.683900000000000000e+04,3.702600000000000000e+04,3.721300000000000000e+04,3.740000000000000000e+04,3.758700000000000000e+04,3.777400000000000000e+04,3.796100000000000000e+04,3.814800000000000000e+04,3.833500000000000000e+04,3.852200000000000000e+04,3.870900000000000000e+04,3.889600000000000000e+04,3.908300000000000000e+04,3.927000000000000000e+04,3.945700000000000000e+04,3.964400000000000000e+04,3.983100000000000000e+04,4.001800000000000000e+04,4.020500000000000000e+04,4.039200000000000000e+04,4.057900000000000000e+04,4.076600000000000000e+04,4.095300000000000000e+04,4.114000000000000000e+04,4.132700000000000000e+04,4.151400000000000000e+04,4.170100000000000000e+04,4.188800000000000000e+04,4.207500000000000000e+04,4.226200000000000000e+04,4.244900000000000000e+04,4.263600000000000000e+04,4.282300000000000000e+04,4.301000000000000000e+04,4.319700000000000000e+04,4.338400000000000000e+04,4.357100000000000000e+04,4.375800000000000000e+04,4.394500000000000000e+04,4.413200000000000000e+04,4.431900000000000000e+04,4.450600000000000000e+04,4.469300000000000000e+04,4.488000000000000000e+04,4.506700000000000000e+04,4.525400000000000000e+04,4.544100000000000000e+04,4.562800000000000000e+04,4.581500000000000000e+04,4.600200000000000000e+04,4.618900000000000000e+04,4.637600000000000000e+04,4.656300000000000000e+04,4.675000000000000000e+04,4.693700000000000000e+04,4.712400000000000000e+04,4.731100000000000000e+04,4.749800000000000000e+04,4.768500000000000000e+04,4.787200000000000000e+04,4.805900000000000000e+04,4.824600000000000000e+04,4.843300000000000000e+04,4.862000000000000000e+04,4.880700000000000000e+04,4.899400000000000000e+04,4.918100000000000000e+04,4.936800000000000000e+04,4.955500000000000000e+04,4.974200000000000000e+04,4.992900000000000000e+04,5.011600000000000000e+04,5.030300000000000000e+04,5.049000000000000000e+04,5.067700000000000000e+04,5.086400000000000000e+04,5.105100000000000000e+04,5.123800000000000000e+04,5.142500000000000000e+04,5.161200000000000000e+04,5.179900000000000000e+04,5.198600000000000000e+04,5.217300000000000000e+04,5.236000000000000000e+04,5.254700000000000000e+04,5.273400000000000000e+04,5.292100000000000000e+04,5.310800000000000000e+04,5.329500000000000000e+04,5.348200000000000000e+04,5.366900000000000000e+04,5.385600000000000000e+04,5.404300000000000000e+04,5.423000000000000000e+04,5.441700000000000000e+04,5.460400000000000000e+04,5.479100000000000000e+04,5.497800000000000000e+04,5.516500000000000000e+04,5.535200000000000000e+04,5.553900000000000000e+04,5.572600000000000000e+04,5.591300000000000000e+04
0.000000000000000000e+00,1.880000000000000000e+02,3.760000000000000000e+02,5.640000000000000000e+02,7.520000000000000000e+02,9.400000000000000000e+02,1.128000000000000000e+03,1.316000000000000000e+03,1.504000000000000000e+03,1.692000000000000000e+03,1.880000000000000000e+03,2.068000000000000000e+03,2.256000000000000000e+03,2.444000000000000000e+03,2.632000000000000000e+03,2.820000000000000000e+03,3.008000000000000000e+03,3.196000000000000000e+03,3.384000000000000000e+03,3.572000000000000000e+03,3.760000000000000000e+03,3.948000000000000000e+03,4.136000000000000000e+03,4.324000000000000000e+03,4.512000000000000000e+03,4.700000000000000000e+03,4.888000000000000000e+03,5.076000000000000000e+03,5.264000000000000000e+03,5.452000000000000000e+03,5.640000000000000000e+03,5.828000000000000000e+03,6.016000000000000000e+03,6.204000000000000000e+03,6.392000000000000000e+03,6.580000000000000000e+03,6.768000000000000000e+03,6.956000000000000000e+03,7.144000000000000000e+03,7.332000000000000000e+03,7.520000000000000000e+03,7.708000000000000000e+03,7.896000000000000000e+03,8.084000000000000000e+03,8.272000000000000000e+03,8.460000000000000000e+03,8.648000000000000000e+03,8.836000000000000000e+03,9.024000000000000000e+03,9.212000000000000000e+03,9.400000000000000000e+03,9.588000000000000000e+03,9.776000000000000000e+03,9.964000000000000000e+03,1.015200000000000000e+04,1.034000000000000000e+04,1.052800000000000000e+04,1.071600000000000000e+04,1.090400000000000000e+04,1.109200000000000000e+04,1.128000000000000000e+04,1.146800000000000000e+04,1.165600000000000000e+04,1.184400000000000000e+04,1.203200000000000000e+04,1.222000000000000000e+04,1.240800000000000000e+04,1.259600000000000000e+04,1.278400000000000000e+04,1.297200000000000000e+04,1.316000000000000000e+04,1.334800000000000000e+04,1.353600000000000000e+04,1.372400000000000000e+04,1.391200000000000000e+04,1.410000000000000000e+04,1.428800000000000000e+04,1.447600000000000000e+04,1.466400000000000000e+04,1.485200000000000000e+04,1.504000000000000000e+04,1.522800000000000000e+04,1.541600000000000000e+04,1.560400000000000000e+04,1.579200000000000000e+04,1.598000000000000000e+04,1.616800000000000000e+04,1.635600000000000000e+04,1.654400000000000000e+04,1.673200000000000000e+04,1.692000000000000000e+04,1.710800000000000000e+04,1.729600000000000000e+04,1.748400000000000000e+04,1.767200000000000000e+04,1.786000000000000000e+04,1.804800000000000000e+04,1.823600000000000000e+04,1.842400000000000000e+04,1.861200000000000000e+04,1.880000000000000000e+04,1.898800000000000000e+04,1.917600000000000000e+04,1.936400000000000000e+04,1.955200000000000000e+04,1.974000000000000000e+04,1.992800000000000000e+04,2.011600000000000000e+04,2.030400000000000000e+04,2.049200000000000000e+04,2.068000000000000000e+04,2.086800000000000000e+04,2.105600000000000000e+04,2.124400000000000000e+04,2.143200000000000000e+04,2.162000000000000000e+04,2.180800000000000000e+04,2.199600000000000000e+04,2.218400000000000000e+04,2.237200000000000000e+04,2.256000000000000000e+04,2.274800000000000000e+04,2.293600000000000000e+04,2.312400000000000000e+04,2.331200000000000000e+04,2.350000000000000000e+04,2.368800000000000000e+04,2.387600000000000000e+04,2.406400000000000000e+04,2.425200000000000000e+04,2.444000000000000000e+04,2.462800000000000000e+04,2.481600000000000000e+04,2.500400000000000000e+04,2.519200000000000000e+04,2.538000000000000000e+04,2.556800000000000000e+04,2.575600000000000000e+04,2.594400000000000000e+04,2.613200000000000000e+04,2.632000000000000000e+04,2.650800000000000000e+04,2.669600000000000000e+04,2.688400000000000000e+04,2.707200000000000000e+04,2.726000000000000000e+04,2.744800000000000000e+04,2.763600000000000000e+04,2.782400000000000000e+04,2.801200000000000000e+04,2.820000000000000000e+04,2.838800000000000000e+04,2.857600000000000000e+04,2.876400000000000000e+04,2.895200000000000000e+04,2.914000000000000000e+04,2.932800000000000000e+04,2.951600000000000000e+04,2.970400000000000000e+04,2.989200000000000000e+04,3.008000000000000000e+04,3.026800000000000000e+04,3.045600000000000000e+04,3.064400000000000000e+04,3.083200000000000000e+04,3.102000000000000000e+04,3.120800000000000000e+04,3.139600000000000000e+04,3.158400000000000000e+04,3.177200000000000000e+04,3.196000000000000000e+04,3.214800000000000000e+04,3.233600000000000000e+04,3.252400000000000000e+04,3.271200000000000000e+04,3.290000000000000000e+04,3.308800000000000000e+04,3.327600000000000000e+04,3.346400000000000000e+04,3.365200000000000000e+04,3.384000000000000000e+04,3.402800000000000000e+04,3.421600000000000000e+04,3.440400000000000000e+04,3.459200000000000000e+04,3.478000000000000000e+04,3.496800000000000000e+04,3.515600000000000000e+04,3.534400000000000000e+04,3.553200000000000000e+04,3.572000000000000000e+04,3.590800000000000000e+04,3.609600000000000000e+04,3.628400000000000000e+04,3.647200000000000000e+04,3.666000000000000000e+04,3.684800000000000000e+04,3.703600000000000000e+04,3.722400000000000000e+04,3.741200000000000000e+04,3.760000000000000000e+04,3.778800000000000000e+04,3.797600000000000000e+04,3.816400000000000000e+04,3.835200000000000000e+04,3.854000000000000000e+04,3.872800000000000000e+04,3.891600000000000000e+04,3.910400000000000000e+04,3.929200000000000000e+04,3.948000000000000000e+04,3.966800000000000000e+04,3.985600000000000000e+04,4.004400000000000000e+04,4.023200000000000000e+04,4.042000000000000000e+04,4.060800000000000000e+04,4.079600000000000000e+04,4.098400000000000000e+04,4.117200000000000000e+04,4.136000000000000000e+04,4.154800000000000000e+04,4.173600000000000000e+04,4.192400000000000000e+04,4.211200000000000000e+04,4.230000000000000000e+04,4.248800000000000000e+04,4.267600000000000000e+04,4.286400000000000000e+04,4.305200000000000000e+04,4.324000000000000000e+04,4.342800000000000000e+04,4.361600000000000000e+04,4.380400000000000000e+04,4.399200000000000000e+04,4.418000000000000000e+04,4.436800000000000000e+04,4.455600000000000000e+04,4.474400000000000000e+04,4.493200000000000000e+04,4.512000000000000000e+04,4.530800000000000000e+04,4.549600000000000000e+04,4.568400000000000000e+04,4.587200000000000000e+04,4.606000000000000000e+04,4.624800000000000000e+04,4.643600000000000000e+04,4.662400000000000000e+04,4.681200000000000000e+04,4.700000000000000000e+04,4.718800000000000000e+04,4.737600000000000000e+04,4.756400000000000000e+04,4.775200000000000000e+04,4.794000000000000000e+04,4.812800000000000000e+04,4.831600000000000000e+04,4.850400000000000000e+04,4.869200000000000000e+04,4.888000000000000000e+04,4.906800000000000000e+04,4.925600000000000000e+04,4.944400000000000000e+04,4.963200000000000000e+04,4.982000000000000000e+04,5.000800000000000000e+04,5.019600000000000000e+04,5.038400000000000000e+04,5.057200000000000000e+04,5.076000000000000000e+04,5.094800000000000000e+04,5.113600000000000000e+04,5.132400000000000000e+04,5.151200000000000000e+04,5.170000000000000000e+04,5.188800000000000000e+04,5.207600000000000000e+04,5.226400000000000000e+04,5.245200000000000000e+04,5.264000000000000000e+04,5.282800000000000000e+04,5.301600000000000000e+04,5.320400000000000000e+04,5.339200000000000000e+04,5.358000000000000000e+04,5.376800000000000000e+04,5.395600000000000000e+04,5.414400000000000000e+04,5.433200000000000000e+04,5.452000000000000000e+04,5.470800000000000000e+04,5.489600000000000000e+04,5.508400000000000000e+04,5.527200000000000000e+04,5.546000000000000000e+04,5.564800000000000000e+04,5.583600000000000000e+04,5.602400000000000000e+04,5.621200000000000000e+04
0.000000000000000000e+00,1.890000000000000000e+02,3.780000000000000000e+02,5.670000000000000000e+02,7.560000000000000000e+02,9.450000000000000000e+02,1.134000000000000000e+03,1.323000000000000000e+03,1.512000000000000000e+03,1.701000000000000000e+03,1.890000000000000000e+03,2.079000000000000000e+03,2.268000000000000000e+03,2.457000000000000000e+03,2.646000000000000000e+03,2.835000000000000000e+03,3.024000000000000000e+03,3.213000000000000000e+03,3.402000000000000000e+03,3.591000000000000000e+03,3.780000000000000000e+03,3.969000000000000000e+03,4.158000000000000000e+03,4.347000000000000000e+03,4.536000000000000000e+03,4.725000000000000000e+03,4.914000000000000000e+03,5.103000000000000000e+03,5.292000000000000000e+03,5.481000000000000000e+03,5.670000000000000000e+03,5.859000000000000000e+03,6.048000000000000000e+03,6.237000000000000000e+03,6.426000000000000000e+03,6.615000000000000000e+03,6.804000000000000000e+03,6.993000000000000000e+03,7.182000000000000000e+03,7.371000000000000000e+03,7.560000000000000000e+03,7.749000000000000000e+03,7.938000000000000000e+03,8.127000000000000000e+03,8.316000000000000000e+03,8.505000000000000000e+03,8.694000000000000000e+03,8.883000000000000000e+03,9.072000000000000000e+03,9.261000000000000000e+03,9.450000000000000000e+03,9.639000000000000000e+03,9.828000000000000000e+03,1.001700000000000000e+04,1.020600000000000000e+04,1.039500000000000000e+04,1.058400000000000000e+04,1.077300000000000000e+04,1.096200000000000000e+04,1.115100000000000000e+04,1.134000000000000000e+04,1.152900000000000000e+04,1.171800000000000000e+04,1.190700000000000000e+04,1.209600000000000000e+04,1.228500000000000000e+04,1.247400000000000000e+04,1.266300000000000000e+04,1.285200000000000000e+04,1.304100000000000000e+04,1.323000000000000000e+04,1.341900000000000000e+04,1.360800000000000000e+04,1.379700000000000000e+04,1.398600000000000000e+04,1.417500000000000000e+04,1.436400000000000000e+04,1.455300000000000000e+04,1.474200000000000000e+04,1.493100000000000000e+04,1.512000000000000000e+04,1.530900000000000000e+04,1.549800000000000000e+04,1.568700000000000000e+04,1.587600000000000000e+04,1.606500000000000000e+04,1.625400000000000000e+04,1.644300000000000000e+04,1.663200000000000000e+04,1.682100000000000000e+04,1.701000000000000000e+04,1.719900000000000000e+04,1.738800000000000000e+04,1.757700000000000000e+04,1.776600000000000000e+04,1.795500000000000000e+04,1.814400000000000000e+04,1.833300000000000000e+04,1.852200000000000000e+04,1.871100000000000000e+04,1.890000000000000000e+04,1.908900000000000000e+04,1.927800000000000000e+04,1.946700000000000000e+04,1.965600000000000000e+04,1.984500000000000000e+04,2.003400000000000000e+04,2.022300000000000000e+04,2.041200000000000000e+04,2.060100000000000000e+04,2.079000000000000000e+04,2.097900000000000000e+04,2.116800000000000000e+04,2.135700000000000000e+04,2.154600000000000000e+04,2.173500000000000000e+04,2.192400000000000000e+04,2.211300000000000000e+04,2.230200000000000000e+04,2.249100000000000000e+04,2.268000000000000000e+04,2.286900000000000000e+04,2.305800000000000000e+04,2.324700000000000000e+04,2.343600000000000000e+04,2.362500000000000000e+04,2.381400000000000000e+04,2.400300000000000000e+04,2.419200000000000000e+04,2.438100000000000000e+04,2.457000000000000000e+04,2.475900000000000000e+04,2.494800000000000000e+04,2.513700000000000000e+04,2.532600000000000000e+04,2.551500000000000000e+04,2.570400000000000000e+04,2.589300000000000000e+04,2.608200000000000000e+04,2.627100000000000000e+04,2.646000000000000000e+04,2.664900000000000000e+04,2.683800000000000000e+04,2.702700000000000000e+04,2.721600000000000000e+04,2.740500000000000000e+04,2.759400000000000000e+04,2.778300000000000000e+04,2.797200000000000000e+04,2.816100000000000000e+04,2.835000000000000000e+04,2.853900000000000000e+04,2.872800000000000000e+04,2.891700000000000000e+04,2.910600000000000000e+04,2.929500000000000000e+04,2.948400000000000000e+04,2.967300000000000000e+04,2.986200000000000000e+04,3.005100000000000000e+04,3.024000000000000000e+04,3.042900000000000000e+04,3.061800000000000000e+04,3.080700000000000000e+04,3.099600000000000000e+04,3.118500000000000000e+04,3.137400000000000000e+04,3.156300000000000000e+04,3.175200000000000000e+04,3.194100000000000000e+04,3.213000000000000000e+04,3.231900000000000000e+04,3.250800000000000000e+04,3.269700000000000000e+04,3.288600000000000000e+04,3.307500000000000000e+04,3.326400000000000000e+04,3.345300000000000000e+04,3.364200000000000000e+04,3.383100000000000000e+04,3.402000000000000000e+04,3.420900000000000000e+04,3.439800000000000000e+04,3.458700000000000000e+04,3.477600000000000000e+04,3.496500000000000000e+04,3.515400000000000000e+04,3.534300000000000000e+04,3.553200000000000000e+04,3.572100000000000000e+04,3.591000000000000000e+04,3.609900000000000000e+04,3.628800000000000000e+04,3.647700000000000000e+04,3.666600000000000000e+04,3.685500000000000000e+04,3.704400000000000000e+04,3.723300000000000000e+04,3.742200000000000000e+04,3.761100000000000000e+04,3.780000000000000000e+04,3.798900000000000000e+04,3.817800000000000000e+04,3.836700000000000000e+04,3.855600000000000000e+04,3.874500000000000000e+04,3.893400000000000000e+04,3.912300000000000000e+04,3.931200000000000000e+04,3.950100000000000000e+04,3.969000000000000000e+04,3.987900000000000000e+04,4.006800000000000000e+04,4.025700000000000000e+04,4.044600000000000000e+04,4.063500000000000000e+04,4.082400000000000000e+04,4.101300000000000000e+04,4.120200000000000000e+04,4.139100000000000000e+04,4.158000000000000000e+04,4.176900000000000000e+04,4.195800000000000000e+04,4.214700000000000000e+04,4.233600000000000000e+04,4.252500000000000000e+04,4.271400000000000000e+04,4.290300000000000000e+04,4.309200000000000000e+04,4.328100000000000000e+04,4.347000000000000000e+04,4.365900000000000000e+04,4.384800000000000000e+04,4.403700000000000000e+04,4.422600000000000000e+04,4.441500000000000000e+04,4.460400000000000000e+04,4.479300000000000000e+04,4.498200000000000000e+04,4.517100000000000000e+04,4.536000000000000000e+04,4.554900000000000000e+04,4.573800000000000000e+04,4.592700000000000000e+04,4.611600000000000000e+04,4.630500000000000000e+04,4.649400000000000000e+04,4.668300000000000000e+04,4.687200000000000000e+04,4.706100000000000000e+04,4.725000000000000000e+04,4.743900000000000000e+04,4.762800000000000000e+04,4.781700000000000000e+04,4.800600000000000000e+04,4.819500000000000000e+04,4.838400000000000000e+04,4.857300000000000000e+04,4.876200000000000000e+04,4.895100000000000000e+04,4.914000000000000000e+04,4.932900000000000000e+04,4.951800000000000000e+04,4.970700000000000000e+04,4.989600000000000000e+04,5.008500000000000000e+04,5.027400000000000000e+04,5.046300000000000000e+04,5.065200000000000000e+04,5.084100000000000000e+04,5.103000000000000000e+04,5.121900000000000000e+04,5.140800000000000000e+04,5.159700000000000000e+04,5.178600000000000000e+04,5.197500000000000000e+04,5.216400000000000000e+04,5.235300000000000000e+04,5.254200000000000000e+04,5.273100000000000000e+04,5.292000000000000000e+04,5.310900000000000000e+04,5.329800000000000000e+04,5.348700000000000000e+04,5.367600000000000000e+04,5.386500000000000000e+04,5.405400000000000000e+04,5.424300000000000000e+04,5.443200000000000000e+04,5.462100000000000000e+04,5.481000000000000000e+04,5.499900000000000000e+04,5.518800000000000000e+04,5.537700000000000000e+04,5.556600000000000000e+04,5.575500000000000000e+04,5.594400000000000000e+04,5.613300000000000000e+04,5.632200000000000000e+04,5.651100000000000000e+04
0.000000000000000000e+00,1.900000000000000000e+02,3.800000000000000000e+02,5.700000000000000000e+02,7.600000000000000000e+02,9.500000000000000000e+02,1.140000000000000000e+03,1.330000000000000000e+03,1.520000000000000000e+03,1.710000000000000000e+03,1.900000000000000000e+03,2.090000000000000000e+03,2.280000000000000000e+03,2.470000000000000000e+03,2.660000000000000000e+03,2.850000000000000000e+03,3.040000000000000000e+03,3.230000000000000000e+03,3.420000000000000000e+03,3.610000000000000000e+03,3.800000000000000000e+03,3.990000000000000000e+03,4.180000000000000000e+03,4.370000000000000000e+03,4.560000000000000000e+03,4.750000000000000000e+03,4.940000000000000000e+03,5.130000000000000000e+03,5.320000000000000000e+03,5.510000000000000000e+03,5.700000000000000000e+03,5.890000000000000000e+03,6.080000000000000000e+03,6.270000000000000000e+03,6.460000000000000000e+03,6.650000000000000000e+03,6.840000000000000000e+03,7.030000000000000000e+03,7.220000000000000000e+03,7.410000000000000000e+03,7.600000000000000000e+03,7.790000000000000000e+03,7.980000000000000000e+03,8.170000000000000000e+03,8.360000000000000000e+03,8.550000000000000000e+03,8.740000000000000000e+03,8.930000000000000000e+03,9.120000000000000000e+03,9.310000000000000000e+03,9.500000000000000000e+03,9.690000000000000000e+03,9.880000000000000000e+03,1.007000000000000000e+04,1.026000000000000000e+04,1.045000000000000000e+04,1.064000000000000000e+04,1.083000000000000000e+04,1.102000000000000000e+04,1.121000000000000000e+04,1.140000000000000000e+04,1.159000000000000000e+04,1.178000000000000000e+04,1.197000000000000000e+04,1.216000000000000000e+04,1.235000000000000000e+04,1.254000000000000000e+04,1.273000000000000000e+04,1.292000000000000000e+04,1.311000000000000000e+04,1.330000000000000000e+04,1.349000000000000000e+04,1.368000000000000000e+04,1.387000000000000000e+04,1.406000000000000000e+04,1.425000000000000000e+04,1.444000000000000000e+04,1.463000000000000000e+04,1.482000000000000000e+04,1.501000000000000000e+04,1.520000000000000000e+04,1.539000000000000000e+04,1.558000000000000000e+04,1.577000000000000000e+04,1.596000000000000000e+04,1.615000000000000000e+04,1.634000000000000000e+04,1.653000000000000000e+04,1.672000000000000000e+04,1.691000000000000000e+04,1.710000000000000000e+04,1.729000000000000000e+04,1.748000000000000000e+04,1.767000000000000000e+04,1.786000000000000000e+04,1.805000000000000000e+04,1.824000000000000000e+04,1.843000000000000000e+04,1.862000000000000000e+04,1.881000000000000000e+04,1.900000000000000000e+04,1.919000000000000000e+04,1.938000000000000000e+04,1.957000000000000000e+04,1.976000000000000000e+04,1.995000000000000000e+04,2.014000000000000000e+04,2.033000000000000000e+04,2.052000000000000000e+04,2.071000000000000000e+04,2.090000000000000000e+04,2.109000000000000000e+04,2.128000000000000000e+04,2.147000000000000000e+04,2.166000000000000000e+04,2.185000000000000000e+04,2.204000000000000000e+04,2.223000000000000000e+04,2.242000000000000000e+04,2.261000000000000000e+04,2.280000000000000000e+04,2.299000000000000000e+04,2.318000000000000000e+04,2.337000000000000000e+04,2.356000000000000000e+04,2.375000000000000000e+04,2.394000000000000000e+04,2.413000000000000000e+04,2.432000000000000000e+04,2.451000000000000000e+04,2.470000000000000000e+04,2.489000000000000000e+04,2.508000000000000000e+04,2.527000000000000000e+04,2.546000000000000000e+04,2.565000000000000000e+04,2.584000000000000000e+04,2.603000000000000000e+04,2.622000000000000000e+04,2.641000000000000000e+04,2.660000000000000000e+04,2.679000000000000000e+04,2.698000000000000000e+04,2.717000000000000000e+04,2.736000000000000000e+04,2.755000000000000000e+04,2.774000000000000000e+04,2.793000000000000000e+04,2.812000000000000000e+04,2.831000000000000000e+04,2.850000000000000000e+04,2.869000000000000000e+04,2.888000000000000000e+04,2.907000000000000000e+04,2.926000000000000000e+04,2.945000000000000000e+04,2.964000000000000000e+04,2.983000000000000000e+04,3.002000000000000000e+04,3.021000000000000000e+04,3.040000000000000000e+04,3.059000000000000000e+04,3.078000000000000000e+04,3.097000000000000000e+04,3.116000000000000000e+04,3.135000000000000000e+04,3.154000000000000000e+04,3.173000000000000000e+04,3.192000000000000000e+04,3.211000000000000000e+04,3.230000000000000000e+04,3.249000000000000000e+04,3.268000000000000000e+04,3.287000000000000000e+04,3.306000000000000000e+04,3.325000000000000000e+04,3.344000000000000000e+04,3.363000000000000000e+04,3.382000000000000000e+04,3.401000000000000000e+04,3.420000000000000000e+04,3.439000000000000000e+04,3.458000000000000000e+04,3.477000000000000000e+04,3.496000000000000000e+04,3.515000000000000000e+04,3.534000000000000000e+04,3.553000000000000000e+04,3.572000000000000000e+04,3.591000000000000000e+04,3.610000000000000000e+04,3.629000000000000000e+04,3.648000000000000000e+04,3.667000000000000000e+04,3.686000000000000000e+04,3.705000000000000000e+04,3.724000000000000000e+04,3.743000000000000000e+04,3.762000000000000000e+04,3.781000000000000000e+04,3.800000000000000000e+04,3.819000000000000000e+04,3.838000000000000000e+04,3.857000000000000000e+04,3.876000000000000000e+04,3.895000000000000000e+04,3.914000000000000000e+04,3.933000000000000000e+04,3.952000000000000000e+04,3.971000000000000000e+04,3.990000000000000000e+04,4.009000000000000000e+04,4.028000000000000000e+04,4.047000000000000000e+04,4.066000000000000000e+04,4.085000000000000000e+04,4.104000000000000000e+04,4.123000000000000000e+04,4.142000000000000000e+04,4.161000000000000000e+04,4.180000000000000000e+04,4.199000000000000000e+04,4.218000000000000000e+04,4.237000000000000000e+04,4.256000000000000000e+04,4.275000000000000000e+04,4.294000000000000000e+04,4.313000000000000000e+04,4.332000000000000000e+04,4.351000000000000000e+04,4.370000000000000000e+04,4.389000000000000000e+04,4.408000000000000000e+04,4.427000000000000000e+04,4.446000000000000000e+04,4.465000000000000000e+04,4.484000000000000000e+04,4.503000000000000000e+04,4.522000000000000000e+04,4.541000000000000000e+04,4.560000000000000000e+04,4.579000000000000000e+04,4.598000000000000000e+04,4.617000000000000000e+04,4.636000000000000000e+04,4.655000000000000000e+04,4.674000000000000000e+04,4.693000000000000000e+04,4.712000000000000000e+04,4.731000000000000000e+04,4.750000000000000000e+04,4.769000000000000000e+04,4.788000000000000000e+04,4.807000000000000000e+04,4.826000000000000000e+04,4.845000000000000000e+04,4.864000000000000000e+04,4.883000000000000000e+04,4.902000000000000000e+04,4.921000000000000000e+04,4.940000000000000000e+04,4.959000000000000000e+04,4.978000000000000000e+04,4.997000000000000000e+04,5.016000000000000000e+04,5.035000000000000000e+04,5.054000000000000000e+04,5.073000000000000000e+04,5.092000000000000000e+04,5.111000000000000000e+04,5.130000000000000000e+04,5.149000000000000000e+04,5.168000000000000000e+04,5.187000000000000000e+04,5.206000000000000000e+04,5.225000000000000000e+04,5.244000000000000000e+04,5.263000000000000000e+04,5.282000000000000000e+04,5.301000000000000000e+04,5.320000000000000000e+04,5.339000000000000000e+04,5.358000000000000000e+04,5.377000000000000000e+04,5.396000000000000000e+04,5.415000000000000000e+04,5.434000000000000000e+04,5.453000000000000000e+04,5.472000000000000000e+04,5.491000000000000000e+04,5.510000000000000000e+04,5.529000000000000000e+04,5.548000000000000000e+04,5.567000000000000000e+04,5.586000000000000000e+04,5.605000000000000000e+04,5.624000000000000000e+04,5.643000000000000000e+04,5.662000000000000000e+04,5.681000000000000000e+04
0.000000000000000000e+00,1.910000000000000000e+02,3.820000000000000000e+02,5.730000000000000000e+02,7.640000000000000000e+02,9.550000000000000000e+02,1.146000000000000000e+03,1.337000000000000000e+03,1.528000000000000000e+03,1.719000000000000000e+03,1.910000000000000000e+03,2.101000000000000000e+03,2.292000000000000000e+03,2.483000000000000000e+03,2.674000000000000000e+03,2.865000000000000000e+03,3.056000000000000000e+03,3.247000000000000000e+03,3.438000000000000000e+03,3.629000000000000000e+03,3.820000000000000000e+03,4.011000000000000000e+03,4.202000000000000000e+03,4.393000000000000000e+03,4.584000000000000000e+03,4.775000000000000000e+03,4.966000000000000000e+03,5.157000000000000000e+03,5.348000000000000000e+03,5.539000000000000000e+03,5.730000000000000000e+03,5.921000000000000000e+03,6.112000000000000000e+03,6.303000000000000000e+03,6.494000000000000000e+03,6.685000000000000000e+03,6.876000000000000000e+03,7.067000000000000000e+03,7.258000000000000000e+03,7.449000000000000000e+03,7.640000000000000000e+03,7.831000000000000000e+03,8.022000000000000000e+03,8.213000000000000000e+03,8.404000000000000000e+03,8.595000000000000000e+03,8.786000000000000000e+03,8.977000000000000000e+03,9.168000000000000000e+03,9.359000000000000000e+03,9.550000000000000000e+03,9.741000000000000000e+03,9.932000000000000000e+03,1.012300000000000000e+04,1.031400000000000000e+04,1.050500000000000000e+04,1.069600000000000000e+04,1.088700000000000000e+04,1.107800000000000000e+04,1.126900000000000000e+04,1.146000000000000000e+04,1.165100000000000000e+04,1.184200000000000000e+04,1.203300000000000000e+04,1.222400000000000000e+04,1.241500000000000000e+04,1.260600000000000000e+04,1.279700000000000000e+04,1.298800000000000000e+04,1.317900000000000000e+04,1.337000000000000000e+04,1.356100000000000000e+04,1.375200000000000000e+04,1.394300000000000000e+04,1.413400000000000000e+04,1.432500000000000000e+04,1.451600000000000000e+04,1.470700000000000000e+04,1.489800000000000000e+04,1.508900000000000000e+04,1.528000000000000000e+04,1.547100000000000000e+04,1.566200000000000000e+04,1.585300000000000000e+04,1.604400000000000000e+04,1.623500000000000000e+04,1.642600000000000000e+04,1.661700000000000000e+04,1.680800000000000000e+04,1.699900000000000000e+04,1.719000000000000000e+04,1.738100000000000000e+04,1.757200000000000000e+04,1.776300000000000000e+04,1.795400000000000000e+04,1.814500000000000000e+04,1.833600000000000000e+04,1.852700000000000000e+04,1.871800000000000000e+04,1.890900000000000000e+04,1.910000000000000000e+04,1.929100000000000000e+04,1.948200000000000000e+04,1.967300000000000000e+04,1.986400000000000000e+04,2.005500000000000000e+04,2.024600000000000000e+04,2.043700000000000000e+04,2.062800000000000000e+04,2.081900000000000000e+04,2.101000000000000000e+04,2.120100000000000000e+04,2.139200000000000000e+04,2.158300000000000000e+04,2.177400000000000000e+04,2.196500000000000000e+04,2.215600000000000000e+04,2.234700000000000000e+04,2.253800000000000000e+04,2.272900000000000000e+04,2.292000000000000000e+04,2.311100000000000000e+04,2.330200000000000000e+04,2.349300000000000000e+04,2.368400000000000000e+04,2.387500000000000000e+04,2.406600000000000000e+04,2.425700000000000000e+04,2.444800000000000000e+04,2.463900000000000000e+04,2.483000000000000000e+04,2.502100000000000000e+04,2.521200000000000000e+04,2.540300000000000000e+04,2.559400000000000000e+04,2.578500000000000000e+04,2.597600000000000000e+04,2.616700000000000000e+04,2.635800000000000000e+04,2.654900000000000000e+04,2.674000000000000000e+04,2.693100000000000000e+04,2.712200000000000000e+04,2.731300000000000000e+04,2.750400000000000000e+04,2.769500000000000000e+04,2.788600000000000000e+04,2.807700000000000000e+04,2.826800000000000000e+04,2.845900000000000000e+04,2.865000000000000000e+04,2.884100000000000000e+04,2.903200000000000000e+04,2.922300000000000000e+04,2.941400000000000000e+04,2.960500000000000000e+04,2.979600000000000000e+04,2.998700000000000000e+04,3.017800000000000000e+04,3.036900000000000000e+04,3.056000000000000000e+04,3.075100000000000000e+04,3.094200000000000000e+04,3.113300000000000000e+04,3.132400000000000000e+04,3.151500000000000000e+04,3.170600000000000000e+04,3.189700000000000000e+04,3.208800000000000000e+04,3.227900000000000000e+04,3.247000000000000000e+04,3.266100000000000000e+04,3.285200000000000000e+04,3.304300000000000000e+04,3.323400000000000000e+04,3.342500000000000000e+04,3.361600000000000000e+04,3.380700000000000000e+04,3.399800000000000000e+04,3.418900000000000000e+04,3.438000000000000000e+04,3.457100000000000000e+04,3.476200000000000000e+04,3.495300000000000000e+04,3.514400000000000000e+04,3.533500000000000000e+04,3.552600000000000000e+04,3.571700000000000000e+04,3.590800000000000000e+04,3.609900000000000000e+04,3.629000000000000000e+04,3.648100000000000000e+04,3.667200000000000000e+04,3.686300000000000000e+04,3.705400000000000000e+04,3.724500000000000000e+04,3.743600000000000000e+04,3.762700000000000000e+04,3.781800000000000000e+04,3.800900000000000000e+04,3.820000000000000000e+04,3.839100000000000000e+04,3.858200000000000000e+04,3.877300000000000000e+04,3.896400000000000000e+04,3.915500000000000000e+04,3.934600000000000000e+04,3.953700000000000000e+04,3.972800000000000000e+04,3.991900000000000000e+04,4.011000000000000000e+04,4.030100000000000000e+04,4.049200000000000000e+04,4.068300000000000000e+04,4.087400000000000000e+04,4.106500000000000000e+04,4.125600000000000000e+04,4.144700000000000000e+04,4.163800000000000000e+04,4.182900000000000000e+04,4.202000000000000000e+04,4.221100000000000000e+04,4.240200000000000000e+04,4.259300000000000000e+04,4.278400000000000000e+04,4.297500000000000000e+04,4.316600000000000000e+04,4.335700000000000000e+04,4.354800000000000000e+04,4.373900000000000000e+04,4.393000000000000000e+04,4.412100000000000000e+04,4.431200000000000000e+04,4.450300000000000000e+04,4.469400000000000000e+04,4.488500000000000000e+04,4.507600000000000000e+04,4.526700000000000000e+04,4.545800000000000000e+04,4.564900000000000000e+04,4.584000000000000000e+04,4.603100000000000000e+04,4.622200000000000000e+04,4.641300000000000000e+04,4.660400000000000000e+04,4.679500000000000000e+04,4.698600000000000000e+04,4.717700000000000000e+04,4.736800000000000000e+04,4.755900000000000000e+04,4.775000000000000000e+04,4.794100000000000000e+04,4.813200000000000000e+04,4.832300000000000000e+04,4.851400000000000000e+04,4.870500000000000000e+04,4.889600000000000000e+04,4.908700000000000000e+04,4.927800000000000000e+04,4.946900000000000000e+04,4.966000000000000000e+04,4.985100000000000000e+04,5.004200000000000000e+04,5.023300000000000000e+04,5.042400000000000000e+04,5.061500000000000000e+04,5.080600000000000000e+04,5.099700000000000000e+04,5.118800000000000000e+04,5.137900000000000000e+04,5.157000000000000000e+04,5.176100000000000000e+04,5.195200000000000000e+04,5.214300000000000000e+04,5.233400000000000000e+04,5.252500000000000000e+04,5.271600000000000000e+04,5.290700000000000000e+04,5.309800000000000000e+04,5.328900000000000000e+04,5.348000000000000000e+04,5.367100000000000000e+04,5.386200000000000000e+04,5.405300000000000000e+04,5.424400000000000000e+04,5.443500000000000000e+04,5.462600000000000000e+04,5.481700000000000000e+04,5.500800000000000000e+04,5.519900000000000000e+04,5.539000000000000000e+04,5.558100000000000000e+04,5.577200000000000000e+04,5.596300000000000000e+04,5.615400000000000000e+04,5.634500000000000000e+04,5.653600000000000000e+04,5.672700000000000000e+04,5.691800000000000000e+04,5.710900000000000000e+04
0.000000000000000000e+00,1.920000000000000000e+02,3.840000000000000000e+02,5.760000000000000000e+02,7.680000000000000000e+02,9.600000000000000000e+02,1.152000000000000000e+03,1.344000000000000000e+03,1.536000000000000000e+03,1.728000000000000000e+03,1.920000000000000000e+03,2.112000000000000000e+03,2.304000000000000000e+03,2.496000000000000000e+03,2.688000000000000000e+03,2.880000000000000000e+03,3.072000000000000000e+03,3.264000000000000000e+03,3.456000000000000000e+03,3.648000000000000000e+03,3.840000000000000000e+03,4.032000000000000000e+03,4.224000000000000000e+03,4.416000000000000000e+03,4.608000000000000000e+03,4.800000000000000000e+03,4.992000000000000000e+03,5.184000000000000000e+03,5.376000000000000000e+03,5.568000000000000000e+03,5.760000000000000000e+03,5.952000000000000000e+03,6.144000000000000000e+03,6.336000000000000000e+03,6.528000000000000000e+03,6.720000000000000000e+03,6.912000000000000000e+03,7.104000000000000000e+03,7.296000000000000000e+03,7.488000000000000000e+03,7.680000000000000000e+03,7.872000000000000000e+03,8.064000000000000000e+03,8.256000000000000000e+03,8.448000000000000000e+03,8.640000000000000000e+03,8.832000000000000000e+03,9.024000000000000000e+03,9.216000000000000000e+03,9.408000000000000000e+03,9.600000000000000000e+03,9.792000000000000000e+03,9.984000000000000000e+03,1.017600000000000000e+04,1.036800000000000000e+04,1.056000000000000000e+04,1.075200000000000000e+04,1.094400000000000000e+04,1.113600000000000000e+04,1.132800000000000000e+04,1.152000000000000000e+04,1.171200000000000000e+04,1.190400000000000000e+04,1.209600000000000000e+04,1.228800000000000000e+04,1.248000000000000000e+04,1.267200000000000000e+04,1.286400000000000000e+04,1.305600000000000000e+04,1.324800000000000000e+04,1.344000000000000000e+04,1.363200000000000000e+04,1.382400000000000000e+04,1.401600000000000000e+04,1.420800000000000000e+04,1.440000000000000000e+04,1.459200000000000000e+04,1.478400000000000000e+04,1.497600000000000000e+04,1.516800000000000000e+04,1.536000000000000000e+04,1.555200000000000000e+04,1.574400000000000000e+04,1.593600000000000000e+04,1.612800000000000000e+04,1.632000000000000000e+04,1.651200000000000000e+04,1.670400000000000000e+04,1.689600000000000000e+04,1.708800000000000000e+04,1.728000000000000000e+04,1.747200000000000000e+04,1.766400000000000000e+04,1.785600000000000000e+04,1.804800000000000000e+04,1.824000000000000000e+04,1.843200000000000000e+04,1.862400000000000000e+04,1.881600000000000000e+04,1.900800000000000000e+04,1.920000000000000000e+04,1.939200000000000000e+04,1.958400000000000000e+04,1.977600000000000000e+04,1.996800000000000000e+04,2.016000000000000000e+04,2.035200000000000000e+04,2.054400000000000000e+04,2.073600000000000000e+04,2.092800000000000000e+04,2.112000000000000000e+04,2.131200000000000000e+04,2.150400000000000000e+04,2.169600000000000000e+04,2.188800000000000000e+04,2.208000000000000000e+04,2.227200000000000000e+04,2.246400000000000000e+04,2.265600000000000000e+04,2.284800000000000000e+04,2.304000000000000000e+04,2.323200000000000000e+04,2.342400000000000000e+04,2.361600000000000000e+04,2.380800000000000000e+04,2.400000000000000000e+04,2.419200000000000000e+04,2.438400000000000000e+04,2.457600000000000000e+04,2.476800000000000000e+04,2.496000000000000000e+04,2.515200000000000000e+04,2.534400000000000000e+04,2.553600000000000000e+04,2.572800000000000000e+04,2.592000000000000000e+04,2.611200000000000000e+04,2.630400000000000000e+04,2.649600000000000000e+04,2.668800000000000000e+04,2.688000000000000000e+04,2.707200000000000000e+04,2.726400000000000000e+04,2.745600000000000000e+04,2.764800000000000000e+04,2.784000000000000000e+04,2.803200000000000000e+04,2.822400000000000000e+04,2.841600000000000000e+04,2.860800000000000000e+04,2.880000000000000000e+04,2.899200000000000000e+04,2.918400000000000000e+04,2.937600000000000000e+04,2.956800000000000000e+04,2.976000000000000000e+04,2.995200000000000000e+04,3.014400000000000000e+04,3.033600000000000000e+04,3.052800000000000000e+04,3.072000000000000000e+04,3.091200000000000000e+04,3.110400000000000000e+04,3.129600000000000000e+04,3.148800000000000000e+04,3.168000000000000000e+04,3.187200000000000000e+04,3.206400000000000000e+04,3.225600000000000000e+04,3.244800000000000000e+04,3.264000000000000000e+04,3.283200000000000000e+04,3.302400000000000000e+04,3.321600000000000000e+04,3.340800000000000000e+04,3.360000000000000000e+04,3.379200000000000000e+04,3.398400000000000000e+04,3.417600000000000000e+04,3.436800000000000000e+04,3.456000000000000000e+04,3.475200000000000000e+04,3.494400000000000000e+04,3.513600000000000000e+04,3.532800000000000000e+04,3.552000000000000000e+04,3.571200000000000000e+04,3.590400000000000000e+04,3.609600000000000000e+04,3.628800000000000000e+04,3.648000000000000000e+04,3.667200000000000000e+04,3.686400000000000000e+04,3.705600000000000000e+04,3.724800000000000000e+04,3.744000000000000000e+04,3.763200000000000000e+04,3.782400000000000000e+04,3.801600000000000000e+04,3.820800000000000000e+04,3.840000000000000000e+04,3.859200000000000000e+04,3.878400000000000000e+04,3.897600000000000000e+04,3.916800000000000000e+04,3.936000000000000000e+04,3.955200000000000000e+04,3.974400000000000000e+04,3.993600000000000000e+04,4.012800000000000000e+04,4.032000000000000000e+04,4.051200000000000000e+04,4.070400000000000000e+04,4.089600000000000000e+04,4.108800000000000000e+04,4.128000000000000000e+04,4.147200000000000000e+04,4.166400000000000000e+04,4.185600000000000000e+04,4.204800000000000000e+04,4.224000000000000000e+04,4.243200000000000000e+04,4.262400000000000000e+04,4.281600000000000000e+04,4.300800000000000000e+04,4.320000000000000000e+04,4.339200000000000000e+04,4.358400000000000000e+04,4.377600000000000000e+04,4.396800000000000000e+04,4.416000000000000000e+04,4.435200000000000000e+04,4.454400000000000000e+04,4.473600000000000000e+04,4.492800000000000000e+04,4.512000000000000000e+04,4.531200000000000000e+04,4.550400000000000000e+04,4.569600000000000000e+04,4.588800000000000000e+04,4.608000000000000000e+04,4.627200000000000000e+04,4.646400000000000000e+04,4.665600000000000000e+04,4.684800000000000000e+04,4.704000000000000000e+04,4.723200000000000000e+04,4.742400000000000000e+04,4.761600000000000000e+04,4.780800000000000000e+04,4.800000000000000000e+04,4.819200000000000000e+04,4.838400000000000000e+04,4.857600000000000000e+04,4.876800000000000000e+04,4.896000000000000000e+04,4.915200000000000000e+04,4.934400000000000000e+04,4.953600000000000000e+04,4.972800000000000000e+04,4.992000000000000000e+04,5.011200000000000000e+04,5.030400000000000000e+04,5.049600000000000000e+04,5.068800000000000000e+04,5.088000000000000000e+04,5.107200000000000000e+04,5.126400000000000000e+04,5.145600000000000000e+04,5.164800000000000000e+04,5.184000000000000000e+04,5.203200000000000000e+04,5.222400000000000000e+04,5.241600000000000000e+04,5.260800000000000000e+04,5.280000000000000000e+04,5.299200000000000000e+04,5.318400000000000000e+04,5.337600000000000000e+04,5.356800000000000000e+04,5.376000000000000000e+04,5.395200000000000000e+04,5.414400000000000000e+04,5.433600000000000000e+04,5.452800000000000000e+04,5.472000000000000000e+04,5.491200000000000000e+04,5.510400000000000000e+04,5.529600000000000000e+04,5.548800000000000000e+04,5.568000000000000000e+04,5.587200000000000000e+04,5.606400000000000000e+04,5.625600000000000000e+04,5.644800000000000000e+04,5.664000000000000000e+04,5.683200000000000000e+04,5.702400000000000000e+04,5.721600000000000000e+04,5.740800000000000000e+04
0.000000000000000000e+00,1.930000000000000000e+02,3.860000000000000000e+02,5.790000000000000000e+02,7.720000000000000000e+02,9.650000000000000000e+02,1.158000000000000000e+03,1.351000000000000000e+03,1.544000000000000000e+03,1.737000000000000000e+03,1.930000000000000000e+03,2.123000000000000000e+03,2.316000000000000000e+03,2.509000000000000000e+03,2.702000000000000000e+03,2.895000000000000000e+03,3.088000000000000000e+03,3.281000000000000000e+03,3.474000000000000000e+03,3.667000000000000000e+03,3.860000000000000000e+03,4.053000000000000000e+03,4.246000000000000000e+03,4.439000000000000000e+03,4.632000000000000000e+03,4.825000000000000000e+03,5.018000000000000000e+03,5.211000000000000000e+03,5.404000000000000000e+03,5.597000000000000000e+03,5.790000000000000000e+03,5.983000000000000000e+03,6.176000000000000000e+03,6.369000000000000000e+03,6.562000000000000000e+03,6.755000000000000000e+03,6.948000000000000000e+03,7.141000000000000000e+03,7.334000000000000000e+03,7.527000000000000000e+03,7.720000000000000000e+03,7.913000000000000000e+03,8.106000000000000000e+03,8.299000000000000000e+03,8.492000000000000000e+03,8.685000000000000000e+03,8.878000000000000000e+03,9.071000000000000000e+03,9.264000000000000000e+03,9.457000000000000000e+03,9.650000000000000000e+03,9.843000000000000000e+03,1.003600000000000000e+04,1.022900000000000000e+04,1.042200000000000000e+04,1.061500000000000000e+04,1.080800000000000000e+04,1.100100000000000000e+04,1.119400000000000000e+04,1.138700000000000000e+04,1.158000000000000000e+04,1.177300000000000000e+04,1.196600000000000000e+04,1.215900000000000000e+04,1.235200000000000000e+04,1.254500000000000000e+04,1.273800000000000000e+04,1.293100000000000000e+04,1.312400000000000000e+04,1.331700000000000000e+04,1.351000000000000000e+04,1.370300000000000000e+04,1.389600000000000000e+04,1.408900000000000000e+04,1.428200000000000000e+04,1.447500000000000000e+04,1.466800000000000000e+04,1.486100000000000000e+04,1.505400000000000000e+04,1.524700000000000000e+04,1.544000000000000000e+04,1.563300000000000000e+04,1.582600000000000000e+04,1.601900000000000000e+04,1.621200000000000000e+04,1.640500000000000000e+04,1.659800000000000000e+04,1.679100000000000000e+04,1.698400000000000000e+04,1.717700000000000000e+04,1.737000000000000000e+04,1.756300000000000000e+04,1.775600000000000000e+04,1.794900000000000000e+04,1.814200000000000000e+04,1.833500000000000000e+04,1.852800000000000000e+04,1.872100000000000000e+04,1.891400000000000000e+04,1.910700000000000000e+04,1.930000000000000000e+04,1.949300000000000000e+04,1.968600000000000000e+04,1.987900000000000000e+04,2.007200000000000000e+04,2.026500000000000000e+04,2.045800000000000000e+04,2.065100000000000000e+04,2.084400000000000000e+04,2.103700000000000000e+04,2.123000000000000000e+04,2.142300000000000000e+04,2.161600000000000000e+04,2.180900000000000000e+04,2.200200000000000000e+04,2.219500000000000000e+04,2.238800000000000000e+04,2.258100000000000000e+04,2.277400000000000000e+04,2.296700000000000000e+04,2.316000000000000000e+04,2.335300000000000000e+04,2.354600000000000000e+04,2.373900000000000000e+04,2.393200000000000000e+04,2.412500000000000000e+04,2.431800000000000000e+04,2.451100000000000000e+04,2.470400000000000000e+04,2.489700000000000000e+04,2.509000000000000000e+04,2.528300000000000000e+04,2.547600000000000000e+04,2.566900000000000000e+04,2.586200000000000000e+04,2.605500000000000000e+04,2.624800000000000000e+04,2.644100000000000000e+04,2.663400000000000000e+04,2.682700000000000000e+04,2.702000000000000000e+04,2.721300000000000000e+04,2.740600000000000000e+04,2.759900000000000000e+04,2.779200000000000000e+04,2.798500000000000000e+04,2.817800000000000000e+04,2.837100000000000000e+04,2.856400000000000000e+04,2.875700000000000000e+04,2.895000000000000000e+04,2.914300000000000000e+04,2.933600000000000000e+04,2.952900000000000000e+04,2.972200000000000000e+04,2.991500000000000000e+04,3.010800000000000000e+04,3.030100000000000000e+04,3.049400000000000000e+04,3.068700000000000000e+04,3.088000000000000000e+04,3.107300000000000000e+04,3.126600000000000000e+04,3.145900000000000000e+04,3.165200000000000000e+04,3.184500000000000000e+04,3.203800000000000000e+04,3.223100000000000000e+04,3.242400000000000000e+04,3.261700000000000000e+04,3.281000000000000000e+04,3.300300000000000000e+04,3.319600000000000000e+04,3.338900000000000000e+04,3.358200000000000000e+04,3.377500000000000000e+04,3.396800000000000000e+04,3.416100000000000000e+04,3.435400000000000000e+04,3.454700000000000000e+04,3.474000000000000000e+04,3.493300000000000000e+04,3.512600000000000000e+04,3.531900000000000000e+04,3.551200000000000000e+04,3.570500000000000000e+04,3.589800000000000000e+04,3.609100000000000000e+04,3.628400000000000000e+04,3.647700000000000000e+04,3.667000000000000000e+04,3.686300000000000000e+04,3.705600000000000000e+04,3.724900000000000000e+04,3.744200000000000000e+04,3.763500000000000000e+04,3.782800000000000000e+04,3.802100000000000000e+04,3.821400000000000000e+04,3.840700000000000000e+04,3.860000000000000000e+04,3.879300000000000000e+04,3.898600000000000000e+04,3.917900000000000000e+04,3.937200000000000000e+04,3.956500000000000000e+04,3.975800000000000000e+04,3.995100000000000000e+04,4.014400000000000000e+04,4.033700000000000000e+04,4.053000000000000000e+04,4.072300000000000000e+04,4.091600000000000000e+04,4.110900000000000000e+04,4.130200000000000000e+04,4.149500000000000000e+04,4.168800000000000000e+04,4.188100000000000000e+04,4.207400000000000000e+04,4.226700000000000000e+04,4.246000000000000000e+04,4.265300000000000000e+04,4.284600000000000000e+04,4.303900000000000000e+04,4.323200000000000000e+04,4.342500000000000000e+04,4.361800000000000000e+04,4.381100000000000000e+04,4.400400000000000000e+04,4.419700000000000000e+04,4.439000000000000000e+04,4.458300000000000000e+04,4.477600000000000000e+04,4.496900000000000000e+04,4.516200000000000000e+04,4.535500000000000000e+04,4.554800000000000000e+04,4.574100000000000000e+04,4.593400000000000000e+04,4.612700000000000000e+04,4.632000000000000000e+04,4.651300000000000000e+04,4.670600000000000000e+04,4.689900000000000000e+04,4.709200000000000000e+04,4.728500000000000000e+04,4.747800000000000000e+04,4.767100000000000000e+04,4.786400000000000000e+04,4.805700000000000000e+04,4.825000000000000000e+04,4.844300000000000000e+04,4.863600000000000000e+04,4.882900000000000000e+04,4.902200000000000000e+04,4.921500000000000000e+04,4.940800000000000000e+04,4.960100000000000000e+04,4.979400000000000000e+04,4.998700000000000000e+04,5.018000000000000000e+04,5.037300000000000000e+04,5.056600000000000000e+04,5.075900000000000000e+04,5.095200000000000000e+04,5.114500000000000000e+04,5.133800000000000000e+04,5.153100000000000000e+04,5.172400000000000000e+04,5.191700000000000000e+04,5.211000000000000000e+04,5.230300000000000000e+04,5.249600000000000000e+04,5.268900000000000000e+04,5.288200000000000000e+04,5.307500000000000000e+04,5.326800000000000000e+04,5.346100000000000000e+04,5.365400000000000000e+04,5.384700000000000000e+04,5.404000000000000000e+04,5.423300000000000000e+04,5.442600000000000000e+04,5.461900000000000000e+04,5.481200000000000000e+04,5.500500000000000000e+04,5.519800000000000000e+04,5.539100000000000000e+04,5.558400000000000000e+04,5.577700000000000000e+04,5.597000000000000000e+04,5.616300000000000000e+04,5.635600000000000000e+04,5.654900000000000000e+04,5.674200000000000000e+04,5.693500000000000000e+04,5.712800000000000000e+04,5.732100000000000000e+04,5.751400000000000000e+04,5.770700000000000000e+04
0.000000000000000000e+00,1.940000000000000000e+02,3.880000000000000000e+02,5.820000000000000000e+02,7.760000000000000000e+02,9.700000000000000000e+02,1.164000000000000000e+03,1.358000000000000000e+03,1.552000000000000000e+03,1.746000000000000000e+03,1.940000000000000000e+03,2.134000000000000000e+03,2.328000000000000000e+03,2.522000000000000000e+03,2.716000000000000000e+03,2.910000000000000000e+03,3.104000000000000000e+03,3.298000000000000000e+03,3.492000000000000000e+03,3.686000000000000000e+03,3.880000000000000000e+03,4.074000000000000000e+03,4.268000000000000000e+03,4.462000000000000000e+03,4.656000000000000000e+03,4.850000000000000000e+03,5.044000000000000000e+03,5.238000000000000000e+03,5.432000000000000000e+03,5.626000000000000000e+03,5.820000000000000000e+03,6.014000000000000000e+03,6.208000000000000000e+03,6.402000000000000000e+03,6.596000000000000000e+03,6.790000000000000000e+03,6.984000000000000000e+03,7.178000000000000000e+03,7.372000000000000000e+03,7.566000000000000000e+03,7.760000000000000000e+03,7.954000000000000000e+03,8.148000000000000000e+03,8.342000000000000000e+03,8.536000000000000000e+03,8.730000000000000000e+03,8.924000000000000000e+03,9.118000000000000000e+03,9.312000000000000000e+03,9.506000000000000000e+03,9.700000000000000000e+03,9.894000000000000000e+03,1.008800000000000000e+04,1.028200000000000000e+04,1.047600000000000000e+04,1.067000000000000000e+04,1.086400000000000000e+04,1.105800000000000000e+04,1.125200000000000000e+04,1.144600000000000000e+04,1.164000000000000000e+04,1.183400000000000000e+04,1.202800000000000000e+04,1.222200000000000000e+04,1.241600000000000000e+04,1.261000000000000000e+04,1.280400000000000000e+04,1.299800000000000000e+04,1.319200000000000000e+04,1.338600000000000000e+04,1.358000000000000000e+04,1.377400000000000000e+04,1.396800000000000000e+04,1.416200000000000000e+04,1.435600000000000000e+04,1.455000000000000000e+04,1.474400000000000000e+04,1.493800000000000000e+04,1.513200000000000000e+04,1.532600000000000000e+04,1.552000000000000000e+04,1.571400000000000000e+04,1.590800000000000000e+04,1.610200000000000000e+04,1.629600000000000000e+04,1.649000000000000000e+04,1.668400000000000000e+04,1.687800000000000000e+04,1.707200000000000000e+04,1.726600000000000000e+04,1.746000000000000000e+04,1.765400000000000000e+04,1.784800000000000000e+04,1.804200000000000000e+04,1.823600000000000000e+04,1.843000000000000000e+04,1.862400000000000000e+04,1.881800000000000000e+04,1.901200000000000000e+04,1.920600000000000000e+04,1.940000000000000000e+04,1.959400000000000000e+04,1.978800000000000000e+04,1.998200000000000000e+04,2.017600000000000000e+04,2.037000000000000000e+04,2.056400000000000000e+04,2.075800000000000000e+04,2.095200000000000000e+04,2.114600000000000000e+04,2.134000000000000000e+04,2.153400000000000000e+04,2.172800000000000000e+04,2.192200000000000000e+04,2.211600000000000000e+04,2.231000000000000000e+04,2.250400000000000000e+04,2.269800000000000000e+04,2.289200000000000000e+04,2.308600000000000000e+04,2.328000000000000000e+04,2.347400000000000000e+04,2.366800000000000000e+04,2.386200000000000000e+04,2.405600000000000000e+04,2.425000000000000000e+04,2.444400000000000000e+04,2.463800000000000000e+04,2.483200000000000000e+04,2.502600000000000000e+04,2.522000000000000000e+04,2.541400000000000000e+04,2.560800000000000000e+04,2.580200000000000000e+04,2.599600000000000000e+04,2.619000000000000000e+04,2.638400000000000000e+04,2.657800000000000000e+04,2.677200000000000000e+04,2.696600000000000000e+04,2.716000000000000000e+04,2.735400000000000000e+04,2.754800000000000000e+04,2.774200000000000000e+04,2.793600000000000000e+04,2.813000000000000000e+04,2.832400000000000000e+04,2.851800000000000000e+04,2.871200000000000000e+04,2.890600000000000000e+04,2.910000000000000000e+04,2.929400000000000000e+04,2.948800000000000000e+04,2.968200000000000000e+04,2.987600000000000000e+04,3.007000000000000000e+04,3.026400000000000000e+04,3.045800000000000000e+04,3.065200000000000000e+04,3.084600000000000000e+04,3.104000000000000000e+04,3.123400000000000000e+04,3.142800000000000000e+04,3.162200000000000000e+04,3.181600000000000000e+04,3.201000000000000000e+04,3.220400000000000000e+04,3.239800000000000000e+04,3.259200000000000000e+04,3.278600000000000000e+04,3.298000000000000000e+04,3.317400000000000000e+04,3.336800000000000000e+04,3.356200000000000000e+04,3.375600000000000000e+04,3.395000000000000000e+04,3.414400000000000000e+04,3.433800000000000000e+04,3.453200000000000000e+04,3.472600000000000000e+04,3.492000000000000000e+04,3.511400000000000000e+04,3.530800000000000000e+04,3.550200000000000000e+04,3.569600000000000000e+04,3.589000000000000000e+04,3.608400000000000000e+04,3.627800000000000000e+04,3.647200000000000000e+04,3.666600000000000000e+04,3.686000000000000000e+04,3.705400000000000000e+04,3.724800000000000000e+04,3.744200000000000000e+04,3.763600000000000000e+04,3.783000000000000000e+04,3.802400000000000000e+04,3.821800000000000000e+04,3.841200000000000000e+04,3.860600000000000000e+04,3.880000000000000000e+04,3.899400000000000000e+04,3.918800000000000000e+04,3.938200000000000000e+04,3.957600000000000000e+04,3.977000000000000000e+04,3.996400000000000000e+04,4.015800000000000000e+04,4.035200000000000000e+04,4.054600000000000000e+04,4.074000000000000000e+04,4.093400000000000000e+04,4.112800000000000000e+04,4.132200000000000000e+04,4.151600000000000000e+04,4.171000000000000000e+04,4.190400000000000000e+04,4.209800000000000000e+04,4.229200000000000000e+04,4.248600000000000000e+04,4.268000000000000000e+04,4.287400000000000000e+04,4.306800000000000000e+04,4.326200000000000000e+04,4.345600000000000000e+04,4.365000000000000000e+04,4.384400000000000000e+04,4.403800000000000000e+04,4.423200000000000000e+04,4.442600000000000000e+04,4.462000000000000000e+04,4.481400000000000000e+04,4.500800000000000000e+04,4.520200000000000000e+04,4.539600000000000000e+04,4.559000000000000000e+04,4.578400000000000000e+04,4.597800000000000000e+04,4.617200000000000000e+04,4.636600000000000000e+04,4.656000000000000000e+04,4.675400000000000000e+04,4.694800000000000000e+04,4.714200000000000000e+04,4.733600000000000000e+04,4.753000000000000000e+04,4.772400000000000000e+04,4.791800000000000000e+04,4.811200000000000000e+04,4.830600000000000000e+04,4.850000000000000000e+04,4.869400000000000000e+04,4.888800000000000000e+04,4.908200000000000000e+04,4.927600000000000000e+04,4.947000000000000000e+04,4.966400000000000000e+04,4.985800000000000000e+04,5.005200000000000000e+04,5.024600000000000000e+04,5.044000000000000000e+04,5.063400000000000000e+04,5.082800000000000000e+04,5.102200000000000000e+04,5.121600000000000000e+04,5.141000000000000000e+04,5.160400000000000000e+04,5.179800000000000000e+04,5.199200000000000000e+04,5.218600000000000000e+04,5.238000000000000000e+04,5.257400000000000000e+04,5.276800000000000000e+04,5.296200000000000000e+04,5.315600000000000000e+04,5.335000000000000000e+04,5.354400000000000000e+04,5.373800000000000000e+04,5.393200000000000000e+04,5.412600000000000000e+04,5.432000000000000000e+04,5.451400000000000000e+04,5.470800000000000000e+04,5.490200000000000000e+04,5.509600000000000000e+04,5.529000000000000000e+04,5.548400000000000000e+04,5.567800000000000000e+04,5.587200000000000000e+04,5.606600000000000000e+04,5.626000000000000000e+04,5.645400000000000000e+04,5.664800000000000000e+04,5.684200000000000000e+04,5.703600000000000000e+04,5.723000000000000000e+04,5.742400000000000000e+04,5.761800000000000000e+04,5.781200000000000000e+04,5.800600000000000000e+04
0.000000000000000000e+00,1.950000000000000000e+02,3.900000000000000000e+02,5.850000000000000000e+02,7.800000000000000000e+02,9.750000000000000000e+02,1.170000000000000000e+03,1.365000000000000000e+03,1.560000000000000000e+03,1.755000000000000000e+03,1.950000000000000000e+03,2.145000000000000000e+03,2.340000000000000000e+03,2.535000000000000000e+03,2.730000000000000000e+03,2.925000000000000000e+03,3.120000000000000000e+03,3.315000000000000000e+03,3.510000000000000000e+03,3.705000000000000000e+03,3.900000000000000000e+03,4.095000000000000000e+03,4.290000000000000000e+03,4.485000000000000000e+03,4.680000000000000000e+03,4.875000000000000000e+03,5.070000000000000000e+03,5.265000000000000000e+03,5.460000000000000000e+03,5.655000000000000000e+03,5.850000000000000000e+03,6.045000000000000000e+03,6.240000000000000000e+03,6.435000000000000000e+03,6.630000000000000000e+03,6.825000000000000000e+03,7.020000000000000000e+03,7.215000000000000000e+03,7.410000000000000000e+03,7.605000000000000000e+03,7.800000000000000000e+03,7.995000000000000000e+03,8.190000000000000000e+03,8.385000000000000000e+03,8.580000000000000000e+03,8.775000000000000000e+03,8.970000000000000000e+03,9.165000000000000000e+03,9.360000000000000000e+03,9.555000000000000000e+03,9.750000000000000000e+03,9.945000000000000000e+03,1.014000000000000000e+04,1.033500000000000000e+04,1.053000000000000000e+04,1.072500000000000000e+04,1.092000000000000000e+04,1.111500000000000000e+04,1.131000000000000000e+04,1.150500000000000000e+04,1.170000000000000000e+04,1.189500000000000000e+04,1.209000000000000000e+04,1.228500000000000000e+04,1.248000000000000000e+04,1.267500000000000000e+04,1.287000000000000000e+04,1.306500000000000000e+04,1.326000000000000000e+04,1.345500000000000000e+04,1.365000000000000000e+04,1.384500000000000000e+04,1.404000000000000000e+04,1.423500000000000000e+04,1.443000000000000000e+04,1.462500000000000000e+04,1.482000000000000000e+04,1.501500000000000000e+04,1.521000000000000000e+04,1.540500000000000000e+04,1.560000000000000000e+04,1.579500000000000000e+04,1.599000000000000000e+04,1.618500000000000000e+04,1.638000000000000000e+04,1.657500000000000000e+04,1.677000000000000000e+04,1.696500000000000000e+04,1.716000000000000000e+04,1.735500000000000000e+04,1.755000000000000000e+04,1.774500000000000000e+04,1.794000000000000000e+04,1.813500000000000000e+04,1.833000000000000000e+04,1.852500000000000000e+04,1.872000000000000000e+04,1.891500000000000000e+04,1.911000000000000000e+04,1.930500000000000000e+04,1.950000000000000000e+04,1.969500000000000000e+04,1.989000000000000000e+04,2.008500000000000000e+04,2.028000000000000000e+04,2.047500000000000000e+04,2.067000000000000000e+04,2.086500000000000000e+04,2.106000000000000000e+04,2.125500000000000000e+04,2.145000000000000000e+04,2.164500000000000000e+04,2.184000000000000000e+04,2.203500000000000000e+04,2.223000000000000000e+04,2.242500000000000000e+04,2.262000000000000000e+04,2.281500000000000000e+04,2.301000000000000000e+04,2.320500000000000000e+04,2.340000000000000000e+04,2.359500000000000000e+04,2.379000000000000000e+04,2.398500000000000000e+04,2.418000000000000000e+04,2.437500000000000000e+04,2.457000000000000000e+04,2.476500000000000000e+04,2.496000000000000000e+04,2.515500000000000000e+04,2.535000000000000000e+04,2.554500000000000000e+04,2.574000000000000000e+04,2.593500000000000000e+04,2.613000000000000000e+04,2.632500000000000000e+04,2.652000000000000000e+04,2.671500000000000000e+04,2.691000000000000000e+04,2.710500000000000000e+04,2.730000000000000000e+04,2.749500000000000000e+04,2.769000000000000000e+04,2.788500000000000000e+04,2.808000000000000000e+04,2.827500000000000000e+04,2.847000000000000000e+04,2.866500000000000000e+04,2.886000000000000000e+04,2.905500000000000000e+04,2.925000000000000000e+04,2.944500000000000000e+04,2.964000000000000000e+04,2.983500000000000000e+04,3.003000000000000000e+04,3.022500000000000000e+04,3.042000000000000000e+04,3.061500000000000000e+04,3.081000000000000000e+04,3.100500000000000000e+04,3.120000000000000000e+04,3.139500000000000000e+04,3.159000000000000000e+04,3.178500000000000000e+04,3.198000000000000000e+04,3.217500000000000000e+04,3.237000000000000000e+04,3.256500000000000000e+04,3.276000000000000000e+04,3.295500000000000000e+04,3.315000000000000000e+04,3.334500000000000000e+04,3.354000000000000000e+04,3.373500000000000000e+04,3.393000000000000000e+04,3.412500000000000000e+04,3.432000000000000000e+04,3.451500000000000000e+04,3.471000000000000000e+04,3.490500000000000000e+04,3.510000000000000000e+04,3.529500000000000000e+04,3.549000000000000000e+04,3.568500000000000000e+04,3.588000000000000000e+04,3.607500000000000000e+04,3.627000000000000000e+04,3.646500000000000000e+04,3.666000000000000000e+04,3.685500000000000000e+04,3.705000000000000000e+04,3.724500000000000000e+04,3.744000000000000000e+04,3.763500000000000000e+04,3.783000000000000000e+04,3.802500000000000000e+04,3.822000000000000000e+04,3.841500000000000000e+04,3.861000000000000000e+04,3.880500000000000000e+04,3.900000000000000000e+04,3.919500000000000000e+04,3.939000000000000000e+04,3.958500000000000000e+04,3.978000000000000000e+04,3.997500000000000000e+04,4.017000000000000000e+04,4.036500000000000000e+04,4.056000000000000000e+04,4.075500000000000000e+04,4.095000000000000000e+04,4.114500000000000000e+04,4.134000000000000000e+04,4.153500000000000000e+04,4.173000000000000000e+04,4.192500000000000000e+04,4.212000000000000000e+04,4.231500000000000000e+04,4.251000000000000000e+04,4.270500000000000000e+04,4.290000000000000000e+04,4.309500000000000000e+04,4.329000000000000000e+04,4.348500000000000000e+04,4.368000000000000000e+04,4.387500000000000000e+04,4.407000000000000000e+04,4.426500000000000000e+04,4.446000000000000000e+04,4.465500000000000000e+04,4.485000000000000000e+04,4.504500000000000000e+04,4.524000000000000000e+04,4.543500000000000000e+04,4.563000000000000000e+04,4.582500000000000000e+04,4.602000000000000000e+04,4.621500000000000000e+04,4.641000000000000000e+04,4.660500000000000000e+04,4.680000000000000000e+04,4.699500000000000000e+04,4.719000000000000000e+04,4.738500000000000000e+04,4.758000000000000000e+04,4.777500000000000000e+04,4.797000000000000000e+04,4.816500000000000000e+04,4.836000000000000000e+04,4.855500000000000000e+04,4.875000000000000000e+04,4.894500000000000000e+04,4.914000000000000000e+04,4.933500000000000000e+04,4.953000000000000000e+04,4.972500000000000000e+04,4.992000000000000000e+04,5.011500000000000000e+04,5.031000000000000000e+04,5.050500000000000000e+04,5.070000000000000000e+04,5.089500000000000000e+04,5.109000000000000000e+04,5.128500000000000000e+04,5.148000000000000000e+04,5.167500000000000000e+04,5.187000000000000000e+04,5.206500000000000000e+04,5.226000000000000000e+04,5.245500000000000000e+04,5.265000000000000000e+04,5.284500000000000000e+04,5.304000000000000000e+04,5.323500000000000000e+04,5.343000000000000000e+04,5.362500000000000000e+04,5.382000000000000000e+04,5.401500000000000000e+04,5.421000000000000000e+04,5.440500000000000000e+04,5.460000000000000000e+04,5.479500000000000000e+04,5.499000000000000000e+04,5.518500000000000000e+04,5.538000000000000000e+04,5.557500000000000000e+04,5.577000000000000000e+04,5.596500000000000000e+04,5.616000000000000000e+04,5.635500000000000000e+04,5.655000000000000000e+04,5.674500000000000000e+04,5.694000000000000000e+04,5.713500000000000000e+04,5.733000000000000000e+04,5.752500000000000000e+04,5.772000000000000000e+04,5.791500000000000000e+04,5.811000000000000000e+04,5.830500000000000000e+04
0.000000000000000000e+00,1.960000000000000000e+02,3.920000000000000000e+02,5.880000000000000000e+02,7.840000000000000000e+02,9.800000000000000000e+02,1.176000000000000000e+03,1.372000000000000000e+03,1.568000000000000000e+03,1.764000000000000000e+03,1.960000000000000000e+03,2.156000000000000000e+03,2.352000000000000000e+03,2.548000000000000000e+03,2.744000000000000000e+03,2.940000000000000000e+03,3.136000000000000000e+03,3.332000000000000000e+03,3.528000000000000000e+03,3.724000000000000000e+03,3.920000000000000000e+03,4.116000000000000000e+03,4.312000000000000000e+03,4.508000000000000000e+03,4.704000000000000000e+03,4.900000000000000000e+03,5.096000000000000000e+03,5.292000000000000000e+03,5.488000000000000000e+03,5.684000000000000000e+03,5.880000000000000000e+03,6.076000000000000000e+03,6.272000000000000000e+03,6.468000000000000000e+03,6.664000000000000000e+03,6.860000000000000000e+03,7.056000000000000000e+03,7.252000000000000000e+03,7.448000000000000000e+03,7.644000000000000000e+03,7.840000000000000000e+03,8.036000000000000000e+03,8.232000000000000000e+03,8.428000000000000000e+03,8.624000000000000000e+03,8.820000000000000000e+03,9.016000000000000000e+03,9.212000000000000000e+03,9.408000000000000000e+03,9.604000000000000000e+03,9.800000000000000000e+03,9.996000000000000000e+03,1.019200000000000000e+04,1.038800000000000000e+04,1.058400000000000000e+04,1.078000000000000000e+04,1.097600000000000000e+04,1.117200000000000000e+04,1.136800000000000000e+04,1.156400000000000000e+04,1.176000000000000000e+04,1.195600000000000000e+04,1.215200000000000000e+04,1.234800000000000000e+04,1.254400000000000000e+04,1.274000000000000000e+04,1.293600000000000000e+04,1.313200000000000000e+04,1.332800000000000000e+04,1.352400000000000000e+04,1.372000000000000000e+04,1.391600000000000000e+04,1.411200000000000000e+04,1.430800000000000000e+04,1.450400000000000000e+04,1.470000000000000000e+04,1.489600000000000000e+04,1.509200000000000000e+04,1.528800000000000000e+04,1.548400000000000000e+04,1.568000000000000000e+04,1.587600000000000000e+04,1.607200000000000000e+04,1.626800000000000000e+04,1.646400000000000000e+04,1.666000000000000000e+04,1.685600000000000000e+04,1.705200000000000000e+04,1.724800000000000000e+04,1.744400000000000000e+04,1.764000000000000000e+04,1.783600000000000000e+04,1.803200000000000000e+04,1.822800000000000000e+04,1.842400000000000000e+04,1.862000000000000000e+04,1.881600000000000000e+04,1.901200000000000000e+04,1.920800000000000000e+04,1.940400000000000000e+04,1.960000000000000000e+04,1.979600000000000000e+04,1.999200000000000000e+04,2.018800000000000000e+04,2.038400000000000000e+04,2.058000000000000000e+04,2.077600000000000000e+04,2.097200000000000000e+04,2.116800000000000000e+04,2.136400000000000000e+04,2.156000000000000000e+04,2.175600000000000000e+04,2.195200000000000000e+04,2.214800000000000000e+04,2.234400000000000000e+04,2.254000000000000000e+04,2.273600000000000000e+04,2.293200000000000000e+04,2.312800000000000000e+04,2.332400000000000000e+04,2.352000000000000000e+04,2.371600000000000000e+04,2.391200000000000000e+04,2.410800000000000000e+04,2.430400000000000000e+04,2.450000000000000000e+04,2.469600000000000000e+04,2.489200000000000000e+04,2.508800000000000000e+04,2.528400000000000000e+04,2.548000000000000000e+04,2.567600000000000000e+04,2.587200000000000000e+04,2.606800000000000000e+04,2.626400000000000000e+04,2.646000000000000000e+04,2.665600000000000000e+04,2.685200000000000000e+04,2.704800000000000000e+04,2.724400000000000000e+04,2.744000000000000000e+04,2.763600000000000000e+04,2.783200000000000000e+04,2.802800000000000000e+04,2.822400000000000000e+04,2.842000000000000000e+04,2.861600000000000000e+04,2.881200000000000000e+04,2.900800000000000000e+04,2.920400000000000000e+04,2.940000000000000000e+04,2.959600000000000000e+04,2.979200000000000000e+04,2.998800000000000000e+04,3.018400000000000000e+04,3.038000000000000000e+04,3.057600000000000000e+04,3.077200000000000000e+04,3.096800000000000000e+04,3.116400000000000000e+04,3.136000000000000000e+04,3.155600000000000000e+04,3.175200000000000000e+04,3.194800000000000000e+04,3.214400000000000000e+04,3.234000000000000000e+04,3.253600000000000000e+04,3.273200000000000000e+04,3.292800000000000000e+04,3.312400000000000000e+04,3.332000000000000000e+04,3.351600000000000000e+04,3.371200000000000000e+04,3.390800000000000000e+04,3.410400000000000000e+04,3.430000000000000000e+04,3.449600000000000000e+04,3.469200000000000000e+04,3.488800000000000000e+04,3.508400000000000000e+04,3.528000000000000000e+04,3.547600000000000000e+04,3.567200000000000000e+04,3.586800000000000000e+04,3.606400000000000000e+04,3.626000000000000000e+04,3.645600000000000000e+04,3.665200000000000000e+04,3.684800000000000000e+04,3.704400000000000000e+04,3.724000000000000000e+04,3.743600000000000000e+04,3.763200000000000000e+04,3.782800000000000000e+04,3.802400000000000000e+04,3.822000000000000000e+04,3.841600000000000000e+04,3.861200000000000000e+04,3.880800000000000000e+04,3.900400000000000000e+04,3.920000000000000000e+04,3.939600000000000000e+04,3.959200000000000000e+04,3.978800000000000000e+04,3.998400000000000000e+04,4.018000000000000000e+04,4.037600000000000000e+04,4.057200000000000000e+04,4.076800000000000000e+04,4.096400000000000000e+04,4.116000000000000000e+04,4.135600000000000000e+04,4.155200000000000000e+04,4.174800000000000000e+04,4.194400000000000000e+04,4.214000000000000000e+04,4.233600000000000000e+04,4.253200000000000000e+04,4.272800000000000000e+04,4.292400000000000000e+04,4.312000000000000000e+04,4.331600000000000000e+04,4.351200000000000000e+04,4.370800000000000000e+04,4.390400000000000000e+04,4.410000000000000000e+04,4.429600000000000000e+04,4.449200000000000000e+04,4.468800000000000000e+04,4.488400000000000000e+04,4.508000000000000000e+04,4.527600000000000000e+04,4.547200000000000000e+04,4.566800000000000000e+04,4.586400000000000000e+04,4.606000000000000000e+04,4.625600000000000000e+04,4.645200000000000000e+04,4.664800000000000000e+04,4.684400000000000000e+04,4.704000000000000000e+04,4.723600000000000000e+04,4.743200000000000000e+04,4.762800000000000000e+04,4.782400000000000000e+04,4.802000000000000000e+04,4.821600000000000000e+04,4.841200000000000000e+04,4.860800000000000000e+04,4.880400000000000000e+04,4.900000000000000000e+04,4.919600000000000000e+04,4.939200000000000000e+04,4.958800000000000000e+04,4.978400000000000000e+04,4.998000000000000000e+04,5.017600000000000000e+04,5.037200000000000000e+04,5.056800000000000000e+04,5.076400000000000000e+04,5.096000000000000000e+04,5.115600000000000000e+04,5.135200000000000000e+04,5.154800000000000000e+04,5.174400000000000000e+04,5.194000000000000000e+04,5.213600000000000000e+04,5.233200000000000000e+04,5.252800000000000000e+04,5.272400000000000000e+04,5.292000000000000000e+04,5.311600000000000000e+04,5.331200000000000000e+04,5.350800000000000000e+04,5.370400000000000000e+04,5.390000000000000000e+04,5.409600000000000000e+04,5.429200000000000000e+04,5.448800000000000000e+04,5.468400000000000000e+04,5.488000000000000000e+04,5.507600000000000000e+04,5.527200000000000000e+04,5.546800000000000000e+04,5.566400000000000000e+04,5.586000000000000000e+04,5.605600000000000000e+04,5.625200000000000000e+04,5.644800000000000000e+04,5.664400000000000000e+04,5.684000000000000000e+04,5.703600000000000000e+04,5.723200000000000000e+04,5.742800000000000000e+04,5.762400000000000000e+04,5.782000000000000000e+04,5.801600000000000000e+04,5.821200000000000000e+04,5.840800000000000000e+04,5.860400000000000000e+04
0.000000000000000000e+00,1.970000000000000000e+02,3.940000000000000000e+02,5.910000000000000000e+02,7.880000000000000000e+02,9.850000000000000000e+02,1.182000000000000000e+03,1.379000000000000000e+03,1.576000000000000000e+03,1.773000000000000000e+03,1.970000000000000000e+03,2.167000000000000000e+03,2.364000000000000000e+03,2.561000000000000000e+03,2.758000000000000000e+03,2.955000000000000000e+03,3.152000000000000000e+03,3.349000000000000000e+03,3.546000000000000000e+03,3.743000000000000000e+03,3.940000000000000000e+03,4.137000000000000000e+03,4.334000000000000000e+03,4.531000000000000000e+03,4.728000000000000000e+03,4.925000000000000000e+03,5.122000000000000000e+03,5.319000000000000000e+03,5.516000000000000000e+03,5.713000000000000000e+03,5.910000000000000000e+03,6.107000000000000000e+03,6.304000000000000000e+03,6.501000000000000000e+03,6.698000000000000000e+03,6.895000000000000000e+03,7.092000000000000000e+03,7.289000000000000000e+03,7.486000000000000000e+03,7.683000000000000000e+03,7.880000000000000000e+03,8.077000000000000000e+03,8.274000000000000000e+03,8.471000000000000000e+03,8.668000000000000000e+03,8.865000000000000000e+03,9.062000000000000000e+03,9.259000000000000000e+03,9.456000000000000000e+03,9.653000000000000000e+03,9.850000000000000000e+03,1.004700000000000000e+04,1.024400000000000000e+04,1.044100000000000000e+04,1.063800000000000000e+04,1.083500000000000000e+04,1.103200000000000000e+04,1.122900000000000000e+04,1.142600000000000000e+04,1.162300000000000000e+04,1.182000000000000000e+04,1.201700000000000000e+04,1.221400000000000000e+04,1.241100000000000000e+04,1.260800000000000000e+04,1.280500000000000000e+04,1.300200000000000000e+04,1.319900000000000000e+04,1.339600000000000000e+04,1.359300000000000000e+04,1.379000000000000000e+04,1.398700000000000000e+04,1.418400000000000000e+04,1.438100000000000000e+04,1.457800000000000000e+04,1.477500000000000000e+04,1.497200000000000000e+04,1.516900000000000000e+04,1.536600000000000000e+04,1.556300000000000000e+04,1.576000000000000000e+04,1.595700000000000000e+04,1.615400000000000000e+04,1.635100000000000000e+04,1.654800000000000000e+04,1.674500000000000000e+04,1.694200000000000000e+04,1.713900000000000000e+04,1.733600000000000000e+04,1.753300000000000000e+04,1.773000000000000000e+04,1.792700000000000000e+04,1.812400000000000000e+04,1.832100000000000000e+04,1.851800000000000000e+04,1.871500000000000000e+04,1.891200000000000000e+04,1.910900000000000000e+04,1.930600000000000000e+04,1.950300000000000000e+04,1.970000000000000000e+04,1.989700000000000000e+04,2.009400000000000000e+04,2.029100000000000000e+04,2.048800000000000000e+04,2.068500000000000000e+04,2.088200000000000000e+04,2.107900000000000000e+04,2.127600000000000000e+04,2.147300000000000000e+04,2.167000000000000000e+04,2.186700000000000000e+04,2.206400000000000000e+04,2.226100000000000000e+04,2.245800000000000000e+04,2.265500000000000000e+04,2.285200000000000000e+04,2.304900000000000000e+04,2.324600000000000000e+04,2.344300000000000000e+04,2.364000000000000000e+04,2.383700000000000000e+04,2.403400000000000000e+04,2.423100000000000000e+04,2.442800000000000000e+04,2.462500000000000000e+04,2.482200000000000000e+04,2.501900000000000000e+04,2.521600000000000000e+04,2.541300000000000000e+04,2.561000000000000000e+04,2.580700000000000000e+04,2.600400000000000000e+04,2.620100000000000000e+04,2.639800000000000000e+04,2.659500000000000000e+04,2.679200000000000000e+04,2.698900000000000000e+04,2.718600000000000000e+04,2.738300000000000000e+04,2.758000000000000000e+04,2.777700000000000000e+04,2.797400000000000000e+04,2.817100000000000000e+04,2.836800000000000000e+04,2.856500000000000000e+04,2.876200000000000000e+04,2.895900000000000000e+04,2.915600000000000000e+04,2.935300000000000000e+04,2.955000000000000000e+04,2.974700000000000000e+04,2.994400000000000000e+04,3.014100000000000000e+04,3.033800000000000000e+04,3.053500000000000000e+04,3.073200000000000000e+04,3.092900000000000000e+04,3.112600000000000000e+04,3.132300000000000000e+04,3.152000000000000000e+04,3.171700000000000000e+04,3.191400000000000000e+04,3.211100000000000000e+04,3.230800000000000000e+04,3.250500000000000000e+04,3.270200000000000000e+04,3.289900000000000000e+04,3.309600000000000000e+04,3.329300000000000000e+04,3.349000000000000000e+04,3.368700000000000000e+04,3.388400000000000000e+04,3.408100000000000000e+04,3.427800000000000000e+04,3.447500000000000000e+04,3.467200000000000000e+04,3.486900000000000000e+04,3.506600000000000000e+04,3.526300000000000000e+04,3.546000000000000000e+04,3.565700000000000000e+04,3.585400000000000000e+04,3.605100000000000000e+04,3.624800000000000000e+04,3.644500000000000000e+04,3.664200000000000000e+04,3.683900000000000000e+04,3.703600000000000000e+04,3.723300000000000000e+04,3.743000000000000000e+04,3.762700000000000000e+04,3.782400000000000000e+04,3.802100000000000000e+04,3.821800000000000000e+04,3.841500000000000000e+04,3.861200000000000000e+04,3.880900000000000000e+04,3.900600000000000000e+04,3.920300000000000000e+04,3.940000000000000000e+04,3.959700000000000000e+04,3.979400000000000000e+04,3.999100000000000000e+04,4.018800000000000000e+04,4.038500000000000000e+04,4.058200000000000000e+04,4.077900000000000000e+04,4.097600000000000000e+04,4.117300000000000000e+04,4.137000000000000000e+04,4.156700000000000000e+04,4.176400000000000000e+04,4.196100000000000000e+04,4.215800000000000000e+04,4.235500000000000000e+04,4.255200000000000000e+04,4.274900000000000000e+04,4.294600000000000000e+04,4.314300000000000000e+04,4.334000000000000000e+04,4.353700000000000000e+04,4.373400000000000000e+04,4.393100000000000000e+04,4.412800000000000000e+04,4.432500000000000000e+04,4.452200000000000000e+04,4.471900000000000000e+04,4.491600000000000000e+04,4.511300000000000000e+04,4.531000000000000000e+04,4.550700000000000000e+04,4.570400000000000000e+04,4.590100000000000000e+04,4.609800000000000000e+04,4.629500000000000000e+04,4.649200000000000000e+04,4.668900000000000000e+04,4.688600000000000000e+04,4.708300000000000000e+04,4.728000000000000000e+04,4.747700000000000000e+04,4.767400000000000000e+04,4.787100000000000000e+04,4.806800000000000000e+04,4.826500000000000000e+04,4.846200000000000000e+04,4.865900000000000000e+04,4.885600000000000000e+04,4.905300000000000000e+04,4.925000000000000000e+04,4.944700000000000000e+04,4.964400000000000000e+04,4.984100000000000000e+04,5.003800000000000000e+04,5.023500000000000000e+04,5.043200000000000000e+04,5.062900000000000000e+04,5.082600000000000000e+04,5.102300000000000000e+04,5.122000000000000000e+04,5.141700000000000000e+04,5.161400000000000000e+04,5.181100000000000000e+04,5.200800000000000000e+04,5.220500000000000000e+04,5.240200000000000000e+04,5.259900000000000000e+04,5.279600000000000000e+04,5.299300000000000000e+04,5.319000000000000000e+04,5.338700000000000000e+04,5.358400000000000000e+04,5.378100000000000000e+04,5.397800000000000000e+04,5.417500000000000000e+04,5.437200000000000000e+04,5.456900000000000000e+04,5.476600000000000000e+04,5.496300000000000000e+04,5.516000000000000000e+04,5.535700000000000000e+04,5.555400000000000000e+04,5.575100000000000000e+04,5.594800000000000000e+04,5.614500000000000000e+04,5.634200000000000000e+04,5.653900000000000000e+04,5.673600000000000000e+04,5.693300000000000000e+04,5.713000000000000000e+04,5.732700000000000000e+04,5.752400000000000000e+04,5.772100000000000000e+04,5.791800000000000000e+04,5.811500000000000000e+04,5.831200000000000000e+04,5.850900000000000000e+04,5.870600000000000000e+04,5.890300000000000000e+04
0.000000000000000000e+00,1.980000000000000000e+02,3.960000000000000000e+02,5.940000000000000000e+02,7.920000000000000000e+02,9.900000000000000000e+02,1.188000000000000000e+03,1.386000000000000000e+03,1.584000000000000000e+03,1.782000000000000000e+03,1.980000000000000000e+03,2.178000000000000000e+03,2.376000000000000000e+03,2.574000000000000000e+03,2.772000000000000000e+03,2.970000000000000000e+03,3.168000000000000000e+03,3.366000000000000000e+03,3.564000000000000000e+03,3.762000000000000000e+03,3.960000000000000000e+03,4.158000000000000000e+03,4.356000000000000000e+03,4.554000000000000000e+03,4.752000000000000000e+03,4.950000000000000000e+03,5.148000000000000000e+03,5.346000000000000000e+03,5.544000000000000000e+03,5.742000000000000000e+03,5.940000000000000000e+03,6.138000000000000000e+03,6.336000000000000000e+03,6.534000000000000000e+03,6.732000000000000000e+03,6.930000000000000000e+03,7.128000000000000000e+03,7.326000000000000000e+03,7.524000000000000000e+03,7.722000000000000000e+03,7.920000000000000000e+03,8.118000000000000000e+03,8.316000000000000000e+03,8.514000000000000000e+03,8.712000000000000000e+03,8.910000000000000000e+03,9.108000000000000000e+03,9.306000000000000000e+03,9.504000000000000000e+03,9.702000000000000000e+03,9.900000000000000000e+03,1.009800000000000000e+04,1.029600000000000000e+04,1.049400000000000000e+04,1.069200000000000000e+04,1.089000000000000000e+04,1.108800000000000000e+04,1.128600000000000000e+04,1.148400000000000000e+04,1.168200000000000000e+04,1.188000000000000000e+04,1.207800000000000000e+04,1.227600000000000000e+04,1.247400000000000000e+04,1.267200000000000000e+04,1.287000000000000000e+04,1.306800000000000000e+04,1.326600000000000000e+04,1.346400000000000000e+04,1.366200000000000000e+04,1.386000000000000000e+04,1.405800000000000000e+04,1.425600000000000000e+04,1.445400000000000000e+04,1.465200000000000000e+04,1.485000000000000000e+04,1.504800000000000000e+04,1.524600000000000000e+04,1.544400000000000000e+04,1.564200000000000000e+04,1.584000000000000000e+04,1.603800000000000000e+04,1.623600000000000000e+04,1.643400000000000000e+04,1.663200000000000000e+04,1.683000000000000000e+04,1.702800000000000000e+04,1.722600000000000000e+04,1.742400000000000000e+04,1.762200000000000000e+04,1.782000000000000000e+04,1.801800000000000000e+04,1.821600000000000000e+04,1.841400000000000000e+04,1.861200000000000000e+04,1.881000000000000000e+04,1.900800000000000000e+04,1.920600000000000000e+04,1.940400000000000000e+04,1.960200000000000000e+04,1.980000000000000000e+04,1.999800000000000000e+04,2.019600000000000000e+04,2.039400000000000000e+04,2.059200000000000000e+04,2.079000000000000000e+04,2.098800000000000000e+04,2.118600000000000000e+04,2.138400000000000000e+04,2.158200000000000000e+04,2.178000000000000000e+04,2.197800000000000000e+04,2.217600000000000000e+04,2.237400000000000000e+04,2.257200000000000000e+04,2.277000000000000000e+04,2.296800000000000000e+04,2.316600000000000000e+04,2.336400000000000000e+04,2.356200000000000000e+04,2.376000000000000000e+04,2.395800000000000000e+04,2.415600000000000000e+04,2.435400000000000000e+04,2.455200000000000000e+04,2.475000000000000000e+04,2.494800000000000000e+04,2.514600000000000000e+04,2.534400000000000000e+04,2.554200000000000000e+04,2.574000000000000000e+04,2.593800000000000000e+04,2.613600000000000000e+04,2.633400000000000000e+04,2.653200000000000000e+04,2.673000000000000000e+04,2.692800000000000000e+04,2.712600000000000000e+04,2.732400000000000000e+04,2.752200000000000000e+04,2.772000000000000000e+04,2.791800000000000000e+04,2.811600000000000000e+04,2.831400000000000000e+04,2.851200000000000000e+04,2.871000000000000000e+04,2.890800000000000000e+04,2.910600000000000000e+04,2.930400000000000000e+04,2.950200000000000000e+04,2.970000000000000000e+04,2.989800000000000000e+04,3.009600000000000000e+04,3.029400000000000000e+04,3.049200000000000000e+04,3.069000000000000000e+04,3.088800000000000000e+04,3.108600000000000000e+04,3.128400000000000000e+04,3.148200000000000000e+04,3.168000000000000000e+04,3.187800000000000000e+04,3.207600000000000000e+04,3.227400000000000000e+04,3.247200000000000000e+04,3.267000000000000000e+04,3.286800000000000000e+04,3.306600000000000000e+04,3.326400000000000000e+04,3.346200000000000000e+04,3.366000000000000000e+04,3.385800000000000000e+04,3.405600000000000000e+04,3.425400000000000000e+04,3.445200000000000000e+04,3.465000000000000000e+04,3.484800000000000000e+04,3.504600000000000000e+04,3.524400000000000000e+04,3.544200000000000000e+04,3.564000000000000000e+04,3.583800000000000000e+04,3.603600000000000000e+04,3.623400000000000000e+04,3.643200000000000000e+04,3.663000000000000000e+04,3.682800000000000000e+04,3.702600000000000000e+04,3.722400000000000000e+04,3.742200000000000000e+04,3.762000000000000000e+04,3.781800000000000000e+04,3.801600000000000000e+04,3.821400000000000000e+04,3.841200000000000000e+04,3.861000000000000000e+04,3.880800000000000000e+04,3.900600000000000000e+04,3.920400000000000000e+04,3.940200000000000000e+04,3.960000000000000000e+04,3.979800000000000000e+04,3.999600000000000000e+04,4.019400000000000000e+04,4.039200000000000000e+04,4.059000000000000000e+04,4.078800000000000000e+04,4.098600000000000000e+04,4.118400000000000000e+04,4.138200000000000000e+04,4.158000000000000000e+04,4.177800000000000000e+04,4.197600000000000000e+04,4.217400000000000000e+04,4.237200000000000000e+04,4.257000000000000000e+04,4.276800000000000000e+04,4.296600000000000000e+04,4.316400000000000000e+04,4.336200000000000000e+04,4.356000000000000000e+04,4.375800000000000000e+04,4.395600000000000000e+04,4.415400000000000000e+04,4.435200000000000000e+04,4.455000000000000000e+04,4.474800000000000000e+04,4.494600000000000000e+04,4.514400000000000000e+04,4.534200000000000000e+04,4.554000000000000000e+04,4.573800000000000000e+04,4.593600000000000000e+04,4.613400000000000000e+04,4.633200000000000000e+04,4.653000000000000000e+04,4.672800000000000000e+04,4.692600000000000000e+04,4.712400000000000000e+04,4.732200000000000000e+04,4.752000000000000000e+04,4.771800000000000000e+04,4.791600000000000000e+04,4.811400000000000000e+04,4.831200000000000000e+04,4.851000000000000000e+04,4.870800000000000000e+04,4.890600000000000000e+04,4.910400000000000000e+04,4.930200000000000000e+04,4.950000000000000000e+04,4.969800000000000000e+04,4.989600000000000000e+04,5.009400000000000000e+04,5.029200000000000000e+04,5.049000000000000000e+04,5.068800000000000000e+04,5.088600000000000000e+04,5.108400000000000000e+04,5.128200000000000000e+04,5.148000000000000000e+04,5.167800000000000000e+04,5.187600000000000000e+04,5.207400000000000000e+04,5.227200000000000000e+04,5.247000000000000000e+04,5.266800000000000000e+04,5.286600000000000000e+04,5.306400000000000000e+04,5.326200000000000000e+04,5.346000000000000000e+04,5.365800000000000000e+04,5.385600000000000000e+04,5.405400000000000000e+04,5.425200000000000000e+04,5.445000000000000000e+04,5.464800000000000000e+04,5.484600000000000000e+04,5.504400000000000000e+04,5.524200000000000000e+04,5.544000000000000000e+04,5.563800000000000000e+04,5.583600000000000000e+04,5.603400000000000000e+04,5.623200000000000000e+04,5.643000000000000000e+04,5.662800000000000000e+04,5.682600000000000000e+04,5.702400000000000000e+04,5.722200000000000000e+04,5.742000000000000000e+04,5.761800000000000000e+04,5.781600000000000000e+04,5.801400000000000000e+04,5.821200000000000000e+04,5.841000000000000000e+04,5.860800000000000000e+04,5.880600000000000000e+04,5.900400000000000000e+04,5.920200000000000000e+04
0.000000000000000000e+00,1.990000000000000000e+02,3.980000000000000000e+02,5.970000000000000000e+02,7.960000000000000000e+02,9.950000000000000000e+02,1.194000000000000000e+03,1.393000000000000000e+03,1.592000000000000000e+03,1.791000000000000000e+03,1.990000000000000000e+03,2.189000000000000000e+03,2.388000000000000000e+03,2.587000000000000000e+03,2.786000000000000000e+03,2.985000000000000000e+03,3.184000000000000000e+03,3.383000000000000000e+03,3.582000000000000000e+03,3.781000000000000000e+03,3.980000000000000000e+03,4.179000000000000000e+03,4.378000000000000000e+03,4.577000000000000000e+03,4.776000000000000000e+03,4.975000000000000000e+03,5.174000000000000000e+03,5.373000000000000000e+03,5.572000000000000000e+03,5.771000000000000000e+03,5.970000000000000000e+03,6.169000000000000000e+03,6.368000000000000000e+03,6.567000000000000000e+03,6.766000000000000000e+03,6.965000000000000000e+03,7.164000000000000000e+03,7.363000000000000000e+03,7.562000000000000000e+03,7.761000000000000000e+03,7.960000000000000000e+03,8.159000000000000000e+03,8.358000000000000000e+03,8.557000000000000000e+03,8.756000000000000000e+03,8.955000000000000000e+03,9.154000000000000000e+03,9.353000000000000000e+03,9.552000000000000000e+03,9.751000000000000000e+03,9.950000000000000000e+03,1.014900000000000000e+04,1.034800000000000000e+04,1.054700000000000000e+04,1.074600000000000000e+04,1.094500000000000000e+04,1.114400000000000000e+04,1.134300000000000000e+04,1.154200000000000000e+04,1.174100000000000000e+04,1.194000000000000000e+04,1.213900000000000000e+04,1.233800000000000000e+04,1.253700000000000000e+04,1.273600000000000000e+04,1.293500000000000000e+04,1.313400000000000000e+04,1.333300000000000000e+04,1.353200000000000000e+04,1.373100000000000000e+04,1.393000000000000000e+04,1.412900000000000000e+04,1.432800000000000000e+04,1.452700000000000000e+04,1.472600000000000000e+04,1.492500000000000000e+04,1.512400000000000000e+04,1.532300000000000000e+04,1.552200000000000000e+04,1.572100000000000000e+04,1.592000000000000000e+04,1.611900000000000000e+04,1.631800000000000000e+04,1.651700000000000000e+04,1.671600000000000000e+04,1.691500000000000000e+04,1.711400000000000000e+04,1.731300000000000000e+04,1.751200000000000000e+04,1.771100000000000000e+04,1.791000000000000000e+04,1.810900000000000000e+04,1.830800000000000000e+04,1.850700000000000000e+04,1.870600000000000000e+04,1.890500000000000000e+04,1.910400000000000000e+04,1.930300000000000000e+04,1.950200000000000000e+04,1.970100000000000000e+04,1.990000000000000000e+04,2.009900000000000000e+04,2.029800000000000000e+04,2.049700000000000000e+04,2.069600000000000000e+04,2.089500000000000000e+04,2.109400000000000000e+04,2.129300000000000000e+04,2.149200000000000000e+04,2.169100000000000000e+04,2.189000000000000000e+04,2.208900000000000000e+04,2.228800000000000000e+04,2.248700000000000000e+04,2.268600000000000000e+04,2.288500000000000000e+04,2.308400000000000000e+04,2.328300000000000000e+04,2.348200000000000000e+04,2.368100000000000000e+04,2.388000000000000000e+04,2.407900000000000000e+04,2.427800000000000000e+04,2.447700000000000000e+04,2.467600000000000000e+04,2.487500000000000000e+04,2.507400000000000000e+04,2.527300000000000000e+04,2.547200000000000000e+04,2.567100000000000000e+04,2.587000000000000000e+04,2.606900000000000000e+04,2.626800000000000000e+04,2.646700000000000000e+04,2.666600000000000000e+04,2.686500000000000000e+04,2.706400000000000000e+04,2.726300000000000000e+04,2.746200000000000000e+04,2.766100000000000000e+04,2.786000000000000000e+04,2.805900000000000000e+04,2.825800000000000000e+04,2.845700000000000000e+04,2.865600000000000000e+04,2.885500000000000000e+04,2.905400000000000000e+04,2.925300000000000000e+04,2.945200000000000000e+04,2.965100000000000000e+04,2.985000000000000000e+04,3.004900000000000000e+04,3.024800000000000000e+04,3.044700000000000000e+04,3.064600000000000000e+04,3.084500000000000000e+04,3.104400000000000000e+04,3.124300000000000000e+04,3.144200000000000000e+04,3.164100000000000000e+04,3.184000000000000000e+04,3.203900000000000000e+04,3.223800000000000000e+04,3.243700000000000000e+04,3.263600000000000000e+04,3.283500000000000000e+04,3.303400000000000000e+04,3.323300000000000000e+04,3.343200000000000000e+04,3.363100000000000000e+04,3.383000000000000000e+04,3.402900000000000000e+04,3.422800000000000000e+04,3.442700000000000000e+04,3.462600000000000000e+04,3.482500000000000000e+04,3.502400000000000000e+04,3.522300000000000000e+04,3.542200000000000000e+04,3.562100000000000000e+04,3.582000000000000000e+04,3.601900000000000000e+04,3.621800000000000000e+04,3.641700000000000000e+04,3.661600000000000000e+04,3.681500000000000000e+04,3.701400000000000000e+04,3.721300000000000000e+04,3.741200000000000000e+04,3.761100000000000000e+04,3.781000000000000000e+04,3.800900000000000000e+04,3.820800000000000000e+04,3.840700000000000000e+04,3.860600000000000000e+04,3.880500000000000000e+04,3.900400000000000000e+04,3.920300000000000000e+04,3.940200000000000000e+04,3.960100000000000000e+04,3.980000000000000000e+04,3.999900000000000000e+04,4.019800000000000000e+04,4.039700000000000000e+04,4.059600000000000000e+04,4.079500000000000000e+04,4.099400000000000000e+04,4.119300000000000000e+04,4.139200000000000000e+04,4.159100000000000000e+04,4.179000000000000000e+04,4.198900000000000000e+04,4.218800000000000000e+04,4.238700000000000000e+04,4.258600000000000000e+04,4.278500000000000000e+04,4.298400000000000000e+04,4.318300000000000000e+04,4.338200000000000000e+04,4.358100000000000000e+04,4.378000000000000000e+04,4.397900000000000000e+04,4.417800000000000000e+04,4.437700000000000000e+04,4.457600000000000000e+04,4.477500000000000000e+04,4.497400000000000000e+04,4.517300000000000000e+04,4.537200000000000000e+04,4.557100000000000000e+04,4.577000000000000000e+04,4.596900000000000000e+04,4.616800000000000000e+04,4.636700000000000000e+04,4.656600000000000000e+04,4.676500000000000000e+04,4.696400000000000000e+04,4.716300000000000000e+04,4.736200000000000000e+04,4.756100000000000000e+04,4.776000000000000000e+04,4.795900000000000000e+04,4.815800000000000000e+04,4.835700000000000000e+04,4.855600000000000000e+04,4.875500000000000000e+04,4.895400000000000000e+04,4.915300000000000000e+04,4.935200000000000000e+04,4.955100000000000000e+04,4.975000000000000000e+04,4.994900000000000000e+04,5.014800000000000000e+04,5.034700000000000000e+04,5.054600000000000000e+04,5.074500000000000000e+04,5.094400000000000000e+04,5.114300000000000000e+04,5.134200000000000000e+04,5.154100000000000000e+04,5.174000000000000000e+04,5.193900000000000000e+04,5.213800000000000000e+04,5.233700000000000000e+04,5.253600000000000000e+04,5.273500000000000000e+04,5.293400000000000000e+04,5.313300000000000000e+04,5.333200000000000000e+04,5.353100000000000000e+04,5.373000000000000000e+04,5.392900000000000000e+04,5.412800000000000000e+04,5.432700000000000000e+04,5.452600000000000000e+04,5.472500000000000000e+04,5.492400000000000000e+04,5.512300000000000000e+04,5.532200000000000000e+04,5.552100000000000000e+04,5.572000000000000000e+04,5.591900000000000000e+04,5.611800000000000000e+04,5.631700000000000000e+04,5.651600000000000000e+04,5.671500000000000000e+04,5.691400000000000000e+04,5.711300000000000000e+04,5.731200000000000000e+04,5.751100000000000000e+04,5.771000000000000000e+04,5.790900000000000000e+04,5.810800000000000000e+04,5.830700000000000000e+04,5.850600000000000000e+04,5.870500000000000000e+04,5.890400000000000000e+04,5.910300000000000000e+04,5.930200000000000000e+04,5.950100000000000000e+04
0.000000000000000000e+00,2.000000000000000000e+02,4.000000000000000000e+02,6.000000000000000000e+02,8.000000000000000000e+02,1.000000000000000000e+03,1.200000000000000000e+03,1.400000000000000000e+03,1.600000000000000000e+03,1.800000000000000000e+03,2.000000000000000000e+03,2.200000000000000000e+03,2.400000000000000000e+03,2.600000000000000000e+03,2.800000000000000000e+03,3.000000000000000000e+03,3.200000000000000000e+03,3.400000000000000000e+03,3.600000000000000000e+03,3.800000000000000000e+03,4.000000000000000000e+03,4.200000000000000000e+03,4.400000000000000000e+03,4.600000000000000000e+03,4.800000000000000000e+03,5.000000000000000000e+03,5.200000000000000000e+03,5.400000000000000000e+03,5.600000000000000000e+03,5.800000000000000000e+03,6.000000000000000000e+03,6.200000000000000000e+03,6.400000000000000000e+03,6.600000000000000000e+03,6.800000000000000000e+03,7.000000000000000000e+03,7.200000000000000000e+03,7.400000000000000000e+03,7.600000000000000000e+03,7.800000000000000000e+03,8.000000000000000000e+03,8.200000000000000000e+03,8.400000000000000000e+03,8.600000000000000000e+03,8.800000000000000000e+03,9.000000000000000000e+03,9.200000000000000000e+03,9.400000000000000000e+03,9.600000000000000000e+03,9.800000000000000000e+03,1.000000000000000000e+04,1.020000000000000000e+04,1.040000000000000000e+04,1.060000000000000000e+04,1.080000000000000000e+04,1.100000000000000000e+04,1.120000000000000000e+04,1.140000000000000000e+04,1.160000000000000000e+04,1.180000000000000000e+04,1.200000000000000000e+04,1.220000000000000000e+04,1.240000000000000000e+04,1.260000000000000000e+04,1.280000000000000000e+04,1.300000000000000000e+04,1.320000000000000000e+04,1.340000000000000000e+04,1.360000000000000000e+04,1.380000000000000000e+04,1.400000000000000000e+04,1.420000000000000000e+04,1.440000000000000000e+04,1.460000000000000000e+04,1.480000000000000000e+04,1.500000000000000000e+04,1.520000000000000000e+04,1.540000000000000000e+04,1.560000000000000000e+04,1.580000000000000000e+04,1.600000000000000000e+04,1.620000000000000000e+04,1.640000000000000000e+04,1.660000000000000000e+04,1.680000000000000000e+04,1.700000000000000000e+04,1.720000000000000000e+04,1.740000000000000000e+04,1.760000000000000000e+04,1.780000000000000000e+04,1.800000000000000000e+04,1.820000000000000000e+04,1.840000000000000000e+04,1.860000000000000000e+04,1.880000000000000000e+04,1.900000000000000000e+04,1.920000000000000000e+04,1.940000000000000000e+04,1.960000000000000000e+04,1.980000000000000000e+04,2.000000000000000000e+04,2.020000000000000000e+04,2.040000000000000000e+04,2.060000000000000000e+04,2.080000000000000000e+04,2.100000000000000000e+04,2.120000000000000000e+04,2.140000000000000000e+04,2.160000000000000000e+04,2.180000000000000000e+04,2.200000000000000000e+04,2.220000000000000000e+04,2.240000000000000000e+04,2.260000000000000000e+04,2.280000000000000000e+04,2.300000000000000000e+04,2.320000000000000000e+04,2.340000000000000000e+04,2.360000000000000000e+04,2.380000000000000000e+04,2.400000000000000000e+04,2.420000000000000000e+04,2.440000000000000000e+04,2.460000000000000000e+04,2.480000000000000000e+04,2.500000000000000000e+04,2.520000000000000000e+04,2.540000000000000000e+04,2.560000000000000000e+04,2.580000000000000000e+04,2.600000000000000000e+04,2.620000000000000000e+04,2.640000000000000000e+04,2.660000000000000000e+04,2.680000000000000000e+04,2.700000000000000000e+04,2.720000000000000000e+04,2.740000000000000000e+04,2.760000000000000000e+04,2.780000000000000000e+04,2.800000000000000000e+04,2.820000000000000000e+04,2.840000000000000000e+04,2.860000000000000000e+04,2.880000000000000000e+04,2.900000000000000000e+04,2.920000000000000000e+04,2.940000000000000000e+04,2.960000000000000000e+04,2.980000000000000000e+04,3.000000000000000000e+04,3.020000000000000000e+04,3.040000000000000000e+04,3.060000000000000000e+04,3.080000000000000000e+04,3.100000000000000000e+04,3.120000000000000000e+04,3.140000000000000000e+04,3.160000000000000000e+04,3.180000000000000000e+04,3.200000000000000000e+04,3.220000000000000000e+04,3.240000000000000000e+04,3.260000000000000000e+04,3.280000000000000000e+04,3.300000000000000000e+04,3.320000000000000000e+04,3.340000000000000000e+04,3.360000000000000000e+04,3.380000000000000000e+04,3.400000000000000000e+04,3.420000000000000000e+04,3.440000000000000000e+04,3.460000000000000000e+04,3.480000000000000000e+04,3.500000000000000000e+04,3.520000000000000000e+04,3.540000000000000000e+04,3.560000000000000000e+04,3.580000000000000000e+04,3.600000000000000000e+04,3.620000000000000000e+04,3.640000000000000000e+04,3.660000000000000000e+04,3.680000000000000000e+04,3.700000000000000000e+04,3.720000000000000000e+04,3.740000000000000000e+04,3.760000000000000000e+04,3.780000000000000000e+04,3.800000000000000000e+04,3.820000000000000000e+04,3.840000000000000000e+04,3.860000000000000000e+04,3.880000000000000000e+04,3.900000000000000000e+04,3.920000000000000000e+04,3.940000000000000000e+04,3.960000000000000000e+04,3.980000000000000000e+04,4.000000000000000000e+04,4.020000000000000000e+04,4.040000000000000000e+04,4.060000000000000000e+04,4.080000000000000000e+04,4.100000000000000000e+04,4.120000000000000000e+04,4.140000000000000000e+04,4.160000000000000000e+04,4.180000000000000000e+04,4.200000000000000000e+04,4.220000000000000000e+04,4.240000000000000000e+04,4.260000000000000000e+04,4.280000000000000000e+04,4.300000000000000000e+04,4.320000000000000000e+04,4.340000000000000000e+04,4.360000000000000000e+04,4.380000000000000000e+04,4.400000000000000000e+04,4.420000000000000000e+04,4.440000000000000000e+04,4.460000000000000000e+04,4.480000000000000000e+04,4.500000000000000000e+04,4.520000000000000000e+04,4.540000000000000000e+04,4.560000000000000000e+04,4.580000000000000000e+04,4.600000000000000000e+04,4.620000000000000000e+04,4.640000000000000000e+04,4.660000000000000000e+04,4.680000000000000000e+04,4.700000000000000000e+04,4.720000000000000000e+04,4.740000000000000000e+04,4.760000000000000000e+04,4.780000000000000000e+04,4.800000000000000000e+04,4.820000000000000000e+04,4.840000000000000000e+04,4.860000000000000000e+04,4.880000000000000000e+04,4.900000000000000000e+04,4.920000000000000000e+04,4.940000000000000000e+04,4.960000000000000000e+04,4.980000000000000000e+04,5.000000000000000000e+04,5.020000000000000000e+04,5.040000000000000000e+04,5.060000000000000000e+04,5.080000000000000000e+04,5.100000000000000000e+04,5.120000000000000000e+04,5.140000000000000000e+04,5.160000000000000000e+04,5.180000000000000000e+04,5.200000000000000000e+04,5.220000000000000000e+04,5.240000000000000000e+04,5.260000000000000000e+04,5.280000000000000000e+04,5.300000000000000000e+04,5.320000000000000000e+04,5.340000000000000000e+04,5.360000000000000000e+04,5.380000000000000000e+04,5.400000000000000000e+04,5.420000000000000000e+04,5.440000000000000000e+04,5.460000000000000000e+04,5.480000000000000000e+04,5.500000000000000000e+04,5.520000000000000000e+04,5.540000000000000000e+04,5.560000000000000000e+04,5.580000000000000000e+04,5.600000000000000000e+04,5.620000000000000000e+04,5.640000000000000000e+04,5.660000000000000000e+04,5.680000000000000000e+04,5.700000000000000000e+04,5.720000000000000000e+04,5.740000000000000000e+04,5.760000000000000000e+04,5.780000000000000000e+04,5.800000000000000000e+04,5.820000000000000000e+04,5.840000000000000000e+04,5.860000000000000000e+04,5.880000000000000000e+04,5.900000000000000000e+04,5.920000000000000000e+04,5.940000000000000000e+04,5.960000000000000000e+04,5.980000000000000000e+04
0.000000000000000000e+00,2.010000000000000000e+02,4.020000000000000000e+02,6.030000000000000000e+02,8.040000000000000000e+02,1.005000000000000000e+03,1.206000000000000000e+03,1.407000000000000000e+03,1.608000000000000000e+03,1.809000000000000000e+03,2.010000000000000000e+03,2.211000000000000000e+03,2.412000000000000000e+03,2.613000000000000000e+03,2.814000000000000000e+03,3.015000000000000000e+03,3.216000000000000000e+03,3.417000000000000000e+03,3.618000000000000000e+03,3.819000000000000000e+03,4.020000000000000000e+03,4.221000000000000000e+03,4.422000000000000000e+03,4.623000000000000000e+03,4.824000000000000000e+03,5.025000000000000000e+03,5.226000000000000000e+03,5.427000000000000000e+03,5.628000000000000000e+03,5.829000000000000000e+03,6.030000000000000000e+03,6.231000000000000000e+03,6.432000000000000000e+03,6.633000000000000000e+03,6.834000000000000000e+03,7.035000000000000000e+03,7.236000000000000000e+03,7.437000000000000000e+03,7.638000000000000000e+03,7.839000000000000000e+03,8.040000000000000000e+03,8.241000000000000000e+03,8.442000000000000000e+03,8.643000000000000000e+03,8.844000000000000000e+03,9.045000000000000000e+03,9.246000000000000000e+03,9.447000000000000000e+03,9.648000000000000000e+03,9.849000000000000000e+03,1.005000000000000000e+04,1.025100000000000000e+04,1.045200000000000000e+04,1.065300000000000000e+04,1.085400000000000000e+04,1.105500000000000000e+04,1.125600000000000000e+04,1.145700000000000000e+04,1.165800000000000000e+04,1.185900000000000000e+04,1.206000000000000000e+04,1.226100000000000000e+04,1.246200000000000000e+04,1.266300000000000000e+04,1.286400000000000000e+04,1.306500000000000000e+04,1.326600000000000000e+04,1.346700000000000000e+04,1.366800000000000000e+04,1.386900000000000000e+04,1.407000000000000000e+04,1.427100000000000000e+04,1.447200000000000000e+04,1.467300000000000000e+04,1.487400000000000000e+04,1.507500000000000000e+04,1.527600000000000000e+04,1.547700000000000000e+04,1.567800000000000000e+04,1.587900000000000000e+04,1.608000000000000000e+04,1.628100000000000000e+04,1.648200000000000000e+04,1.668300000000000000e+04,1.688400000000000000e+04,1.708500000000000000e+04,1.728600000000000000e+04,1.748700000000000000e+04,1.768800000000000000e+04,1.788900000000000000e+04,1.809000000000000000e+04,1.829100000000000000e+04,1.849200000000000000e+04,1.869300000000000000e+04,1.889400000000000000e+04,1.909500000000000000e+04,1.929600000000000000e+04,1.949700000000000000e+04,1.969800000000000000e+04,1.989900000000000000e+04,2.010000000000000000e+04,2.030100000000000000e+04,2.050200000000000000e+04,2.070300000000000000e+04,2.090400000000000000e+04,2.110500000000000000e+04,2.130600000000000000e+04,2.150700000000000000e+04,2.170800000000000000e+04,2.190900000000000000e+04,2.211000000000000000e+04,2.231100000000000000e+04,2.251200000000000000e+04,2.271300000000000000e+04,2.291400000000000000e+04,2.311500000000000000e+04,2.331600000000000000e+04,2.351700000000000000e+04,2.371800000000000000e+04,2.391900000000000000e+04,2.412000000000000000e+04,2.432100000000000000e+04,2.452200000000000000e+04,2.472300000000000000e+04,2.492400000000000000e+04,2.512500000000000000e+04,2.532600000000000000e+04,2.552700000000000000e+04,2.572800000000000000e+04,2.592900000000000000e+04,2.613000000000000000e+04,2.633100000000000000e+04,2.653200000000000000e+04,2.673300000000000000e+04,2.693400000000000000e+04,2.713500000000000000e+04,2.733600000000000000e+04,2.753700000000000000e+04,2.773800000000000000e+04,2.793900000000000000e+04,2.814000000000000000e+04,2.834100000000000000e+04,2.854200000000000000e+04,2.874300000000000000e+04,2.894400000000000000e+04,2.914500000000000000e+04,2.934600000000000000e+04,2.954700000000000000e+04,2.974800000000000000e+04,2.994900000000000000e+04,3.015000000000000000e+04,3.035100000000000000e+04,3.055200000000000000e+04,3.075300000000000000e+04,3.095400000000000000e+04,3.115500000000000000e+04,3.135600000000000000e+04,3.155700000000000000e+04,3.175800000000000000e+04,3.195900000000000000e+04,3.216000000000000000e+04,3.236100000000000000e+04,3.256200000000000000e+04,3.276300000000000000e+04,3.296400000000000000e+04,3.316500000000000000e+04,3.336600000000000000e+04,3.356700000000000000e+04,3.376800000000000000e+04,3.396900000000000000e+04,3.417000000000000000e+04,3.437100000000000000e+04,3.457200000000000000e+04,3.477300000000000000e+04,3.497400000000000000e+04,3.517500000000000000e+04,3.537600000000000000e+04,3.557700000000000000e+04,3.577800000000000000e+04,3.597900000000000000e+04,3.618000000000000000e+04,3.638100000000000000e+04,3.658200000000000000e+04,3.678300000000000000e+04,3.698400000000000000e+04,3.718500000000000000e+04,3.738600000000000000e+04,3.758700000000000000e+04,3.778800000000000000e+04,3.798900000000000000e+04,3.819000000000000000e+04,3.839100000000000000e+04,3.859200000000000000e+04,3.879300000000000000e+04,3.899400000000000000e+04,3.919500000000000000e+04,3.939600000000000000e+04,3.959700000000000000e+04,3.979800000000000000e+04,3.999900000000000000e+04,4.020000000000000000e+04,4.040100000000000000e+04,4.060200000000000000e+04,4.080300000000000000e+04,4.100400000000000000e+04,4.120500000000000000e+04,4.140600000000000000e+04,4.160700000000000000e+04,4.180800000000000000e+04,4.200900000000000000e+04,4.221000000000000000e+04,4.241100000000000000e+04,4.261200000000000000e+04,4.281300000000000000e+04,4.301400000000000000e+04,4.321500000000000000e+04,4.341600000000000000e+04,4.361700000000000000e+04,4.381800000000000000e+04,4.401900000000000000e+04,4.422000000000000000e+04,4.442100000000000000e+04,4.462200000000000000e+04,4.482300000000000000e+04,4.502400000000000000e+04,4.522500000000000000e+04,4.542600000000000000e+04,4.562700000000000000e+04,4.582800000000000000e+04,4.602900000000000000e+04,4.623000000000000000e+04,4.643100000000000000e+04,4.663200000000000000e+04,4.683300000000000000e+04,4.703400000000000000e+04,4.723500000000000000e+04,4.743600000000000000e+04,4.763700000000000000e+04,4.783800000000000000e+04,4.803900000000000000e+04,4.824000000000000000e+04,4.844100000000000000e+04,4.864200000000000000e+04,4.884300000000000000e+04,4.904400000000000000e+04,4.924500000000000000e+04,4.944600000000000000e+04,4.964700000000000000e+04,4.984800000000000000e+04,5.004900000000000000e+04,5.025000000000000000e+04,5.045100000000000000e+04,5.065200000000000000e+04,5.085300000000000000e+04,5.105400000000000000e+04,5.125500000000000000e+04,5.145600000000000000e+04,5.165700000000000000e+04,5.185800000000000000e+04,5.205900000000000000e+04,5.226000000000000000e+04,5.246100000000000000e+04,5.266200000000000000e+04,5.286300000000000000e+04,5.306400000000000000e+04,5.326500000000000000e+04,5.346600000000000000e+04,5.366700000000000000e+04,5.386800000000000000e+04,5.406900000000000000e+04,5.427000000000000000e+04,5.447100000000000000e+04,5.467200000000000000e+04,5.487300000000000000e+04,5.507400000000000000e+04,5.527500000000000000e+04,5.547600000000000000e+04,5.567700000000000000e+04,5.587800000000000000e+04,5.607900000000000000e+04,5.628000000000000000e+04,5.648100000000000000e+04,5.668200000000000000e+04,5.688300000000000000e+04,5.708400000000000000e+04,5.728500000000000000e+04,5.748600000000000000e+04,5.768700000000000000e+04,5.788800000000000000e+04,5.808900000000000000e+04,5.829000000000000000e+04,5.849100000000000000e+04,5.869200000000000000e+04,5.889300000000000000e+04,5.909400000000000000e+04,5.929500000000000000e+04,5.949600000000000000e+04,5.969700000000000000e+04,5.989800000000000000e+04,6.009900000000000000e+04
0.000000000000000000e+00,2.020000000000000000e+02,4.040000000000000000e+02,6.060000000000000000e+02,8.080000000000000000e+02,1.010000000000000000e+03,1.212000000000000000e+03,1.414000000000000000e+03,1.616000000000000000e+03,1.818000000000000000e+03,2.020000000000000000e+03,2.222000000000000000e+03,2.424000000000000000e+03,2.626000000000000000e+03,2.828000000000000000e+03,3.030000000000000000e+03,3.232000000000000000e+03,3.434000000000000000e+03,3.636000000000000000e+03,3.838000000000000000e+03,4.040000000000000000e+03,4.242000000000000000e+03,4.444000000000000000e+03,4.646000000000000000e+03,4.848000000000000000e+03,5.050000000000000000e+03,5.252000000000000000e+03,5.454000000000000000e+03,5.656000000000000000e+03,5.858000000000000000e+03,6.060000000000000000e+03,6.262000000000000000e+03,6.464000000000000000e+03,6.666000000000000000e+03,6.868000000000000000e+03,7.070000000000000000e+03,7.272000000000000000e+03,7.474000000000000000e+03,7.676000000000000000e+03,7.878000000000000000e+03,8.080000000000000000e+03,8.282000000000000000e+03,8.484000000000000000e+03,8.686000000000000000e+03,8.888000000000000000e+03,9.090000000000000000e+03,9.292000000000000000e+03,9.494000000000000000e+03,9.696000000000000000e+03,9.898000000000000000e+03,1.010000000000000000e+04,1.030200000000000000e+04,1.050400000000000000e+04,1.070600000000000000e+04,1.090800000000000000e+04,1.111000000000000000e+04,1.131200000000000000e+04,1.151400000000000000e+04,1.171600000000000000e+04,1.191800000000000000e+04,1.212000000000000000e+04,1.232200000000000000e+04,1.252400000000000000e+04,1.272600000000000000e+04,1.292800000000000000e+04,1.313000000000000000e+04,1.333200000000000000e+04,1.353400000000000000e+04,1.373600000000000000e+04,1.393800000000000000e+04,1.414000000000000000e+04,1.434200000000000000e+04,1.454400000000000000e+04,1.474600000000000000e+04,1.494800000000000000e+04,1.515000000000000000e+04,1.535200000000000000e+04,1.555400000000000000e+04,1.575600000000000000e+04,1.595800000000000000e+04,1.616000000000000000e+04,1.636200000000000000e+04,1.656400000000000000e+04,1.676600000000000000e+04,1.696800000000000000e+04,1.717000000000000000e+04,1.737200000000000000e+04,1.757400000000000000e+04,1.777600000000000000e+04,1.797800000000000000e+04,1.818000000000000000e+04,1.838200000000000000e+04,1.858400000000000000e+04,1.878600000000000000e+04,1.898800000000000000e+04,1.919000000000000000e+04,1.939200000000000000e+04,1.959400000000000000e+04,1.979600000000000000e+04,1.999800000000000000e+04,2.020000000000000000e+04,2.040200000000000000e+04,2.060400000000000000e+04,2.080600000000000000e+04,2.100800000000000000e+04,2.121000000000000000e+04,2.141200000000000000e+04,2.161400000000000000e+04,2.181600000000000000e+04,2.201800000000000000e+04,2.222000000000000000e+04,2.242200000000000000e+04,2.262400000000000000e+04,2.282600000000000000e+04,2.302800000000000000e+04,2.323000000000000000e+04,2.343200000000000000e+04,2.363400000000000000e+04,2.383600000000000000e+04,2.403800000000000000e+04,2.424000000000000000e+04,2.444200000000000000e+04,2.464400000000000000e+04,2.484600000000000000e+04,2.504800000000000000e+04,2.525000000000000000e+04,2.545200000000000000e+04,2.565400000000000000e+04,2.585600000000000000e+04,2.605800000000000000e+04,2.626000000000000000e+04,2.646200000000000000e+04,2.666400000000000000e+04,2.686600000000000000e+04,2.706800000000000000e+04,2.727000000000000000e+04,2.747200000000000000e+04,2.767400000000000000e+04,2.787600000000000000e+04,2.807800000000000000e+04,2.828000000000000000e+04,2.848200000000000000e+04,2.868400000000000000e+04,2.888600000000000000e+04,2.908800000000000000e+04,2.929000000000000000e+04,2.949200000000000000e+04,2.969400000000000000e+04,2.989600000000000000e+04,3.009800000000000000e+04,3.030000000000000000e+04,3.050200000000000000e+04,3.070400000000000000e+04,3.090600000000000000e+04,3.110800000000000000e+04,3.131000000000000000e+04,3.151200000000000000e+04,3.171400000000000000e+04,3.191600000000000000e+04,3.211800000000000000e+04,3.232000000000000000e+04,3.252200000000000000e+04,3.272400000000000000e+04,3.292600000000000000e+04,3.312800000000000000e+04,3.333000000000000000e+04,3.353200000000000000e+04,3.373400000000000000e+04,3.393600000000000000e+04,3.413800000000000000e+04,3.434000000000000000e+04,3.454200000000000000e+04,3.474400000000000000e+04,3.494600000000000000e+04,3.514800000000000000e+04,3.535000000000000000e+04,3.555200000000000000e+04,3.575400000000000000e+04,3.595600000000000000e+04,3.615800000000000000e+04,3.636000000000000000e+04,3.656200000000000000e+04,3.676400000000000000e+04,3.696600000000000000e+04,3.716800000000000000e+04,3.737000000000000000e+04,3.757200000000000000e+04,3.777400000000000000e+04,3.797600000000000000e+04,3.817800000000000000e+04,3.838000000000000000e+04,3.858200000000000000e+04,3.878400000000000000e+04,3.898600000000000000e+04,3.918800000000000000e+04,3.939000000000000000e+04,3.959200000000000000e+04,3.979400000000000000e+04,3.999600000000000000e+04,4.019800000000000000e+04,4.040000000000000000e+04,4.060200000000000000e+04,4.080400000000000000e+04,4.100600000000000000e+04,4.120800000000000000e+04,4.141000000000000000e+04,4.161200000000000000e+04,4.181400000000000000e+04,4.201600000000000000e+04,4.221800000000000000e+04,4.242000000000000000e+04,4.262200000000000000e+04,4.282400000000000000e+04,4.302600000000000000e+04,4.322800000000000000e+04,4.343000000000000000e+04,4.363200000000000000e+04,4.383400000000000000e+04,4.403600000000000000e+04,4.423800000000000000e+04,4.444000000000000000e+04,4.464200000000000000e+04,4.484400000000000000e+04,4.504600000000000000e+04,4.524800000000000000e+04,4.545000000000000000e+04,4.565200000000000000e+04,4.585400000000000000e+04,4.605600000000000000e+04,4.625800000000000000e+04,4.646000000000000000e+04,4.666200000000000000e+04,4.686400000000000000e+04,4.706600000000000000e+04,4.726800000000000000e+04,4.747000000000000000e+04,4.767200000000000000e+04,4.787400000000000000e+04,4.807600000000000000e+04,4.827800000000000000e+04,4.848000000000000000e+04,4.868200000000000000e+04,4.888400000000000000e+04,4.908600000000000000e+04,4.928800000000000000e+04,4.949000000000000000e+04,4.969200000000000000e+04,4.989400000000000000e+04,5.009600000000000000e+04,5.029800000000000000e+04,5.050000000000000000e+04,5.070200000000000000e+04,5.090400000000000000e+04,5.110600000000000000e+04,5.130800000000000000e+04,5.151000000000000000e+04,5.171200000000000000e+04,5.191400000000000000e+04,5.211600000000000000e+04,5.231800000000000000e+04,5.252000000000000000e+04,5.272200000000000000e+04,5.292400000000000000e+04,5.312600000000000000e+04,5.332800000000000000e+04,5.353000000000000000e+04,5.373200000000000000e+04,5.393400000000000000e+04,5.413600000000000000e+04,5.433800000000000000e+04,5.454000000000000000e+04,5.474200000000000000e+04,5.494400000000000000e+04,5.514600000000000000e+04,5.534800000000000000e+04,5.555000000000000000e+04,5.575200000000000000e+04,5.595400000000000000e+04,5.615600000000000000e+04,5.635800000000000000e+04,5.656000000000000000e+04,5.676200000000000000e+04,5.696400000000000000e+04,5.716600000000000000e+04,5.736800000000000000e+04,5.757000000000000000e+04,5.777200000000000000e+04,5.797400000000000000e+04,5.817600000000000000e+04,5.837800000000000000e+04,5.858000000000000000e+04,5.878200000000000000e+04,5.898400000000000000e+04,5.918600000000000000e+04,5.938800000000000000e+04,5.959000000000000000e+04,5.979200000000000000e+04,5.999400000000000000e+04,6.019600000000000000e+04,6.039800000000000000e+04
0.000000000000000000e+00,2.030000000000000000e+02,4.060000000000000000e+02,6.090000000000000000e+02,8.120000000000000000e+02,1.015000000000000000e+03,1.218000000000000000e+03,1.421000000000000000e+03,1.624000000000000000e+03,1.827000000000000000e+03,2.030000000000000000e+03,2.233000000000000000e+03,2.436000000000000000e+03,2.639000000000000000e+03,2.842000000000000000e+03,3.045000000000000000e+03,3.248000000000000000e+03,3.451000000000000000e+03,3.654000000000000000e+03,3.857000000000000000e+03,4.060000000000000000e+03,4.263000000000000000e+03,4.466000000000000000e+03,4.669000000000000000e+03,4.872000000000000000e+03,5.075000000000000000e+03,5.278000000000000000e+03,5.481000000000000000e+03,5.684000000000000000e+03,5.887000000000000000e+03,6.090000000000000000e+03,6.293000000000000000e+03,6.496000000000000000e+03,6.699000000000000000e+03,6.902000000000000000e+03,7.105000000000000000e+03,7.308000000000000000e+03,7.511000000000000000e+03,7.714000000000000000e+03,7.917000000000000000e+03,8.120000000000000000e+03,8.323000000000000000e+03,8.526000000000000000e+03,8.729000000000000000e+03,8.932000000000000000e+03,9.135000000000000000e+03,9.338000000000000000e+03,9.541000000000000000e+03,9.744000000000000000e+03,9.947000000000000000e+03,1.015000000000000000e+04,1.035300000000000000e+04,1.055600000000000000e+04,1.075900000000000000e+04,1.096200000000000000e+04,1.116500000000000000e+04,1.136800000000000000e+04,1.157100000000000000e+04,1.177400000000000000e+04,1.197700000000000000e+04,1.218000000000000000e+04,1.238300000000000000e+04,1.258600000000000000e+04,1.278900000000000000e+04,1.299200000000000000e+04,1.319500000000000000e+04,1.339800000000000000e+04,1.360100000000000000e+04,1.380400000000000000e+04,1.400700000000000000e+04,1.421000000000000000e+04,1.441300000000000000e+04,1.461600000000000000e+04,1.481900000000000000e+04,1.502200000000000000e+04,1.522500000000000000e+04,1.542800000000000000e+04,1.563100000000000000e+04,1.583400000000000000e+04,1.603700000000000000e+04,1.624000000000000000e+04,1.644300000000000000e+04,1.664600000000000000e+04,1.684900000000000000e+04,1.705200000000000000e+04,1.725500000000000000e+04,1.745800000000000000e+04,1.766100000000000000e+04,1.786400000000000000e+04,1.806700000000000000e+04,1.827000000000000000e+04,1.847300000000000000e+04,1.867600000000000000e+04,1.887900000000000000e+04,1.908200000000000000e+04,1.928500000000000000e+04,1.948800000000000000e+04,1.969100000000000000e+04,1.989400000000000000e+04,2.009700000000000000e+04,2.030000000000000000e+04,2.050300000000000000e+04,2.070600000000000000e+04,2.090900000000000000e+04,2.111200000000000000e+04,2.131500000000000000e+04,2.151800000000000000e+04,2.172100000000000000e+04,2.192400000000000000e+04,2.212700000000000000e+04,2.233000000000000000e+04,2.253300000000000000e+04,2.273600000000000000e+04,2.293900000000000000e+04,2.314200000000000000e+04,2.334500000000000000e+04,2.354800000000000000e+04,2.375100000000000000e+04,2.395400000000000000e+04,2.415700000000000000e+04,2.436000000000000000e+04,2.456300000000000000e+04,2.476600000000000000e+04,2.496900000000000000e+04,2.517200000000000000e+04,2.537500000000000000e+04,2.557800000000000000e+04,2.578100000000000000e+04,2.598400000000000000e+04,2.618700000000000000e+04,2.639000000000000000e+04,2.659300000000000000e+04,2.679600000000000000e+04,2.699900000000000000e+04,2.720200000000000000e+04,2.740500000000000000e+04,2.760800000000000000e+04,2.781100000000000000e+04,2.801400000000000000e+04,2.821700000000000000e+04,2.842000000000000000e+04,2.862300000000000000e+04,2.882600000000000000e+04,2.902900000000000000e+04,2.923200000000000000e+04,2.943500000000000000e+04,2.963800000000000000e+04,2.984100000000000000e+04,3.004400000000000000e+04,3.024700000000000000e+04,3.045000000000000000e+04,3.065300000000000000e+04,3.085600000000000000e+04,3.105900000000000000e+04,3.126200000000000000e+04,3.146500000000000000e+04,3.166800000000000000e+04,3.187100000000000000e+04,3.207400000000000000e+04,3.227700000000000000e+04,3.248000000000000000e+04,3.268300000000000000e+04,3.288600000000000000e+04,3.308900000000000000e+04,3.329200000000000000e+04,3.349500000000000000e+04,3.369800000000000000e+04,3.390100000000000000e+04,3.410400000000000000e+04,3.430700000000000000e+04,3.451000000000000000e+04,3.471300000000000000e+04,3.491600000000000000e+04,3.511900000000000000e+04,3.532200000000000000e+04,3.552500000000000000e+04,3.572800000000000000e+04,3.593100000000000000e+04,3.613400000000000000e+04,3.633700000000000000e+04,3.654000000000000000e+04,3.674300000000000000e+04,3.694600000000000000e+04,3.714900000000000000e+04,3.735200000000000000e+04,3.755500000000000000e+04,3.775800000000000000e+04,3.796100000000000000e+04,3.816400000000000000e+04,3.836700000000000000e+04,3.857000000000000000e+04,3.877300000000000000e+04,3.897600000000000000e+04,3.917900000000000000e+04,3.938200000000000000e+04,3.958500000000000000e+04,3.978800000000000000e+04,3.999100000000000000e+04,4.019400000000000000e+04,4.039700000000000000e+04,4.060000000000000000e+04,4.080300000000000000e+04,4.100600000000000000e+04,4.120900000000000000e+04,4.141200000000000000e+04,4.161500000000000000e+04,4.181800000000000000e+04,4.202100000000000000e+04,4.222400000000000000e+04,4.242700000000000000e+04,4.263000000000000000e+04,4.283300000000000000e+04,4.303600000000000000e+04,4.323900000000000000e+04,4.344200000000000000e+04,4.364500000000000000e+04,4.384800000000000000e+04,4.405100000000000000e+04,4.425400000000000000e+04,4.445700000000000000e+04,4.466000000000000000e+04,4.486300000000000000e+04,4.506600000000000000e+04,4.526900000000000000e+04,4.547200000000000000e+04,4.567500000000000000e+04,4.587800000000000000e+04,4.608100000000000000e+04,4.628400000000000000e+04,4.648700000000000000e+04,4.669000000000000000e+04,4.689300000000000000e+04,4.709600000000000000e+04,4.729900000000000000e+04,4.750200000000000000e+04,4.770500000000000000e+04,4.790800000000000000e+04,4.811100000000000000e+04,4.831400000000000000e+04,4.851700000000000000e+04,4.872000000000000000e+04,4.892300000000000000e+04,4.912600000000000000e+04,4.932900000000000000e+04,4.953200000000000000e+04,4.973500000000000000e+04,4.993800000000000000e+04,5.014100000000000000e+04,5.034400000000000000e+04,5.054700000000000000e+04,5.075000000000000000e+04,5.095300000000000000e+04,5.115600000000000000e+04,5.135900000000000000e+04,5.156200000000000000e+04,5.176500000000000000e+04,5.196800000000000000e+04,5.217100000000000000e+04,5.237400000000000000e+04,5.257700000000000000e+04,5.278000000000000000e+04,5.298300000000000000e+04,5.318600000000000000e+04,5.338900000000000000e+04,5.359200000000000000e+04,5.379500000000000000e+04,5.399800000000000000e+04,5.420100000000000000e+04,5.440400000000000000e+04,5.460700000000000000e+04,5.481000000000000000e+04,5.501300000000000000e+04,5.521600000000000000e+04,5.541900000000000000e+04,5.562200000000000000e+04,5.582500000000000000e+04,5.602800000000000000e+04,5.623100000000000000e+04,5.643400000000000000e+04,5.663700000000000000e+04,5.684000000000000000e+04,5.704300000000000000e+04,5.724600000000000000e+04,5.744900000000000000e+04,5.765200000000000000e+04,5.785500000000000000e+04,5.805800000000000000e+04,5.826100000000000000e+04,5.846400000000000000e+04,5.866700000000000000e+04,5.887000000000000000e+04,5.907300000000000000e+04,5.927600000000000000e+04,5.947900000000000000e+04,5.968200000000000000e+04,5.988500000000000000e+04,6.008800000000000000e+04,6.029100000000000000e+04,6.049400000000000000e+04,6.069700000000000000e+04
0.000000000000000000e+00,2.040000000000000000e+02,4.080000000000000000e+02,6.120000000000000000e+02,8.160000000000000000e+02,1.020000000000000000e+03,1.224000000000000000e+03,1.428000000000000000e+03,1.632000000000000000e+03,1.836000000000000000e+03,2.040000000000000000e+03,2.244000000000000000e+03,2.448000000000000000e+03,2.652000000000000000e+03,2.856000000000000000e+03,3.060000000000000000e+03,3.264000000000000000e+03,3.468000000000000000e+03,3.672000000000000000e+03,3.876000000000000000e+03,4.080000000000000000e+03,4.284000000000000000e+03,4.488000000000000000e+03,4.692000000000000000e+03,4.896000000000000000e+03,5.100000000000000000e+03,5.304000000000000000e+03,5.508000000000000000e+03,5.712000000000000000e+03,5.916000000000000000e+03,6.120000000000000000e+03,6.324000000000000000e+03,6.528000000000000000e+03,6.732000000000000000e+03,6.936000000000000000e+03,7.140000000000000000e+03,7.344000000000000000e+03,7.548000000000000000e+03,7.752000000000000000e+03,7.956000000000000000e+03,8.160000000000000000e+03,8.364000000000000000e+03,8.568000000000000000e+03,8.772000000000000000e+03,8.976000000000000000e+03,9.180000000000000000e+03,9.384000000000000000e+03,9.588000000000000000e+03,9.792000000000000000e+03,9.996000000000000000e+03,1.020000000000000000e+04,1.040400000000000000e+04,1.060800000000000000e+04,1.081200000000000000e+04,1.101600000000000000e+04,1.122000000000000000e+04,1.142400000000000000e+04,1.162800000000000000e+04,1.183200000000000000e+04,1.203600000000000000e+04,1.224000000000000000e+04,1.244400000000000000e+04,1.264800000000000000e+04,1.285200000000000000e+04,1.305600000000000000e+04,1.326000000000000000e+04,1.346400000000000000e+04,1.366800000000000000e+04,1.387200000000000000e+04,1.407600000000000000e+04,1.428000000000000000e+04,1.448400000000000000e+04,1.468800000000000000e+04,1.489200000000000000e+04,1.509600000000000000e+04,1.530000000000000000e+04,1.550400000000000000e+04,1.570800000000000000e+04,1.591200000000000000e+04,1.611600000000000000e+04,1.632000000000000000e+04,1.652400000000000000e+04,1.672800000000000000e+04,1.693200000000000000e+04,1.713600000000000000e+04,1.734000000000000000e+04,1.754400000000000000e+04,1.774800000000000000e+04,1.795200000000000000e+04,1.815600000000000000e+04,1.836000000000000000e+04,1.856400000000000000e+04,1.876800000000000000e+04,1.897200000000000000e+04,1.917600000000000000e+04,1.938000000000000000e+04,1.958400000000000000e+04,1.978800000000000000e+04,1.999200000000000000e+04,2.019600000000000000e+04,2.040000000000000000e+04,2.060400000000000000e+04,2.080800000000000000e+04,2.101200000000000000e+04,2.121600000000000000e+04,2.142000000000000000e+04,2.162400000000000000e+04,2.182800000000000000e+04,2.203200000000000000e+04,2.223600000000000000e+04,2.244000000000000000e+04,2.264400000000000000e+04,2.284800000000000000e+04,2.305200000000000000e+04,2.325600000000000000e+04,2.346000000000000000e+04,2.366400000000000000e+04,2.386800000000000000e+04,2.407200000000000000e+04,2.427600000000000000e+04,2.448000000000000000e+04,2.468400000000000000e+04,2.488800000000000000e+04,2.509200000000000000e+04,2.529600000000000000e+04,2.550000000000000000e+04,2.570400000000000000e+04,2.590800000000000000e+04,2.611200000000000000e+04,2.631600000000000000e+04,2.652000000000000000e+04,2.672400000000000000e+04,2.692800000000000000e+04,2.713200000000000000e+04,2.733600000000000000e+04,2.754000000000000000e+04,2.774400000000000000e+04,2.794800000000000000e+04,2.815200000000000000e+04,2.835600000000000000e+04,2.856000000000000000e+04,2.876400000000000000e+04,2.896800000000000000e+04,2.917200000000000000e+04,2.937600000000000000e+04,2.958000000000000000e+04,2.978400000000000000e+04,2.998800000000000000e+04,3.019200000000000000e+04,3.039600000000000000e+04,3.060000000000000000e+04,3.080400000000000000e+04,3.100800000000000000e+04,3.121200000000000000e+04,3.141600000000000000e+04,3.162000000000000000e+04,3.182400000000000000e+04,3.202800000000000000e+04,3.223200000000000000e+04,3.243600000000000000e+04,3.264000000000000000e+04,3.284400000000000000e+04,3.304800000000000000e+04,3.325200000000000000e+04,3.345600000000000000e+04,3.366000000000000000e+04,3.386400000000000000e+04,3.406800000000000000e+04,3.427200000000000000e+04,3.447600000000000000e+04,3.468000000000000000e+04,3.488400000000000000e+04,3.508800000000000000e+04,3.529200000000000000e+04,3.549600000000000000e+04,3.570000000000000000e+04,3.590400000000000000e+04,3.610800000000000000e+04,3.631200000000000000e+04,3.651600000000000000e+04,3.672000000000000000e+04,3.692400000000000000e+04,3.712800000000000000e+04,3.733200000000000000e+04,3.753600000000000000e+04,3.774000000000000000e+04,3.794400000000000000e+04,3.814800000000000000e+04,3.835200000000000000e+04,3.855600000000000000e+04,3.876000000000000000e+04,3.896400000000000000e+04,3.916800000000000000e+04,3.937200000000000000e+04,3.957600000000000000e+04,3.978000000000000000e+04,3.998400000000000000e+04,4.018800000000000000e+04,4.039200000000000000e+04,4.059600000000000000e+04,4.080000000000000000e+04,4.100400000000000000e+04,4.120800000000000000e+04,4.141200000000000000e+04,4.161600000000000000e+04,4.182000000000000000e+04,4.202400000000000000e+04,4.222800000000000000e+04,4.243200000000000000e+04,4.263600000000000000e+04,4.284000000000000000e+04,4.304400000000000000e+04,4.324800000000000000e+04,4.345200000000000000e+04,4.365600000000000000e+04,4.386000000000000000e+04,4.406400000000000000e+04,4.426800000000000000e+04,4.447200000000000000e+04,4.467600000000000000e+04,4.488000000000000000e+04,4.508400000000000000e+04,4.528800000000000000e+04,4.549200000000000000e+04,4.569600000000000000e+04,4.590000000000000000e+04,4.610400000000000000e+04,4.630800000000000000e+04,4.651200000000000000e+04,4.671600000000000000e+04,4.692000000000000000e+04,4.712400000000000000e+04,4.732800000000000000e+04,4.753200000000000000e+04,4.773600000000000000e+04,4.794000000000000000e+04,4.814400000000000000e+04,4.834800000000000000e+04,4.855200000000000000e+04,4.875600000000000000e+04,4.896000000000000000e+04,4.916400000000000000e+04,4.936800000000000000e+04,4.957200000000000000e+04,4.977600000000000000e+04,4.998000000000000000e+04,5.018400000000000000e+04,5.038800000000000000e+04,5.059200000000000000e+04,5.079600000000000000e+04,5.100000000000000000e+04,5.120400000000000000e+04,5.140800000000000000e+04,5.161200000000000000e+04,5.181600000000000000e+04,5.202000000000000000e+04,5.222400000000000000e+04,5.242800000000000000e+04,5.263200000000000000e+04,5.283600000000000000e+04,5.304000000000000000e+04,5.324400000000000000e+04,5.344800000000000000e+04,5.365200000000000000e+04,5.385600000000000000e+04,5.406000000000000000e+04,5.426400000000000000e+04,5.446800000000000000e+04,5.467200000000000000e+04,5.487600000000000000e+04,5.508000000000000000e+04,5.528400000000000000e+04,5.548800000000000000e+04,5.569200000000000000e+04,5.589600000000000000e+04,5.610000000000000000e+04,5.630400000000000000e+04,5.650800000000000000e+04,5.671200000000000000e+04,5.691600000000000000e+04,5.712000000000000000e+04,5.732400000000000000e+04,5.752800000000000000e+04,5.773200000000000000e+04,5.793600000000000000e+04,5.814000000000000000e+04,5.834400000000000000e+04,5.854800000000000000e+04,5.875200000000000000e+04,5.895600000000000000e+04,5.916000000000000000e+04,5.936400000000000000e+04,5.956800000000000000e+04,5.977200000000000000e+04,5.997600000000000000e+04,6.018000000000000000e+04,6.038400000000000000e+04,6.058800000000000000e+04,6.079200000000000000e+04,6.099600000000000000e+04
0.000000000000000000e+00,2.050000000000000000e+02,4.100000000000000000e+02,6.150000000000000000e+02,8.200000000000000000e+02,1.025000000000000000e+03,1.230000000000000000e+03,1.435000000000000000e+03,1.640000000000000000e+03,1.845000000000000000e+03,2.050000000000000000e+03,2.255000000000000000e+03,2.460000000000000000e+03,2.665000000000000000e+03,2.870000000000000000e+03,3.075000000000000000e+03,3.280000000000000000e+03,3.485000000000000000e+03,3.690000000000000000e+03,3.895000000000000000e+03,4.100000000000000000e+03,4.305000000000000000e+03,4.510000000000000000e+03,4.715000000000000000e+03,4.920000000000000000e+03,5.125000000000000000e+03,5.330000000000000000e+03,5.535000000000000000e+03,5.740000000000000000e+03,5.945000000000000000e+03,6.150000000000000000e+03,6.355000000000000000e+03,6.560000000000000000e+03,6.765000000000000000e+03,6.970000000000000000e+03,7.175000000000000000e+03,7.380000000000000000e+03,7.585000000000000000e+03,7.790000000000000000e+03,7.995000000000000000e+03,8.200000000000000000e+03,8.405000000000000000e+03,8.610000000000000000e+03,8.815000000000000000e+03,9.020000000000000000e+03,9.225000000000000000e+03,9.430000000000000000e+03,9.635000000000000000e+03,9.840000000000000000e+03,1.004500000000000000e+04,1.025000000000000000e+04,1.045500000000000000e+04,1.066000000000000000e+04,1.086500000000000000e+04,1.107000000000000000e+04,1.127500000000000000e+04,1.148000000000000000e+04,1.168500000000000000e+04,1.189000000000000000e+04,1.209500000000000000e+04,1.230000000000000000e+04,1.250500000000000000e+04,1.271000000000000000e+04,1.291500000000000000e+04,1.312000000000000000e+04,1.332500000000000000e+04,1.353000000000000000e+04,1.373500000000000000e+04,1.394000000000000000e+04,1.414500000000000000e+04,1.435000000000000000e+04,1.455500000000000000e+04,1.476000000000000000e+04,1.496500000000000000e+04,1.517000000000000000e+04,1.537500000000000000e+04,1.558000000000000000e+04,1.578500000000000000e+04,1.599000000000000000e+04,1.619500000000000000e+04,1.640000000000000000e+04,1.660500000000000000e+04,1.681000000000000000e+04,1.701500000000000000e+04,1.722000000000000000e+04,1.742500000000000000e+04,1.763000000000000000e+04,1.783500000000000000e+04,1.804000000000000000e+04,1.824500000000000000e+04,1.845000000000000000e+04,1.865500000000000000e+04,1.886000000000000000e+04,1.906500000000000000e+04,1.927000000000000000e+04,1.947500000000000000e+04,1.968000000000000000e+04,1.988500000000000000e+04,2.009000000000000000e+04,2.029500000000000000e+04,2.050000000000000000e+04,2.070500000000000000e+04,2.091000000000000000e+04,2.111500000000000000e+04,2.132000000000000000e+04,2.152500000000000000e+04,2.173000000000000000e+04,2.193500000000000000e+04,2.214000000000000000e+04,2.234500000000000000e+04,2.255000000000000000e+04,2.275500000000000000e+04,2.296000000000000000e+04,2.316500000000000000e+04,2.337000000000000000e+04,2.357500000000000000e+04,2.378000000000000000e+04,2.398500000000000000e+04,2.419000000000000000e+04,2.439500000000000000e+04,2.460000000000000000e+04,2.480500000000000000e+04,2.501000000000000000e+04,2.521500000000000000e+04,2.542000000000000000e+04,2.562500000000000000e+04,2.583000000000000000e+04,2.603500000000000000e+04,2.624000000000000000e+04,2.644500000000000000e+04,2.665000000000000000e+04,2.685500000000000000e+04,2.706000000000000000e+04,2.726500000000000000e+04,2.747000000000000000e+04,2.767500000000000000e+04,2.788000000000000000e+04,2.808500000000000000e+04,2.829000000000000000e+04,2.849500000000000000e+04,2.870000000000000000e+04,2.890500000000000000e+04,2.911000000000000000e+04,2.931500000000000000e+04,2.952000000000000000e+04,2.972500000000000000e+04,2.993000000000000000e+04,3.013500000000000000e+04,3.034000000000000000e+04,3.054500000000000000e+04,3.075000000000000000e+04,3.095500000000000000e+04,3.116000000000000000e+04,3.136500000000000000e+04,3.157000000000000000e+04,3.177500000000000000e+04,3.198000000000000000e+04,3.218500000000000000e+04,3.239000000000000000e+04,3.259500000000000000e+04,3.280000000000000000e+04,3.300500000000000000e+04,3.321000000000000000e+04,3.341500000000000000e+04,3.362000000000000000e+04,3.382500000000000000e+04,3.403000000000000000e+04,3.423500000000000000e+04,3.444000000000000000e+04,3.464500000000000000e+04,3.485000000000000000e+04,3.505500000000000000e+04,3.526000000000000000e+04,3.546500000000000000e+04,3.567000000000000000e+04,3.587500000000000000e+04,3.608000000000000000e+04,3.628500000000000000e+04,3.649000000000000000e+04,3.669500000000000000e+04,3.690000000000000000e+04,3.710500000000000000e+04,3.731000000000000000e+04,3.751500000000000000e+04,3.772000000000000000e+04,3.792500000000000000e+04,3.813000000000000000e+04,3.833500000000000000e+04,3.854000000000000000e+04,3.874500000000000000e+04,3.895000000000000000e+04,3.915500000000000000e+04,3.936000000000000000e+04,3.956500000000000000e+04,3.977000000000000000e+04,3.997500000000000000e+04,4.018000000000000000e+04,4.038500000000000000e+04,4.059000000000000000e+04,4.079500000000000000e+04,4.100000000000000000e+04,4.120500000000000000e+04,4.141000000000000000e+04,4.161500000000000000e+04,4.182000000000000000e+04,4.202500000000000000e+04,4.223000000000000000e+04,4.243500000000000000e+04,4.264000000000000000e+04,4.284500000000000000e+04,4.305000000000000000e+04,4.325500000000000000e+04,4.346000000000000000e+04,4.366500000000000000e+04,4.387000000000000000e+04,4.407500000000000000e+04,4.428000000000000000e+04,4.448500000000000000e+04,4.469000000000000000e+04,4.489500000000000000e+04,4.510000000000000000e+04,4.530500000000000000e+04,4.551000000000000000e+04,4.571500000000000000e+04,4.592000000000000000e+04,4.612500000000000000e+04,4.633000000000000000e+04,4.653500000000000000e+04,4.674000000000000000e+04,4.694500000000000000e+04,4.715000000000000000e+04,4.735500000000000000e+04,4.756000000000000000e+04,4.776500000000000000e+04,4.797000000000000000e+04,4.817500000000000000e+04,4.838000000000000000e+04,4.858500000000000000e+04,4.879000000000000000e+04,4.899500000000000000e+04,4.920000000000000000e+04,4.940500000000000000e+04,4.961000000000000000e+04,4.981500000000000000e+04,5.002000000000000000e+04,5.022500000000000000e+04,5.043000000000000000e+04,5.063500000000000000e+04,5.084000000000000000e+04,5.104500000000000000e+04,5.125000000000000000e+04,5.145500000000000000e+04,5.166000000000000000e+04,5.186500000000000000e+04,5.207000000000000000e+04,5.227500000000000000e+04,5.248000000000000000e+04,5.268500000000000000e+04,5.289000000000000000e+04,5.309500000000000000e+04,5.330000000000000000e+04,5.350500000000000000e+04,5.371000000000000000e+04,5.391500000000000000e+04,5.412000000000000000e+04,5.432500000000000000e+04,5.453000000000000000e+04,5.473500000000000000e+04,5.494000000000000000e+04,5.514500000000000000e+04,5.535000000000000000e+04,5.555500000000000000e+04,5.576000000000000000e+04,5.596500000000000000e+04,5.617000000000000000e+04,5.637500000000000000e+04,5.658000000000000000e+04,5.678500000000000000e+04,5.699000000000000000e+04,5.719500000000000000e+04,5.740000000000000000e+04,5.760500000000000000e+04,5.781000000000000000e+04,5.801500000000000000e+04,5.822000000000000000e+04,5.842500000000000000e+04,5.863000000000000000e+04,5.883500000000000000e+04,5.904000000000000000e+04,5.924500000000000000e+04,5.945000000000000000e+04,5.965500000000000000e+04,5.986000000000000000e+04,6.006500000000000000e+04,6.027000000000000000e+04,6.047500000000000000e+04,6.068000000000000000e+04,6.088500000000000000e+04,6.109000000000000000e+04,6.129500000000000000e+04
0.000000000000000000e+00,2.060000000000000000e+02,4.120000000000000000e+02,6.180000000000000000e+02,8.240000000000000000e+02,1.030000000000000000e+03,1.236000000000000000e+03,1.442000000000000000e+03,1.648000000000000000e+03,1.854000000000000000e+03,2.060000000000000000e+03,2.266000000000000000e+03,2.472000000000000000e+03,2.678000000000000000e+03,2.884000000000000000e+03,3.090000000000000000e+03,3.296000000000000000e+03,3.502000000000000000e+03,3.708000000000000000e+03,3.914000000000000000e+03,4.120000000000000000e+03,4.326000000000000000e+03,4.532000000000000000e+03,4.738000000000000000e+03,4.944000000000000000e+03,5.150000000000000000e+03,5.356000000000000000e+03,5.562000000000000000e+03,5.768000000000000000e+03,5.974000000000000000e+03,6.180000000000000000e+03,6.386000000000000000e+03,6.592000000000000000e+03,6.798000000000000000e+03,7.004000000000000000e+03,7.210000000000000000e+03,7.416000000000000000e+03,7.622000000000000000e+03,7.828000000000000000e+03,8.034000000000000000e+03,8.240000000000000000e+03,8.446000000000000000e+03,8.652000000000000000e+03,8.858000000000000000e+03,9.064000000000000000e+03,9.270000000000000000e+03,9.476000000000000000e+03,9.682000000000000000e+03,9.888000000000000000e+03,1.009400000000000000e+04,1.030000000000000000e+04,1.050600000000000000e+04,1.071200000000000000e+04,1.091800000000000000e+04,1.112400000000000000e+04,1.133000000000000000e+04,1.153600000000000000e+04,1.174200000000000000e+04,1.194800000000000000e+04,1.215400000000000000e+04,1.236000000000000000e+04,1.256600000000000000e+04,1.277200000000000000e+04,1.297800000000000000e+04,1.318400000000000000e+04,1.339000000000000000e+04,1.359600000000000000e+04,1.380200000000000000e+04,1.400800000000000000e+04,1.421400000000000000e+04,1.442000000000000000e+04,1.462600000000000000e+04,1.483200000000000000e+04,1.503800000000000000e+04,1.524400000000000000e+04,1.545000000000000000e+04,1.565600000000000000e+04,1.586200000000000000e+04,1.606800000000000000e+04,1.627400000000000000e+04,1.648000000000000000e+04,1.668600000000000000e+04,1.689200000000000000e+04,1.709800000000000000e+04,1.730400000000000000e+04,1.751000000000000000e+04,1.771600000000000000e+04,1.792200000000000000e+04,1.812800000000000000e+04,1.833400000000000000e+04,1.854000000000000000e+04,1.874600000000000000e+04,1.895200000000000000e+04,1.915800000000000000e+04,1.936400000000000000e+04,1.957000000000000000e+04,1.977600000000000000e+04,1.998200000000000000e+04,2.018800000000000000e+04,2.039400000000000000e+04,2.060000000000000000e+04,2.080600000000000000e+04,2.101200000000000000e+04,2.121800000000000000e+04,2.142400000000000000e+04,2.163000000000000000e+04,2.183600000000000000e+04,2.204200000000000000e+04,2.224800000000000000e+04,2.245400000000000000e+04,2.266000000000000000e+04,2.286600000000000000e+04,2.307200000000000000e+04,2.327800000000000000e+04,2.348400000000000000e+04,2.369000000000000000e+04,2.389600000000000000e+04,2.410200000000000000e+04,2.430800000000000000e+04,2.451400000000000000e+04,2.472000000000000000e+04,2.492600000000000000e+04,2.513200000000000000e+04,2.533800000000000000e+04,2.554400000000000000e+04,2.575000000000000000e+04,2.595600000000000000e+04,2.616200000000000000e+04,2.636800000000000000e+04,2.657400000000000000e+04,2.678000000000000000e+04,2.698600000000000000e+04,2.719200000000000000e+04,2.739800000000000000e+04,2.760400000000000000e+04,2.781000000000000000e+04,2.801600000000000000e+04,2.822200000000000000e+04,2.842800000000000000e+04,2.863400000000000000e+04,2.884000000000000000e+04,2.904600000000000000e+04,2.925200000000000000e+04,2.945800000000000000e+04,2.966400000000000000e+04,2.987000000000000000e+04,3.007600000000000000e+04,3.028200000000000000e+04,3.048800000000000000e+04,3.069400000000000000e+04,3.090000000000000000e+04,3.110600000000000000e+04,3.131200000000000000e+04,3.151800000000000000e+04,3.172400000000000000e+04,3.193000000000000000e+04,3.213600000000000000e+04,3.234200000000000000e+04,3.254800000000000000e+04,3.275400000000000000e+04,3.296000000000000000e+04,3.316600000000000000e+04,3.337200000000000000e+04,3.357800000000000000e+04,3.378400000000000000e+04,3.399000000000000000e+04,3.419600000000000000e+04,3.440200000000000000e+04,3.460800000000000000e+04,3.481400000000000000e+04,3.502000000000000000e+04,3.522600000000000000e+04,3.543200000000000000e+04,3.563800000000000000e+04,3.584400000000000000e+04,3.605000000000000000e+04,3.625600000000000000e+04,3.646200000000000000e+04,3.666800000000000000e+04,3.687400000000000000e+04,3.708000000000000000e+04,3.728600000000000000e+04,3.749200000000000000e+04,3.769800000000000000e+04,3.790400000000000000e+04,3.811000000000000000e+04,3.831600000000000000e+04,3.852200000000000000e+04,3.872800000000000000e+04,3.893400000000000000e+04,3.914000000000000000e+04,3.934600000000000000e+04,3.955200000000000000e+04,3.975800000000000000e+04,3.996400000000000000e+04,4.017000000000000000e+04,4.037600000000000000e+04,4.058200000000000000e+04,4.078800000000000000e+04,4.099400000000000000e+04,4.120000000000000000e+04,4.140600000000000000e+04,4.161200000000000000e+04,4.181800000000000000e+04,4.202400000000000000e+04,4.223000000000000000e+04,4.243600000000000000e+04,4.264200000000000000e+04,4.284800000000000000e+04,4.305400000000000000e+04,4.326000000000000000e+04,4.346600000000000000e+04,4.367200000000000000e+04,4.387800000000000000e+04,4.408400000000000000e+04,4.429000000000000000e+04,4.449600000000000000e+04,4.470200000000000000e+04,4.490800000000000000e+04,4.511400000000000000e+04,4.532000000000000000e+04,4.552600000000000000e+04,4.573200000000000000e+04,4.593800000000000000e+04,4.614400000000000000e+04,4.635000000000000000e+04,4.655600000000000000e+04,4.676200000000000000e+04,4.696800000000000000e+04,4.717400000000000000e+04,4.738000000000000000e+04,4.758600000000000000e+04,4.779200000000000000e+04,4.799800000000000000e+04,4.820400000000000000e+04,4.841000000000000000e+04,4.861600000000000000e+04,4.882200000000000000e+04,4.902800000000000000e+04,4.923400000000000000e+04,4.944000000000000000e+04,4.964600000000000000e+04,4.985200000000000000e+04,5.005800000000000000e+04,5.026400000000000000e+04,5.047000000000000000e+04,5.067600000000000000e+04,5.088200000000000000e+04,5.108800000000000000e+04,5.129400000000000000e+04,5.150000000000000000e+04,5.170600000000000000e+04,5.191200000000000000e+04,5.211800000000000000e+04,5.232400000000000000e+04,5.253000000000000000e+04,5.273600000000000000e+04,5.294200000000000000e+04,5.314800000000000000e+04,5.335400000000000000e+04,5.356000000000000000e+04,5.376600000000000000e+04,5.397200000000000000e+04,5.417800000000000000e+04,5.438400000000000000e+04,5.459000000000000000e+04,5.479600000000000000e+04,5.500200000000000000e+04,5.520800000000000000e+04,5.541400000000000000e+04,5.562000000000000000e+04,5.582600000000000000e+04,5.603200000000000000e+04,5.623800000000000000e+04,5.644400000000000000e+04,5.665000000000000000e+04,5.685600000000000000e+04,5.706200000000000000e+04,5.726800000000000000e+04,5.747400000000000000e+04,5.768000000000000000e+04,5.788600000000000000e+04,5.809200000000000000e+04,5.829800000000000000e+04,5.850400000000000000e+04,5.871000000000000000e+04,5.891600000000000000e+04,5.912200000000000000e+04,5.932800000000000000e+04,5.953400000000000000e+04,5.974000000000000000e+04,5.994600000000000000e+04,6.015200000000000000e+04,6.035800000000000000e+04,6.056400000000000000e+04,6.077000000000000000e+04,6.097600000000000000e+04,6.118200000000000000e+04,6.138800000000000000e+04,6.159400000000000000e+04
0.000000000000000000e+00,2.070000000000000000e+02,4.140000000000000000e+02,6.210000000000000000e+02,8.280000000000000000e+02,1.035000000000000000e+03,1.242000000000000000e+03,1.449000000000000000e+03,1.656000000000000000e+03,1.863000000000000000e+03,2.070000000000000000e+03,2.277000000000000000e+03,2.484000000000000000e+03,2.691000000000000000e+03,2.898000000000000000e+03,3.105000000000000000e+03,3.312000000000000000e+03,3.519000000000000000e+03,3.726000000000000000e+03,3.933000000000000000e+03,4.140000000000000000e+03,4.347000000000000000e+03,4.554000000000000000e+03,4.761000000000000000e+03,4.968000000000000000e+03,5.175000000000000000e+03,5.382000000000000000e+03,5.589000000000000000e+03,5.796000000000000000e+03,6.003000000000000000e+03,6.210000000000000000e+03,6.417000000000000000e+03,6.624000000000000000e+03,6.831000000000000000e+03,7.038000000000000000e+03,7.245000000000000000e+03,7.452000000000000000e+03,7.659000000000000000e+03,7.866000000000000000e+03,8.073000000000000000e+03,8.280000000000000000e+03,8.487000000000000000e+03,8.694000000000000000e+03,8.901000000000000000e+03,9.108000000000000000e+03,9.315000000000000000e+03,9.522000000000000000e+03,9.729000000000000000e+03,9.936000000000000000e+03,1.014300000000000000e+04,1.035000000000000000e+04,1.055700000000000000e+04,1.076400000000000000e+04,1.097100000000000000e+04,1.117800000000000000e+04,1.138500000000000000e+04,1.159200000000000000e+04,1.179900000000000000e+04,1.200600000000000000e+04,1.221300000000000000e+04,1.242000000000000000e+04,1.262700000000000000e+04,1.283400000000000000e+04,1.304100000000000000e+04,1.324800000000000000e+04,1.345500000000000000e+04,1.366200000000000000e+04,1.386900000000000000e+04,1.407600000000000000e+04,1.428300000000000000e+04,1.449000000000000000e+04,1.469700000000000000e+04,1.490400000000000000e+04,1.511100000000000000e+04,1.531800000000000000e+04,1.552500000000000000e+04,1.573200000000000000e+04,1.593900000000000000e+04,1.614600000000000000e+04,1.635300000000000000e+04,1.656000000000000000e+04,1.676700000000000000e+04,1.697400000000000000e+04,1.718100000000000000e+04,1.738800000000000000e+04,1.759500000000000000e+04,1.780200000000000000e+04,1.800900000000000000e+04,1.821600000000000000e+04,1.842300000000000000e+04,1.863000000000000000e+04,1.883700000000000000e+04,1.904400000000000000e+04,1.925100000000000000e+04,1.945800000000000000e+04,1.966500000000000000e+04,1.987200000000000000e+04,2.007900000000000000e+04,2.028600000000000000e+04,2.049300000000000000e+04,2.070000000000000000e+04,2.090700000000000000e+04,2.111400000000000000e+04,2.132100000000000000e+04,2.152800000000000000e+04,2.173500000000000000e+04,2.194200000000000000e+04,2.214900000000000000e+04,2.235600000000000000e+04,2.256300000000000000e+04,2.277000000000000000e+04,2.297700000000000000e+04,2.318400000000000000e+04,2.339100000000000000e+04,2.359800000000000000e+04,2.380500000000000000e+04,2.401200000000000000e+04,2.421900000000000000e+04,2.442600000000000000e+04,2.463300000000000000e+04,2.484000000000000000e+04,2.504700000000000000e+04,2.525400000000000000e+04,2.546100000000000000e+04,2.566800000000000000e+04,2.587500000000000000e+04,2.608200000000000000e+04,2.628900000000000000e+04,2.649600000000000000e+04,2.670300000000000000e+04,2.691000000000000000e+04,2.711700000000000000e+04,2.732400000000000000e+04,2.753100000000000000e+04,2.773800000000000000e+04,2.794500000000000000e+04,2.815200000000000000e+04,2.835900000000000000e+04,2.856600000000000000e+04,2.877300000000000000e+04,2.898000000000000000e+04,2.918700000000000000e+04,2.939400000000000000e+04,2.960100000000000000e+04,2.980800000000000000e+04,3.001500000000000000e+04,3.022200000000000000e+04,3.042900000000000000e+04,3.063600000000000000e+04,3.084300000000000000e+04,3.105000000000000000e+04,3.125700000000000000e+04,3.146400000000000000e+04,3.167100000000000000e+04,3.187800000000000000e+04,3.208500000000000000e+04,3.229200000000000000e+04,3.249900000000000000e+04,3.270600000000000000e+04,3.291300000000000000e+04,3.312000000000000000e+04,3.332700000000000000e+04,3.353400000000000000e+04,3.374100000000000000e+04,3.394800000000000000e+04,3.415500000000000000e+04,3.436200000000000000e+04,3.456900000000000000e+04,3.477600000000000000e+04,3.498300000000000000e+04,3.519000000000000000e+04,3.539700000000000000e+04,3.560400000000000000e+04,3.581100000000000000e+04,3.601800000000000000e+04,3.622500000000000000e+04,3.643200000000000000e+04,3.663900000000000000e+04,3.684600000000000000e+04,3.705300000000000000e+04,3.726000000000000000e+04,3.746700000000000000e+04,3.767400000000000000e+04,3.788100000000000000e+04,3.808800000000000000e+04,3.829500000000000000e+04,3.850200000000000000e+04,3.870900000000000000e+04,3.891600000000000000e+04,3.912300000000000000e+04,3.933000000000000000e+04,3.953700000000000000e+04,3.974400000000000000e+04,3.995100000000000000e+04,4.015800000000000000e+04,4.036500000000000000e+04,4.057200000000000000e+04,4.077900000000000000e+04,4.098600000000000000e+04,4.119300000000000000e+04,4.140000000000000000e+04,4.160700000000000000e+04,4.181400000000000000e+04,4.202100000000000000e+04,4.222800000000000000e+04,4.243500000000000000e+04,4.264200000000000000e+04,4.284900000000000000e+04,4.305600000000000000e+04,4.326300000000000000e+04,4.347000000000000000e+04,4.367700000000000000e+04,4.388400000000000000e+04,4.409100000000000000e+04,4.429800000000000000e+04,4.450500000000000000e+04,4.471200000000000000e+04,4.491900000000000000e+04,4.512600000000000000e+04,4.533300000000000000e+04,4.554000000000000000e+04,4.574700000000000000e+04,4.595400000000000000e+04,4.616100000000000000e+04,4.636800000000000000e+04,4.657500000000000000e+04,4.678200000000000000e+04,4.698900000000000000e+04,4.719600000000000000e+04,4.740300000000000000e+04,4.761000000000000000e+04,4.781700000000000000e+04,4.802400000000000000e+04,4.823100000000000000e+04,4.843800000000000000e+04,4.864500000000000000e+04,4.885200000000000000e+04,4.905900000000000000e+04,4.926600000000000000e+04,4.947300000000000000e+04,4.968000000000000000e+04,4.988700000000000000e+04,5.009400000000000000e+04,5.030100000000000000e+04,5.050800000000000000e+04,5.071500000000000000e+04,5.092200000000000000e+04,5.112900000000000000e+04,5.133600000000000000e+04,5.154300000000000000e+04,5.175000000000000000e+04,5.195700000000000000e+04,5.216400000000000000e+04,5.237100000000000000e+04,5.257800000000000000e+04,5.278500000000000000e+04,5.299200000000000000e+04,5.319900000000000000e+04,5.340600000000000000e+04,5.361300000000000000e+04,5.382000000000000000e+04,5.402700000000000000e+04,5.423400000000000000e+04,5.444100000000000000e+04,5.464800000000000000e+04,5.485500000000000000e+04,5.506200000000000000e+04,5.526900000000000000e+04,5.547600000000000000e+04,5.568300000000000000e+04,5.589000000000000000e+04,5.609700000000000000e+04,5.630400000000000000e+04,5.651100000000000000e+04,5.671800000000000000e+04,5.692500000000000000e+04,5.713200000000000000e+04,5.733900000000000000e+04,5.754600000000000000e+04,5.775300000000000000e+04,5.796000000000000000e+04,5.816700000000000000e+04,5.837400000000000000e+04,5.858100000000000000e+04,5.878800000000000000e+04,5.899500000000000000e+04,5.920200000000000000e+04,5.940900000000000000e+04,5.961600000000000000e+04,5.982300000000000000e+04,6.003000000000000000e+04,6.023700000000000000e+04,6.044400000000000000e+04,6.065100000000000000e+04,6.085800000000000000e+04,6.106500000000000000e+04,6.127200000000000000e+04,6.147900000000000000e+04,6.168600000000000000e+04,6.189300000000000000e+04
0.000000000000000000e+00,2.080000000000000000e+02,4.160000000000000000e+02,6.240000000000000000e+02,8.320000000000000000e+02,1.040000000000000000e+03,1.248000000000000000e+03,1.456000000000000000e+03,1.664000000000000000e+03,1.872000000000000000e+03,2.080000000000000000e+03,2.288000000000000000e+03,2.496000000000000000e+03,2.704000000000000000e+03,2.912000000000000000e+03,3.120000000000000000e+03,3.328000000000000000e+03,3.536000000000000000e+03,3.744000000000000000e+03,3.952000000000000000e+03,4.160000000000000000e+03,4.368000000000000000e+03,4.576000000000000000e+03,4.784000000000000000e+03,4.992000000000000000e+03,5.200000000000000000e+03,5.408000000000000000e+03,5.616000000000000000e+03,5.824000000000000000e+03,6.032000000000000000e+03,6.240000000000000000e+03,6.448000000000000000e+03,6.656000000000000000e+03,6.864000000000000000e+03,7.072000000000000000e+03,7.280000000000000000e+03,7.488000000000000000e+03,7.696000000000000000e+03,7.904000000000000000e+03,8.112000000000000000e+03,8.320000000000000000e+03,8.528000000000000000e+03,8.736000000000000000e+03,8.944000000000000000e+03,9.152000000000000000e+03,9.360000000000000000e+03,9.568000000000000000e+03,9.776000000000000000e+03,9.984000000000000000e+03,1.019200000000000000e+04,1.040000000000000000e+04,1.060800000000000000e+04,1.081600000000000000e+04,1.102400000000000000e+04,1.123200000000000000e+04,1.144000000000000000e+04,1.164800000000000000e+04,1.185600000000000000e+04,1.206400000000000000e+04,1.227200000000000000e+04,1.248000000000000000e+04,1.268800000000000000e+04,1.289600000000000000e+04,1.310400000000000000e+04,1.331200000000000000e+04,1.352000000000000000e+04,1.372800000000000000e+04,1.393600000000000000e+04,1.414400000000000000e+04,1.435200000000000000e+04,1.456000000000000000e+04,1.476800000000000000e+04,1.497600000000000000e+04,1.518400000000000000e+04,1.539200000000000000e+04,1.560000000000000000e+04,1.580800000000000000e+04,1.601600000000000000e+04,1.622400000000000000e+04,1.643200000000000000e+04,1.664000000000000000e+04,1.684800000000000000e+04,1.705600000000000000e+04,1.726400000000000000e+04,1.747200000000000000e+04,1.768000000000000000e+04,1.788800000000000000e+04,1.809600000000000000e+04,1.830400000000000000e+04,1.851200000000000000e+04,1.872000000000000000e+04,1.892800000000000000e+04,1.913600000000000000e+04,1.934400000000000000e+04,1.955200000000000000e+04,1.976000000000000000e+04,1.996800000000000000e+04,2.017600000000000000e+04,2.038400000000000000e+04,2.059200000000000000e+04,2.080000000000000000e+04,2.100800000000000000e+04,2.121600000000000000e+04,2.142400000000000000e+04,2.163200000000000000e+04,2.184000000000000000e+04,2.204800000000000000e+04,2.225600000000000000e+04,2.246400000000000000e+04,2.267200000000000000e+04,2.288000000000000000e+04,2.308800000000000000e+04,2.329600000000000000e+04,2.350400000000000000e+04,2.371200000000000000e+04,2.392000000000000000e+04,2.412800000000000000e+04,2.433600000000000000e+04,2.454400000000000000e+04,2.475200000000000000e+04,2.496000000000000000e+04,2.516800000000000000e+04,2.537600000000000000e+04,2.558400000000000000e+04,2.579200000000000000e+04,2.600000000000000000e+04,2.620800000000000000e+04,2.641600000000000000e+04,2.662400000000000000e+04,2.683200000000000000e+04,2.704000000000000000e+04,2.724800000000000000e+04,2.745600000000000000e+04,2.766400000000000000e+04,2.787200000000000000e+04,2.808000000000000000e+04,2.828800000000000000e+04,2.849600000000000000e+04,2.870400000000000000e+04,2.891200000000000000e+04,2.912000000000000000e+04,2.932800000000000000e+04,2.953600000000000000e+04,2.974400000000000000e+04,2.995200000000000000e+04,3.016000000000000000e+04,3.036800000000000000e+04,3.057600000000000000e+04,3.078400000000000000e+04,3.099200000000000000e+04,3.120000000000000000e+04,3.140800000000000000e+04,3.161600000000000000e+04,3.182400000000000000e+04,3.203200000000000000e+04,3.224000000000000000e+04,3.244800000000000000e+04,3.265600000000000000e+04,3.286400000000000000e+04,3.307200000000000000e+04,3.328000000000000000e+04,3.348800000000000000e+04,3.369600000000000000e+04,3.390400000000000000e+04,3.411200000000000000e+04,3.432000000000000000e+04,3.452800000000000000e+04,3.473600000000000000e+04,3.494400000000000000e+04,3.515200000000000000e+04,3.536000000000000000e+04,3.556800000000000000e+04,3.577600000000000000e+04,3.598400000000000000e+04,3.619200000000000000e+04,3.640000000000000000e+04,3.660800000000000000e+04,3.681600000000000000e+04,3.702400000000000000e+04,3.723200000000000000e+04,3.744000000000000000e+04,3.764800000000000000e+04,3.785600000000000000e+04,3.806400000000000000e+04,3.827200000000000000e+04,3.848000000000000000e+04,3.868800000000000000e+04,3.889600000000000000e+04,3.910400000000000000e+04,3.931200000000000000e+04,3.952000000000000000e+04,3.972800000000000000e+04,3.993600000000000000e+04,4.014400000000000000e+04,4.035200000000000000e+04,4.056000000000000000e+04,4.076800000000000000e+04,4.097600000000000000e+04,4.118400000000000000e+04,4.139200000000000000e+04,4.160000000000000000e+04,4.180800000000000000e+04,4.201600000000000000e+04,4.222400000000000000e+04,4.243200000000000000e+04,4.264000000000000000e+04,4.284800000000000000e+04,4.305600000000000000e+04,4.326400000000000000e+04,4.347200000000000000e+04,4.368000000000000000e+04,4.388800000000000000e+04,4.409600000000000000e+04,4.430400000000000000e+04,4.451200000000000000e+04,4.472000000000000000e+04,4.492800000000000000e+04,4.513600000000000000e+04,4.534400000000000000e+04,4.555200000000000000e+04,4.576000000000000000e+04,4.596800000000000000e+04,4.617600000000000000e+04,4.638400000000000000e+04,4.659200000000000000e+04,4.680000000000000000e+04,4.700800000000000000e+04,4.721600000000000000e+04,4.742400000000000000e+04,4.763200000000000000e+04,4.784000000000000000e+04,4.804800000000000000e+04,4.825600000000000000e+04,4.846400000000000000e+04,4.867200000000000000e+04,4.888000000000000000e+04,4.908800000000000000e+04,4.929600000000000000e+04,4.950400000000000000e+04,4.971200000000000000e+04,4.992000000000000000e+04,5.012800000000000000e+04,5.033600000000000000e+04,5.054400000000000000e+04,5.075200000000000000e+04,5.096000000000000000e+04,5.116800000000000000e+04,5.137600000000000000e+04,5.158400000000000000e+04,5.179200000000000000e+04,5.200000000000000000e+04,5.220800000000000000e+04,5.241600000000000000e+04,5.262400000000000000e+04,5.283200000000000000e+04,5.304000000000000000e+04,5.324800000000000000e+04,5.345600000000000000e+04,5.366400000000000000e+04,5.387200000000000000e+04,5.408000000000000000e+04,5.428800000000000000e+04,5.449600000000000000e+04,5.470400000000000000e+04,5.491200000000000000e+04,5.512000000000000000e+04,5.532800000000000000e+04,5.553600000000000000e+04,5.574400000000000000e+04,5.595200000000000000e+04,5.616000000000000000e+04,5.636800000000000000e+04,5.657600000000000000e+04,5.678400000000000000e+04,5.699200000000000000e+04,5.720000000000000000e+04,5.740800000000000000e+04,5.761600000000000000e+04,5.782400000000000000e+04,5.803200000000000000e+04,5.824000000000000000e+04,5.844800000000000000e+04,5.865600000000000000e+04,5.886400000000000000e+04,5.907200000000000000e+04,5.928000000000000000e+04,5.948800000000000000e+04,5.969600000000000000e+04,5.990400000000000000e+04,6.011200000000000000e+04,6.032000000000000000e+04,6.052800000000000000e+04,6.073600000000000000e+04,6.094400000000000000e+04,6.115200000000000000e+04,6.136000000000000000e+04,6.156800000000000000e+04,6.177600000000000000e+04,6.198400000000000000e+04,6.219200000000000000e+04
0.000000000000000000e+00,2.090000000000000000e+02,4.180000000000000000e+02,6.270000000000000000e+02,8.360000000000000000e+02,1.045000000000000000e+03,1.254000000000000000e+03,1.463000000000000000e+03,1.672000000000000000e+03,1.881000000000000000e+03,2.090000000000000000e+03,2.299000000000000000e+03,2.508000000000000000e+03,2.717000000000000000e+03,2.926000000000000000e+03,3.135000000000000000e+03,3.344000000000000000e+03,3.553000000000000000e+03,3.762000000000000000e+03,3.971000000000000000e+03,4.180000000000000000e+03,4.389000000000000000e+03,4.598000000000000000e+03,4.807000000000000000e+03,5.016000000000000000e+03,5.225000000000000000e+03,5.434000000000000000e+03,5.643000000000000000e+03,5.852000000000000000e+03,6.061000000000000000e+03,6.270000000000000000e+03,6.479000000000000000e+03,6.688000000000000000e+03,6.897000000000000000e+03,7.106000000000000000e+03,7.315000000000000000e+03,7.524000000000000000e+03,7.733000000000000000e+03,7.942000000000000000e+03,8.151000000000000000e+03,8.360000000000000000e+03,8.569000000000000000e+03,8.778000000000000000e+03,8.987000000000000000e+03,9.196000000000000000e+03,9.405000000000000000e+03,9.614000000000000000e+03,9.823000000000000000e+03,1.003200000000000000e+04,1.024100000000000000e+04,1.045000000000000000e+04,1.065900000000000000e+04,1.086800000000000000e+04,1.107700000000000000e+04,1.128600000000000000e+04,1.149500000000000000e+04,1.170400000000000000e+04,1.191300000000000000e+04,1.212200000000000000e+04,1.233100000000000000e+04,1.254000000000000000e+04,1.274900000000000000e+04,1.295800000000000000e+04,1.316700000000000000e+04,1.337600000000000000e+04,1.358500000000000000e+04,1.379400000000000000e+04,1.400300000000000000e+04,1.421200000000000000e+04,1.442100000000000000e+04,1.463000000000000000e+04,1.483900000000000000e+04,1.504800000000000000e+04,1.525700000000000000e+04,1.546600000000000000e+04,1.567500000000000000e+04,1.588400000000000000e+04,1.609300000000000000e+04,1.630200000000000000e+04,1.651100000000000000e+04,1.672000000000000000e+04,1.692900000000000000e+04,1.713800000000000000e+04,1.734700000000000000e+04,1.755600000000000000e+04,1.776500000000000000e+04,1.797400000000000000e+04,1.818300000000000000e+04,1.839200000000000000e+04,1.860100000000000000e+04,1.881000000000000000e+04,1.901900000000000000e+04,1.922800000000000000e+04,1.943700000000000000e+04,1.964600000000000000e+04,1.985500000000000000e+04,2.006400000000000000e+04,2.027300000000000000e+04,2.048200000000000000e+04,2.069100000000000000e+04,2.090000000000000000e+04,2.110900000000000000e+04,2.131800000000000000e+04,2.152700000000000000e+04,2.173600000000000000e+04,2.194500000000000000e+04,2.215400000000000000e+04,2.236300000000000000e+04,2.257200000000000000e+04,2.278100000000000000e+04,2.299000000000000000e+04,2.319900000000000000e+04,2.340800000000000000e+04,2.361700000000000000e+04,2.382600000000000000e+04,2.403500000000000000e+04,2.424400000000000000e+04,2.445300000000000000e+04,2.466200000000000000e+04,2.487100000000000000e+04,2.508000000000000000e+04,2.528900000000000000e+04,2.549800000000000000e+04,2.570700000000000000e+04,2.591600000000000000e+04,2.612500000000000000e+04,2.633400000000000000e+04,2.654300000000000000e+04,2.675200000000000000e+04,2.696100000000000000e+04,2.717000000000000000e+04,2.737900000000000000e+04,2.758800000000000000e+04,2.779700000000000000e+04,2.800600000000000000e+04,2.821500000000000000e+04,2.842400000000000000e+04,2.863300000000000000e+04,2.884200000000000000e+04,2.905100000000000000e+04,2.926000000000000000e+04,2.946900000000000000e+04,2.967800000000000000e+04,2.988700000000000000e+04,3.009600000000000000e+04,3.030500000000000000e+04,3.051400000000000000e+04,3.072300000000000000e+04,3.093200000000000000e+04,3.114100000000000000e+04,3.135000000000000000e+04,3.155900000000000000e+04,3.176800000000000000e+04,3.197700000000000000e+04,3.218600000000000000e+04,3.239500000000000000e+04,3.260400000000000000e+04,3.281300000000000000e+04,3.302200000000000000e+04,3.323100000000000000e+04,3.344000000000000000e+04,3.364900000000000000e+04,3.385800000000000000e+04,3.406700000000000000e+04,3.427600000000000000e+04,3.448500000000000000e+04,3.469400000000000000e+04,3.490300000000000000e+04,3.511200000000000000e+04,3.532100000000000000e+04,3.553000000000000000e+04,3.573900000000000000e+04,3.594800000000000000e+04,3.615700000000000000e+04,3.636600000000000000e+04,3.657500000000000000e+04,3.678400000000000000e+04,3.699300000000000000e+04,3.720200000000000000e+04,3.741100000000000000e+04,3.762000000000000000e+04,3.782900000000000000e+04,3.803800000000000000e+04,3.824700000000000000e+04,3.845600000000000000e+04,3.866500000000000000e+04,3.887400000000000000e+04,3.908300000000000000e+04,3.929200000000000000e+04,3.950100000000000000e+04,3.971000000000000000e+04,3.991900000000000000e+04,4.012800000000000000e+04,4.033700000000000000e+04,4.054600000000000000e+04,4.075500000000000000e+04,4.096400000000000000e+04,4.117300000000000000e+04,4.138200000000000000e+04,4.159100000000000000e+04,4.180000000000000000e+04,4.200900000000000000e+04,4.221800000000000000e+04,4.242700000000000000e+04,4.263600000000000000e+04,4.284500000000000000e+04,4.305400000000000000e+04,4.326300000000000000e+04,4.347200000000000000e+04,4.368100000000000000e+04,4.389000000000000000e+04,4.409900000000000000e+04,4.430800000000000000e+04,4.451700000000000000e+04,4.472600000000000000e+04,4.493500000000000000e+04,4.514400000000000000e+04,4.535300000000000000e+04,4.556200000000000000e+04,4.577100000000000000e+04,4.598000000000000000e+04,4.618900000000000000e+04,4.639800000000000000e+04,4.660700000000000000e+04,4.681600000000000000e+04,4.702500000000000000e+04,4.723400000000000000e+04,4.744300000000000000e+04,4.765200000000000000e+04,4.786100000000000000e+04,4.807000000000000000e+04,4.827900000000000000e+04,4.848800000000000000e+04,4.869700000000000000e+04,4.890600000000000000e+04,4.911500000000000000e+04,4.932400000000000000e+04,4.953300000000000000e+04,4.974200000000000000e+04,4.995100000000000000e+04,5.016000000000000000e+04,5.036900000000000000e+04,5.057800000000000000e+04,5.078700000000000000e+04,5.099600000000000000e+04,5.120500000000000000e+04,5.141400000000000000e+04,5.162300000000000000e+04,5.183200000000000000e+04,5.204100000000000000e+04,5.225000000000000000e+04,5.245900000000000000e+04,5.266800000000000000e+04,5.287700000000000000e+04,5.308600000000000000e+04,5.329500000000000000e+04,5.350400000000000000e+04,5.371300000000000000e+04,5.392200000000000000e+04,5.413100000000000000e+04,5.434000000000000000e+04,5.454900000000000000e+04,5.475800000000000000e+04,5.496700000000000000e+04,5.517600000000000000e+04,5.538500000000000000e+04,5.559400000000000000e+04,5.580300000000000000e+04,5.601200000000000000e+04,5.622100000000000000e+04,5.643000000000000000e+04,5.663900000000000000e+04,5.684800000000000000e+04,5.705700000000000000e+04,5.726600000000000000e+04,5.747500000000000000e+04,5.768400000000000000e+04,5.789300000000000000e+04,5.810200000000000000e+04,5.831100000000000000e+04,5.852000000000000000e+04,5.872900000000000000e+04,5.893800000000000000e+04,5.914700000000000000e+04,5.935600000000000000e+04,5.956500000000000000e+04,5.977400000000000000e+04,5.998300000000000000e+04,6.019200000000000000e+04,6.040100000000000000e+04,6.061000000000000000e+04,6.081900000000000000e+04,6.102800000000000000e+04,6.123700000000000000e+04,6.144600000000000000e+04,6.165500000000000000e+04,6.186400000000000000e+04,6.207300000000000000e+04,6.228200000000000000e+04,6.249100000000000000e+04
0.000000000000000000e+00,2.100000000000000000e+02,4.200000000000000000e+02,6.300000000000000000e+02,8.400000000000000000e+02,1.050000000000000000e+03,1.260000000000000000e+03,1.470000000000000000e+03,1.680000000000000000e+03,1.890000000000000000e+03,2.100000000000000000e+03,2.310000000000000000e+03,2.520000000000000000e+03,2.730000000000000000e+03,2.940000000000000000e+03,3.150000000000000000e+03,3.360000000000000000e+03,3.570000000000000000e+03,3.780000000000000000e+03,3.990000000000000000e+03,4.200000000000000000e+03,4.410000000000000000e+03,4.620000000000000000e+03,4.830000000000000000e+03,5.040000000000000000e+03,5.250000000000000000e+03,5.460000000000000000e+03,5.670000000000000000e+03,5.880000000000000000e+03,6.090000000000000000e+03,6.300000000000000000e+03,6.510000000000000000e+03,6.720000000000000000e+03,6.930000000000000000e+03,7.140000000000000000e+03,7.350000000000000000e+03,7.560000000000000000e+03,7.770000000000000000e+03,7.980000000000000000e+03,8.190000000000000000e+03,8.400000000000000000e+03,8.610000000000000000e+03,8.820000000000000000e+03,9.030000000000000000e+03,9.240000000000000000e+03,9.450000000000000000e+03,9.660000000000000000e+03,9.870000000000000000e+03,1.008000000000000000e+04,1.029000000000000000e+04,1.050000000000000000e+04,1.071000000000000000e+04,1.092000000000000000e+04,1.113000000000000000e+04,1.134000000000000000e+04,1.155000000000000000e+04,1.176000000000000000e+04,1.197000000000000000e+04,1.218000000000000000e+04,1.239000000000000000e+04,1.260000000000000000e+04,1.281000000000000000e+04,1.302000000000000000e+04,1.323000000000000000e+04,1.344000000000000000e+04,1.365000000000000000e+04,1.386000000000000000e+04,1.407000000000000000e+04,1.428000000000000000e+04,1.449000000000000000e+04,1.470000000000000000e+04,1.491000000000000000e+04,1.512000000000000000e+04,1.533000000000000000e+04,1.554000000000000000e+04,1.575000000000000000e+04,1.596000000000000000e+04,1.617000000000000000e+04,1.638000000000000000e+04,1.659000000000000000e+04,1.680000000000000000e+04,1.701000000000000000e+04,1.722000000000000000e+04,1.743000000000000000e+04,1.764000000000000000e+04,1.785000000000000000e+04,1.806000000000000000e+04,1.827000000000000000e+04,1.848000000000000000e+04,1.869000000000000000e+04,1.890000000000000000e+04,1.911000000000000000e+04,1.932000000000000000e+04,1.953000000000000000e+04,1.974000000000000000e+04,1.995000000000000000e+04,2.016000000000000000e+04,2.037000000000000000e+04,2.058000000000000000e+04,2.079000000000000000e+04,2.100000000000000000e+04,2.121000000000000000e+04,2.142000000000000000e+04,2.163000000000000000e+04,2.184000000000000000e+04,2.205000000000000000e+04,2.226000000000000000e+04,2.247000000000000000e+04,2.268000000000000000e+04,2.289000000000000000e+04,2.310000000000000000e+04,2.331000000000000000e+04,2.352000000000000000e+04,2.373000000000000000e+04,2.394000000000000000e+04,2.415000000000000000e+04,2.436000000000000000e+04,2.457000000000000000e+04,2.478000000000000000e+04,2.499000000000000000e+04,2.520000000000000000e+04,2.541000000000000000e+04,2.562000000000000000e+04,2.583000000000000000e+04,2.604000000000000000e+04,2.625000000000000000e+04,2.646000000000000000e+04,2.667000000000000000e+04,2.688000000000000000e+04,2.709000000000000000e+04,2.730000000000000000e+04,2.751000000000000000e+04,2.772000000000000000e+04,2.793000000000000000e+04,2.814000000000000000e+04,2.835000000000000000e+04,2.856000000000000000e+04,2.877000000000000000e+04,2.898000000000000000e+04,2.919000000000000000e+04,2.940000000000000000e+04,2.961000000000000000e+04,2.982000000000000000e+04,3.003000000000000000e+04,3.024000000000000000e+04,3.045000000000000000e+04,3.066000000000000000e+04,3.087000000000000000e+04,3.108000000000000000e+04,3.129000000000000000e+04,3.150000000000000000e+04,3.171000000000000000e+04,3.192000000000000000e+04,3.213000000000000000e+04,3.234000000000000000e+04,3.255000000000000000e+04,3.276000000000000000e+04,3.297000000000000000e+04,3.318000000000000000e+04,3.339000000000000000e+04,3.360000000000000000e+04,3.381000000000000000e+04,3.402000000000000000e+04,3.423000000000000000e+04,3.444000000000000000e+04,3.465000000000000000e+04,3.486000000000000000e+04,3.507000000000000000e+04,3.528000000000000000e+04,3.549000000000000000e+04,3.570000000000000000e+04,3.591000000000000000e+04,3.612000000000000000e+04,3.633000000000000000e+04,3.654000000000000000e+04,3.675000000000000000e+04,3.696000000000000000e+04,3.717000000000000000e+04,3.738000000000000000e+04,3.759000000000000000e+04,3.780000000000000000e+04,3.801000000000000000e+04,3.822000000000000000e+04,3.843000000000000000e+04,3.864000000000000000e+04,3.885000000000000000e+04,3.906000000000000000e+04,3.927000000000000000e+04,3.948000000000000000e+04,3.969000000000000000e+04,3.990000000000000000e+04,4.011000000000000000e+04,4.032000000000000000e+04,4.053000000000000000e+04,4.074000000000000000e+04,4.095000000000000000e+04,4.116000000000000000e+04,4.137000000000000000e+04,4.158000000000000000e+04,4.179000000000000000e+04,4.200000000000000000e+04,4.221000000000000000e+04,4.242000000000000000e+04,4.263000000000000000e+04,4.284000000000000000e+04,4.305000000000000000e+04,4.326000000000000000e+04,4.347000000000000000e+04,4.368000000000000000e+04,4.389000000000000000e+04,4.410000000000000000e+04,4.431000000000000000e+04,4.452000000000000000e+04,4.473000000000000000e+04,4.494000000000000000e+04,4.515000000000000000e+04,4.536000000000000000e+04,4.557000000000000000e+04,4.578000000000000000e+04,4.599000000000000000e+04,4.620000000000000000e+04,4.641000000000000000e+04,4.662000000000000000e+04,4.683000000000000000e+04,4.704000000000000000e+04,4.725000000000000000e+04,4.746000000000000000e+04,4.767000000000000000e+04,4.788000000000000000e+04,4.809000000000000000e+04,4.830000000000000000e+04,4.851000000000000000e+04,4.872000000000000000e+04,4.893000000000000000e+04,4.914000000000000000e+04,4.935000000000000000e+04,4.956000000000000000e+04,4.977000000000000000e+04,4.998000000000000000e+04,5.019000000000000000e+04,5.040000000000000000e+04,5.061000000000000000e+04,5.082000000000000000e+04,5.103000000000000000e+04,5.124000000000000000e+04,5.145000000000000000e+04,5.166000000000000000e+04,5.187000000000000000e+04,5.208000000000000000e+04,5.229000000000000000e+04,5.250000000000000000e+04,5.271000000000000000e+04,5.292000000000000000e+04,5.313000000000000000e+04,5.334000000000000000e+04,5.355000000000000000e+04,5.376000000000000000e+04,5.397000000000000000e+04,5.418000000000000000e+04,5.439000000000000000e+04,5.460000000000000000e+04,5.481000000000000000e+04,5.502000000000000000e+04,5.523000000000000000e+04,5.544000000000000000e+04,5.565000000000000000e+04,5.586000000000000000e+04,5.607000000000000000e+04,5.628000000000000000e+04,5.649000000000000000e+04,5.670000000000000000e+04,5.691000000000000000e+04,5.712000000000000000e+04,5.733000000000000000e+04,5.754000000000000000e+04,5.775000000000000000e+04,5.796000000000000000e+04,5.817000000000000000e+04,5.838000000000000000e+04,5.859000000000000000e+04,5.880000000000000000e+04,5.901000000000000000e+04,5.922000000000000000e+04,5.943000000000000000e+04,5.964000000000000000e+04,5.985000000000000000e+04,6.006000000000000000e+04,6.027000000000000000e+04,6.048000000000000000e+04,6.069000000000000000e+04,6.090000000000000000e+04,6.111000000000000000e+04,6.132000000000000000e+04,6.153000000000000000e+04,6.174000000000000000e+04,6.195000000000000000e+04,6.216000000000000000e+04,6.237000000000000000e+04,6.258000000000000000e+04,6.279000000000000000e+04
0.000000000000000000e+00,2.110000000000000000e+02,4.220000000000000000e+02,6.330000000000000000e+02,8.440000000000000000e+02,1.055000000000000000e+03,1.266000000000000000e+03,1.477000000000000000e+03,1.688000000000000000e+03,1.899000000000000000e+03,2.110000000000000000e+03,2.321000000000000000e+03,2.532000000000000000e+03,2.743000000000000000e+03,2.954000000000000000e+03,3.165000000000000000e+03,3.376000000000000000e+03,3.587000000000000000e+03,3.798000000000000000e+03,4.009000000000000000e+03,4.220000000000000000e+03,4.431000000000000000e+03,4.642000000000000000e+03,4.853000000000000000e+03,5.064000000000000000e+03,5.275000000000000000e+03,5.486000000000000000e+03,5.697000000000000000e+03,5.908000000000000000e+03,6.119000000000000000e+03,6.330000000000000000e+03,6.541000000000000000e+03,6.752000000000000000e+03,6.963000000000000000e+03,7.174000000000000000e+03,7.385000000000000000e+03,7.596000000000000000e+03,7.807000000000000000e+03,8.018000000000000000e+03,8.229000000000000000e+03,8.440000000000000000e+03,8.651000000000000000e+03,8.862000000000000000e+03,9.073000000000000000e+03,9.284000000000000000e+03,9.495000000000000000e+03,9.706000000000000000e+03,9.917000000000000000e+03,1.012800000000000000e+04,1.033900000000000000e+04,1.055000000000000000e+04,1.076100000000000000e+04,1.097200000000000000e+04,1.118300000000000000e+04,1.139400000000000000e+04,1.160500000000000000e+04,1.181600000000000000e+04,1.202700000000000000e+04,1.223800000000000000e+04,1.244900000000000000e+04,1.266000000000000000e+04,1.287100000000000000e+04,1.308200000000000000e+04,1.329300000000000000e+04,1.350400000000000000e+04,1.371500000000000000e+04,1.392600000000000000e+04,1.413700000000000000e+04,1.434800000000000000e+04,1.455900000000000000e+04,1.477000000000000000e+04,1.498100000000000000e+04,1.519200000000000000e+04,1.540300000000000000e+04,1.561400000000000000e+04,1.582500000000000000e+04,1.603600000000000000e+04,1.624700000000000000e+04,1.645800000000000000e+04,1.666900000000000000e+04,1.688000000000000000e+04,1.709100000000000000e+04,1.730200000000000000e+04,1.751300000000000000e+04,1.772400000000000000e+04,1.793500000000000000e+04,1.814600000000000000e+04,1.835700000000000000e+04,1.856800000000000000e+04,1.877900000000000000e+04,1.899000000000000000e+04,1.920100000000000000e+04,1.941200000000000000e+04,1.962300000000000000e+04,1.983400000000000000e+04,2.004500000000000000e+04,2.025600000000000000e+04,2.046700000000000000e+04,2.067800000000000000e+04,2.088900000000000000e+04,2.110000000000000000e+04,2.131100000000000000e+04,2.152200000000000000e+04,2.173300000000000000e+04,2.194400000000000000e+04,2.215500000000000000e+04,2.236600000000000000e+04,2.257700000000000000e+04,2.278800000000000000e+04,2.299900000000000000e+04,2.321000000000000000e+04,2.342100000000000000e+04,2.363200000000000000e+04,2.384300000000000000e+04,2.405400000000000000e+04,2.426500000000000000e+04,2.447600000000000000e+04,2.468700000000000000e+04,2.489800000000000000e+04,2.510900000000000000e+04,2.532000000000000000e+04,2.553100000000000000e+04,2.574200000000000000e+04,2.595300000000000000e+04,2.616400000000000000e+04,2.637500000000000000e+04,2.658600000000000000e+04,2.679700000000000000e+04,2.700800000000000000e+04,2.721900000000000000e+04,2.743000000000000000e+04,2.764100000000000000e+04,2.785200000000000000e+04,2.806300000000000000e+04,2.827400000000000000e+04,2.848500000000000000e+04,2.869600000000000000e+04,2.890700000000000000e+04,2.911800000000000000e+04,2.932900000000000000e+04,2.954000000000000000e+04,2.975100000000000000e+04,2.996200000000000000e+04,3.017300000000000000e+04,3.038400000000000000e+04,3.059500000000000000e+04,3.080600000000000000e+04,3.101700000000000000e+04,3.122800000000000000e+04,3.143900000000000000e+04,3.165000000000000000e+04,3.186100000000000000e+04,3.207200000000000000e+04,3.228300000000000000e+04,3.249400000000000000e+04,3.270500000000000000e+04,3.291600000000000000e+04,3.312700000000000000e+04,3.333800000000000000e+04,3.354900000000000000e+04,3.376000000000000000e+04,3.397100000000000000e+04,3.418200000000000000e+04,3.439300000000000000e+04,3.460400000000000000e+04,3.481500000000000000e+04,3.502600000000000000e+04,3.523700000000000000e+04,3.544800000000000000e+04,3.565900000000000000e+04,3.587000000000000000e+04,3.608100000000000000e+04,3.629200000000000000e+04,3.650300000000000000e+04,3.671400000000000000e+04,3.692500000000000000e+04,3.713600000000000000e+04,3.734700000000000000e+04,3.755800000000000000e+04,3.776900000000000000e+04,3.798000000000000000e+04,3.819100000000000000e+04,3.840200000000000000e+04,3.861300000000000000e+04,3.882400000000000000e+04,3.903500000000000000e+04,3.924600000000000000e+04,3.945700000000000000e+04,3.966800000000000000e+04,3.987900000000000000e+04,4.009000000000000000e+04,4.030100000000000000e+04,4.051200000000000000e+04,4.072300000000000000e+04,4.093400000000000000e+04,4.114500000000000000e+04,4.135600000000000000e+04,4.156700000000000000e+04,4.177800000000000000e+04,4.198900000000000000e+04,4.220000000000000000e+04,4.241100000000000000e+04,4.262200000000000000e+04,4.283300000000000000e+04,4.304400000000000000e+04,4.325500000000000000e+04,4.346600000000000000e+04,4.367700000000000000e+04,4.388800000000000000e+04,4.409900000000000000e+04,4.431000000000000000e+04,4.452100000000000000e+04,4.473200000000000000e+04,4.494300000000000000e+04,4.515400000000000000e+04,4.536500000000000000e+04,4.557600000000000000e+04,4.578700000000000000e+04,4.599800000000000000e+04,4.620900000000000000e+04,4.642000000000000000e+04,4.663100000000000000e+04,4.684200000000000000e+04,4.705300000000000000e+04,4.726400000000000000e+04,4.747500000000000000e+04,4.768600000000000000e+04,4.789700000000000000e+04,4.810800000000000000e+04,4.831900000000000000e+04,4.853000000000000000e+04,4.874100000000000000e+04,4.895200000000000000e+04,4.916300000000000000e+04,4.937400000000000000e+04,4.958500000000000000e+04,4.979600000000000000e+04,5.000700000000000000e+04,5.021800000000000000e+04,5.042900000000000000e+04,5.064000000000000000e+04,5.085100000000000000e+04,5.106200000000000000e+04,5.127300000000000000e+04,5.148400000000000000e+04,5.169500000000000000e+04,5.190600000000000000e+04,5.211700000000000000e+04,5.232800000000000000e+04,5.253900000000000000e+04,5.275000000000000000e+04,5.296100000000000000e+04,5.317200000000000000e+04,5.338300000000000000e+04,5.359400000000000000e+04,5.380500000000000000e+04,5.401600000000000000e+04,5.422700000000000000e+04,5.443800000000000000e+04,5.464900000000000000e+04,5.486000000000000000e+04,5.507100000000000000e+04,5.528200000000000000e+04,5.549300000000000000e+04,5.570400000000000000e+04,5.591500000000000000e+04,5.612600000000000000e+04,5.633700000000000000e+04,5.654800000000000000e+04,5.675900000000000000e+04,5.697000000000000000e+04,5.718100000000000000e+04,5.739200000000000000e+04,5.760300000000000000e+04,5.781400000000000000e+04,5.802500000000000000e+04,5.823600000000000000e+04,5.844700000000000000e+04,5.865800000000000000e+04,5.886900000000000000e+04,5.908000000000000000e+04,5.929100000000000000e+04,5.950200000000000000e+04,5.971300000000000000e+04,5.992400000000000000e+04,6.013500000000000000e+04,6.034600000000000000e+04,6.055700000000000000e+04,6.076800000000000000e+04,6.097900000000000000e+04,6.119000000000000000e+04,6.140100000000000000e+04,6.161200000000000000e+04,6.182300000000000000e+04,6.203400000000000000e+04,6.224500000000000000e+04,6.245600000000000000e+04,6.266700000000000000e+04,6.287800000000000000e+04,6.308900000000000000e+04
0.000000000000000000e+00,2.120000000000000000e+02,4.240000000000000000e+02,6.360000000000000000e+02,8.480000000000000000e+02,1.060000000000000000e+03,1.272000000000000000e+03,1.484000000000000000e+03,1.696000000000000000e+03,1.908000000000000000e+03,2.120000000000000000e+03,2.332000000000000000e+03,2.544000000000000000e+03,2.756000000000000000e+03,2.968000000000000000e+03,3.180000000000000000e+03,3.392000000000000000e+03,3.604000000000000000e+03,3.816000000000000000e+03,4.028000000000000000e+03,4.240000000000000000e+03,4.452000000000000000e+03,4.664000000000000000e+03,4.876000000000000000e+03,5.088000000000000000e+03,5.300000000000000000e+03,5.512000000000000000e+03,5.724000000000000000e+03,5.936000000000000000e+03,6.148000000000000000e+03,6.360000000000000000e+03,6.572000000000000000e+03,6.784000000000000000e+03,6.996000000000000000e+03,7.208000000000000000e+03,7.420000000000000000e+03,7.632000000000000000e+03,7.844000000000000000e+03,8.056000000000000000e+03,8.268000000000000000e+03,8.480000000000000000e+03,8.692000000000000000e+03,8.904000000000000000e+03,9.116000000000000000e+03,9.328000000000000000e+03,9.540000000000000000e+03,9.752000000000000000e+03,9.964000000000000000e+03,1.017600000000000000e+04,1.038800000000000000e+04,1.060000000000000000e+04,1.081200000000000000e+04,1.102400000000000000e+04,1.123600000000000000e+04,1.144800000000000000e+04,1.166000000000000000e+04,1.187200000000000000e+04,1.208400000000000000e+04,1.229600000000000000e+04,1.250800000000000000e+04,1.272000000000000000e+04,1.293200000000000000e+04,1.314400000000000000e+04,1.335600000000000000e+04,1.356800000000000000e+04,1.378000000000000000e+04,1.399200000000000000e+04,1.420400000000000000e+04,1.441600000000000000e+04,1.462800000000000000e+04,1.484000000000000000e+04,1.505200000000000000e+04,1.526400000000000000e+04,1.547600000000000000e+04,1.568800000000000000e+04,1.590000000000000000e+04,1.611200000000000000e+04,1.632400000000000000e+04,1.653600000000000000e+04,1.674800000000000000e+04,1.696000000000000000e+04,1.717200000000000000e+04,1.738400000000000000e+04,1.759600000000000000e+04,1.780800000000000000e+04,1.802000000000000000e+04,1.823200000000000000e+04,1.844400000000000000e+04,1.865600000000000000e+04,1.886800000000000000e+04,1.908000000000000000e+04,1.929200000000000000e+04,1.950400000000000000e+04,1.971600000000000000e+04,1.992800000000000000e+04,2.014000000000000000e+04,2.035200000000000000e+04,2.056400000000000000e+04,2.077600000000000000e+04,2.098800000000000000e+04,2.120000000000000000e+04,2.141200000000000000e+04,2.162400000000000000e+04,2.183600000000000000e+04,2.204800000000000000e+04,2.226000000000000000e+04,2.247200000000000000e+04,2.268400000000000000e+04,2.289600000000000000e+04,2.310800000000000000e+04,2.332000000000000000e+04,2.353200000000000000e+04,2.374400000000000000e+04,2.395600000000000000e+04,2.416800000000000000e+04,2.438000000000000000e+04,2.459200000000000000e+04,2.480400000000000000e+04,2.501600000000000000e+04,2.522800000000000000e+04,2.544000000000000000e+04,2.565200000000000000e+04,2.586400000000000000e+04,2.607600000000000000e+04,2.628800000000000000e+04,2.650000000000000000e+04,2.671200000000000000e+04,2.692400000000000000e+04,2.713600000000000000e+04,2.734800000000000000e+04,2.756000000000000000e+04,2.777200000000000000e+04,2.798400000000000000e+04,2.819600000000000000e+04,2.840800000000000000e+04,2.862000000000000000e+04,2.883200000000000000e+04,2.904400000000000000e+04,2.925600000000000000e+04,2.946800000000000000e+04,2.968000000000000000e+04,2.989200000000000000e+04,3.010400000000000000e+04,3.031600000000000000e+04,3.052800000000000000e+04,3.074000000000000000e+04,3.095200000000000000e+04,3.116400000000000000e+04,3.137600000000000000e+04,3.158800000000000000e+04,3.180000000000000000e+04,3.201200000000000000e+04,3.222400000000000000e+04,3.243600000000000000e+04,3.264800000000000000e+04,3.286000000000000000e+04,3.307200000000000000e+04,3.328400000000000000e+04,3.349600000000000000e+04,3.370800000000000000e+04,3.392000000000000000e+04,3.413200000000000000e+04,3.434400000000000000e+04,3.455600000000000000e+04,3.476800000000000000e+04,3.498000000000000000e+04,3.519200000000000000e+04,3.540400000000000000e+04,3.561600000000000000e+04,3.582800000000000000e+04,3.604000000000000000e+04,3.625200000000000000e+04,3.646400000000000000e+04,3.667600000000000000e+04,3.688800000000000000e+04,3.710000000000000000e+04,3.731200000000000000e+04,3.752400000000000000e+04,3.773600000000000000e+04,3.794800000000000000e+04,3.816000000000000000e+04,3.837200000000000000e+04,3.858400000000000000e+04,3.879600000000000000e+04,3.900800000000000000e+04,3.922000000000000000e+04,3.943200000000000000e+04,3.964400000000000000e+04,3.985600000000000000e+04,4.006800000000000000e+04,4.028000000000000000e+04,4.049200000000000000e+04,4.070400000000000000e+04,4.091600000000000000e+04,4.112800000000000000e+04,4.134000000000000000e+04,4.155200000000000000e+04,4.176400000000000000e+04,4.197600000000000000e+04,4.218800000000000000e+04,4.240000000000000000e+04,4.261200000000000000e+04,4.282400000000000000e+04,4.303600000000000000e+04,4.324800000000000000e+04,4.346000000000000000e+04,4.367200000000000000e+04,4.388400000000000000e+04,4.409600000000000000e+04,4.430800000000000000e+04,4.452000000000000000e+04,4.473200000000000000e+04,4.494400000000000000e+04,4.515600000000000000e+04,4.536800000000000000e+04,4.558000000000000000e+04,4.579200000000000000e+04,4.600400000000000000e+04,4.621600000000000000e+04,4.642800000000000000e+04,4.664000000000000000e+04,4.685200000000000000e+04,4.706400000000000000e+04,4.727600000000000000e+04,4.748800000000000000e+04,4.770000000000000000e+04,4.791200000000000000e+04,4.812400000000000000e+04,4.833600000000000000e+04,4.854800000000000000e+04,4.876000000000000000e+04,4.897200000000000000e+04,4.918400000000000000e+04,4.939600000000000000e+04,4.960800000000000000e+04,4.982000000000000000e+04,5.003200000000000000e+04,5.024400000000000000e+04,5.045600000000000000e+04,5.066800000000000000e+04,5.088000000000000000e+04,5.109200000000000000e+04,5.130400000000000000e+04,5.151600000000000000e+04,5.172800000000000000e+04,5.194000000000000000e+04,5.215200000000000000e+04,5.236400000000000000e+04,5.257600000000000000e+04,5.278800000000000000e+04,5.300000000000000000e+04,5.321200000000000000e+04,5.342400000000000000e+04,5.363600000000000000e+04,5.384800000000000000e+04,5.406000000000000000e+04,5.427200000000000000e+04,5.448400000000000000e+04,5.469600000000000000e+04,5.490800000000000000e+04,5.512000000000000000e+04,5.533200000000000000e+04,5.554400000000000000e+04,5.575600000000000000e+04,5.596800000000000000e+04,5.618000000000000000e+04,5.639200000000000000e+04,5.660400000000000000e+04,5.681600000000000000e+04,5.702800000000000000e+04,5.724000000000000000e+04,5.745200000000000000e+04,5.766400000000000000e+04,5.787600000000000000e+04,5.808800000000000000e+04,5.830000000000000000e+04,5.851200000000000000e+04,5.872400000000000000e+04,5.893600000000000000e+04,5.914800000000000000e+04,5.936000000000000000e+04,5.957200000000000000e+04,5.978400000000000000e+04,5.999600000000000000e+04,6.020800000000000000e+04,6.042000000000000000e+04,6.063200000000000000e+04,6.084400000000000000e+04,6.105600000000000000e+04,6.126800000000000000e+04,6.148000000000000000e+04,6.169200000000000000e+04,6.190400000000000000e+04,6.211600000000000000e+04,6.232800000000000000e+04,6.254000000000000000e+04,6.275200000000000000e+04,6.296400000000000000e+04,6.317600000000000000e+04,6.338800000000000000e+04
0.000000000000000000e+00,2.130000000000000000e+02,4.260000000000000000e+02,6.390000000000000000e+02,8.520000000000000000e+02,1.065000000000000000e+03,1.278000000000000000e+03,1.491000000000000000e+03,1.704000000000000000e+03,1.917000000000000000e+03,2.130000000000000000e+03,2.343000000000000000e+03,2.556000000000000000e+03,2.769000000000000000e+03,2.982000000000000000e+03,3.195000000000000000e+03,3.408000000000000000e+03,3.621000000000000000e+03,3.834000000000000000e+03,4.047000000000000000e+03,4.260000000000000000e+03,4.473000000000000000e+03,4.686000000000000000e+03,4.899000000000000000e+03,5.112000000000000000e+03,5.325000000000000000e+03,5.538000000000000000e+03,5.751000000000000000e+03,5.964000000000000000e+03,6.177000000000000000e+03,6.390000000000000000e+03,6.603000000000000000e+03,6.816000000000000000e+03,7.029000000000000000e+03,7.242000000000000000e+03,7.455000000000000000e+03,7.668000000000000000e+03,7.881000000000000000e+03,8.094000000000000000e+03,8.307000000000000000e+03,8.520000000000000000e+03,8.733000000000000000e+03,8.946000000000000000e+03,9.159000000000000000e+03,9.372000000000000000e+03,9.585000000000000000e+03,9.798000000000000000e+03,1.001100000000000000e+04,1.022400000000000000e+04,1.043700000000000000e+04,1.065000000000000000e+04,1.086300000000000000e+04,1.107600000000000000e+04,1.128900000000000000e+04,1.150200000000000000e+04,1.171500000000000000e+04,1.192800000000000000e+04,1.214100000000000000e+04,1.235400000000000000e+04,1.256700000000000000e+04,1.278000000000000000e+04,1.299300000000000000e+04,1.320600000000000000e+04,1.341900000000000000e+04,1.363200000000000000e+04,1.384500000000000000e+04,1.405800000000000000e+04,1.427100000000000000e+04,1.448400000000000000e+04,1.469700000000000000e+04,1.491000000000000000e+04,1.512300000000000000e+04,1.533600000000000000e+04,1.554900000000000000e+04,1.576200000000000000e+04,1.597500000000000000e+04,1.618800000000000000e+04,1.640100000000000000e+04,1.661400000000000000e+04,1.682700000000000000e+04,1.704000000000000000e+04,1.725300000000000000e+04,1.746600000000000000e+04,1.767900000000000000e+04,1.789200000000000000e+04,1.810500000000000000e+04,1.831800000000000000e+04,1.853100000000000000e+04,1.874400000000000000e+04,1.895700000000000000e+04,1.917000000000000000e+04,1.938300000000000000e+04,1.959600000000000000e+04,1.980900000000000000e+04,2.002200000000000000e+04,2.023500000000000000e+04,2.044800000000000000e+04,2.066100000000000000e+04,2.087400000000000000e+04,2.108700000000000000e+04,2.130000000000000000e+04,2.151300000000000000e+04,2.172600000000000000e+04,2.193900000000000000e+04,2.215200000000000000e+04,2.236500000000000000e+04,2.257800000000000000e+04,2.279100000000000000e+04,2.300400000000000000e+04,2.321700000000000000e+04,2.343000000000000000e+04,2.364300000000000000e+04,2.385600000000000000e+04,2.406900000000000000e+04,2.428200000000000000e+04,2.449500000000000000e+04,2.470800000000000000e+04,2.492100000000000000e+04,2.513400000000000000e+04,2.534700000000000000e+04,2.556000000000000000e+04,2.577300000000000000e+04,2.598600000000000000e+04,2.619900000000000000e+04,2.641200000000000000e+04,2.662500000000000000e+04,2.683800000000000000e+04,2.705100000000000000e+04,2.726400000000000000e+04,2.747700000000000000e+04,2.769000000000000000e+04,2.790300000000000000e+04,2.811600000000000000e+04,2.832900000000000000e+04,2.854200000000000000e+04,2.875500000000000000e+04,2.896800000000000000e+04,2.918100000000000000e+04,2.939400000000000000e+04,2.960700000000000000e+04,2.982000000000000000e+04,3.003300000000000000e+04,3.024600000000000000e+04,3.045900000000000000e+04,3.067200000000000000e+04,3.088500000000000000e+04,3.109800000000000000e+04,3.131100000000000000e+04,3.152400000000000000e+04,3.173700000000000000e+04,3.195000000000000000e+04,3.216300000000000000e+04,3.237600000000000000e+04,3.258900000000000000e+04,3.280200000000000000e+04,3.301500000000000000e+04,3.322800000000000000e+04,3.344100000000000000e+04,3.365400000000000000e+04,3.386700000000000000e+04,3.408000000000000000e+04,3.429300000000000000e+04,3.450600000000000000e+04,3.471900000000000000e+04,3.493200000000000000e+04,3.514500000000000000e+04,3.535800000000000000e+04,3.557100000000000000e+04,3.578400000000000000e+04,3.599700000000000000e+04,3.621000000000000000e+04,3.642300000000000000e+04,3.663600000000000000e+04,3.684900000000000000e+04,3.706200000000000000e+04,3.727500000000000000e+04,3.748800000000000000e+04,3.770100000000000000e+04,3.791400000000000000e+04,3.812700000000000000e+04,3.834000000000000000e+04,3.855300000000000000e+04,3.876600000000000000e+04,3.897900000000000000e+04,3.919200000000000000e+04,3.940500000000000000e+04,3.961800000000000000e+04,3.983100000000000000e+04,4.004400000000000000e+04,4.025700000000000000e+04,4.047000000000000000e+04,4.068300000000000000e+04,4.089600000000000000e+04,4.110900000000000000e+04,4.132200000000000000e+04,4.153500000000000000e+04,4.174800000000000000e+04,4.196100000000000000e+04,4.217400000000000000e+04,4.238700000000000000e+04,4.260000000000000000e+04,4.281300000000000000e+04,4.302600000000000000e+04,4.323900000000000000e+04,4.345200000000000000e+04,4.366500000000000000e+04,4.387800000000000000e+04,4.409100000000000000e+04,4.430400000000000000e+04,4.451700000000000000e+04,4.473000000000000000e+04,4.494300000000000000e+04,4.515600000000000000e+04,4.536900000000000000e+04,4.558200000000000000e+04,4.579500000000000000e+04,4.600800000000000000e+04,4.622100000000000000e+04,4.643400000000000000e+04,4.664700000000000000e+04,4.686000000000000000e+04,4.707300000000000000e+04,4.728600000000000000e+04,4.749900000000000000e+04,4.771200000000000000e+04,4.792500000000000000e+04,4.813800000000000000e+04,4.835100000000000000e+04,4.856400000000000000e+04,4.877700000000000000e+04,4.899000000000000000e+04,4.920300000000000000e+04,4.941600000000000000e+04,4.962900000000000000e+04,4.984200000000000000e+04,5.005500000000000000e+04,5.026800000000000000e+04,5.048100000000000000e+04,5.069400000000000000e+04,5.090700000000000000e+04,5.112000000000000000e+04,5.133300000000000000e+04,5.154600000000000000e+04,5.175900000000000000e+04,5.197200000000000000e+04,5.218500000000000000e+04,5.239800000000000000e+04,5.261100000000000000e+04,5.282400000000000000e+04,5.303700000000000000e+04,5.325000000000000000e+04,5.346300000000000000e+04,5.367600000000000000e+04,5.388900000000000000e+04,5.410200000000000000e+04,5.431500000000000000e+04,5.452800000000000000e+04,5.474100000000000000e+04,5.495400000000000000e+04,5.516700000000000000e+04,5.538000000000000000e+04,5.559300000000000000e+04,5.580600000000000000e+04,5.601900000000000000e+04,5.623200000000000000e+04,5.644500000000000000e+04,5.665800000000000000e+04,5.687100000000000000e+04,5.708400000000000000e+04,5.729700000000000000e+04,5.751000000000000000e+04,5.772300000000000000e+04,5.793600000000000000e+04,5.814900000000000000e+04,5.836200000000000000e+04,5.857500000000000000e+04,5.878800000000000000e+04,5.900100000000000000e+04,5.921400000000000000e+04,5.942700000000000000e+04,5.964000000000000000e+04,5.985300000000000000e+04,6.006600000000000000e+04,6.027900000000000000e+04,6.049200000000000000e+04,6.070500000000000000e+04,6.091800000000000000e+04,6.113100000000000000e+04,6.134400000000000000e+04,6.155700000000000000e+04,6.177000000000000000e+04,6.198300000000000000e+04,6.219600000000000000e+04,6.240900000000000000e+04,6.262200000000000000e+04,6.283500000000000000e+04,6.304800000000000000e+04,6.326100000000000000e+04,6.347400000000000000e+04,6.368700000000000000e+04
0.000000000000000000e+00,2.140000000000000000e+02,4.280000000000000000e+02,6.420000000000000000e+02,8.560000000000000000e+02,1.070000000000000000e+03,1.284000000000000000e+03,1.498000000000000000e+03,1.712000000000000000e+03,1.926000000000000000e+03,2.140000000000000000e+03,2.354000000000000000e+03,2.568000000000000000e+03,2.782000000000000000e+03,2.996000000000000000e+03,3.210000000000000000e+03,3.424000000000000000e+03,3.638000000000000000e+03,3.852000000000000000e+03,4.066000000000000000e+03,4.280000000000000000e+03,4.494000000000000000e+03,4.708000000000000000e+03,4.922000000000000000e+03,5.136000000000000000e+03,5.350000000000000000e+03,5.564000000000000000e+03,5.778000000000000000e+03,5.992000000000000000e+03,6.206000000000000000e+03,6.420000000000000000e+03,6.634000000000000000e+03,6.848000000000000000e+03,7.062000000000000000e+03,7.276000000000000000e+03,7.490000000000000000e+03,7.704000000000000000e+03,7.918000000000000000e+03,8.132000000000000000e+03,8.346000000000000000e+03,8.560000000000000000e+03,8.774000000000000000e+03,8.988000000000000000e+03,9.202000000000000000e+03,9.416000000000000000e+03,9.630000000000000000e+03,9.844000000000000000e+03,1.005800000000000000e+04,1.027200000000000000e+04,1.048600000000000000e+04,1.070000000000000000e+04,1.091400000000000000e+04,1.112800000000000000e+04,1.134200000000000000e+04,1.155600000000000000e+04,1.177000000000000000e+04,1.198400000000000000e+04,1.219800000000000000e+04,1.241200000000000000e+04,1.262600000000000000e+04,1.284000000000000000e+04,1.305400000000000000e+04,1.326800000000000000e+04,1.348200000000000000e+04,1.369600000000000000e+04,1.391000000000000000e+04,1.412400000000000000e+04,1.433800000000000000e+04,1.455200000000000000e+04,1.476600000000000000e+04,1.498000000000000000e+04,1.519400000000000000e+04,1.540800000000000000e+04,1.562200000000000000e+04,1.583600000000000000e+04,1.605000000000000000e+04,1.626400000000000000e+04,1.647800000000000000e+04,1.669200000000000000e+04,1.690600000000000000e+04,1.712000000000000000e+04,1.733400000000000000e+04,1.754800000000000000e+04,1.776200000000000000e+04,1.797600000000000000e+04,1.819000000000000000e+04,1.840400000000000000e+04,1.861800000000000000e+04,1.883200000000000000e+04,1.904600000000000000e+04,1.926000000000000000e+04,1.947400000000000000e+04,1.968800000000000000e+04,1.990200000000000000e+04,2.011600000000000000e+04,2.033000000000000000e+04,2.054400000000000000e+04,2.075800000000000000e+04,2.097200000000000000e+04,2.118600000000000000e+04,2.140000000000000000e+04,2.161400000000000000e+04,2.182800000000000000e+04,2.204200000000000000e+04,2.225600000000000000e+04,2.247000000000000000e+04,2.268400000000000000e+04,2.289800000000000000e+04,2.311200000000000000e+04,2.332600000000000000e+04,2.354000000000000000e+04,2.375400000000000000e+04,2.396800000000000000e+04,2.418200000000000000e+04,2.439600000000000000e+04,2.461000000000000000e+04,2.482400000000000000e+04,2.503800000000000000e+04,2.525200000000000000e+04,2.546600000000000000e+04,2.568000000000000000e+04,2.589400000000000000e+04,2.610800000000000000e+04,2.632200000000000000e+04,2.653600000000000000e+04,2.675000000000000000e+04,2.696400000000000000e+04,2.717800000000000000e+04,2.739200000000000000e+04,2.760600000000000000e+04,2.782000000000000000e+04,2.803400000000000000e+04,2.824800000000000000e+04,2.846200000000000000e+04,2.867600000000000000e+04,2.889000000000000000e+04,2.910400000000000000e+04,2.931800000000000000e+04,2.953200000000000000e+04,2.974600000000000000e+04,2.996000000000000000e+04,3.017400000000000000e+04,3.038800000000000000e+04,3.060200000000000000e+04,3.081600000000000000e+04,3.103000000000000000e+04,3.124400000000000000e+04,3.145800000000000000e+04,3.167200000000000000e+04,3.188600000000000000e+04,3.210000000000000000e+04,3.231400000000000000e+04,3.252800000000000000e+04,3.274200000000000000e+04,3.295600000000000000e+04,3.317000000000000000e+04,3.338400000000000000e+04,3.359800000000000000e+04,3.381200000000000000e+04,3.402600000000000000e+04,3.424000000000000000e+04,3.445400000000000000e+04,3.466800000000000000e+04,3.488200000000000000e+04,3.509600000000000000e+04,3.531000000000000000e+04,3.552400000000000000e+04,3.573800000000000000e+04,3.595200000000000000e+04,3.616600000000000000e+04,3.638000000000000000e+04,3.659400000000000000e+04,3.680800000000000000e+04,3.702200000000000000e+04,3.723600000000000000e+04,3.745000000000000000e+04,3.766400000000000000e+04,3.787800000000000000e+04,3.809200000000000000e+04,3.830600000000000000e+04,3.852000000000000000e+04,3.873400000000000000e+04,3.894800000000000000e+04,3.916200000000000000e+04,3.937600000000000000e+04,3.959000000000000000e+04,3.980400000000000000e+04,4.001800000000000000e+04,4.023200000000000000e+04,4.044600000000000000e+04,4.066000000000000000e+04,4.087400000000000000e+04,4.108800000000000000e+04,4.130200000000000000e+04,4.151600000000000000e+04,4.173000000000000000e+04,4.194400000000000000e+04,4.215800000000000000e+04,4.237200000000000000e+04,4.258600000000000000e+04,4.280000000000000000e+04,4.301400000000000000e+04,4.322800000000000000e+04,4.344200000000000000e+04,4.365600000000000000e+04,4.387000000000000000e+04,4.408400000000000000e+04,4.429800000000000000e+04,4.451200000000000000e+04,4.472600000000000000e+04,4.494000000000000000e+04,4.515400000000000000e+04,4.536800000000000000e+04,4.558200000000000000e+04,4.579600000000000000e+04,4.601000000000000000e+04,4.622400000000000000e+04,4.643800000000000000e+04,4.665200000000000000e+04,4.686600000000000000e+04,4.708000000000000000e+04,4.729400000000000000e+04,4.750800000000000000e+04,4.772200000000000000e+04,4.793600000000000000e+04,4.815000000000000000e+04,4.836400000000000000e+04,4.857800000000000000e+04,4.879200000000000000e+04,4.900600000000000000e+04,4.922000000000000000e+04,4.943400000000000000e+04,4.964800000000000000e+04,4.986200000000000000e+04,5.007600000000000000e+04,5.029000000000000000e+04,5.050400000000000000e+04,5.071800000000000000e+04,5.093200000000000000e+04,5.114600000000000000e+04,5.136000000000000000e+04,5.157400000000000000e+04,5.178800000000000000e+04,5.200200000000000000e+04,5.221600000000000000e+04,5.243000000000000000e+04,5.264400000000000000e+04,5.285800000000000000e+04,5.307200000000000000e+04,5.328600000000000000e+04,5.350000000000000000e+04,5.371400000000000000e+04,5.392800000000000000e+04,5.414200000000000000e+04,5.435600000000000000e+04,5.457000000000000000e+04,5.478400000000000000e+04,5.499800000000000000e+04,5.521200000000000000e+04,5.542600000000000000e+04,5.564000000000000000e+04,5.585400000000000000e+04,5.606800000000000000e+04,5.628200000000000000e+04,5.649600000000000000e+04,5.671000000000000000e+04,5.692400000000000000e+04,5.713800000000000000e+04,5.735200000000000000e+04,5.756600000000000000e+04,5.778000000000000000e+04,5.799400000000000000e+04,5.820800000000000000e+04,5.842200000000000000e+04,5.863600000000000000e+04,5.885000000000000000e+04,5.906400000000000000e+04,5.927800000000000000e+04,5.949200000000000000e+04,5.970600000000000000e+04,5.992000000000000000e+04,6.013400000000000000e+04,6.034800000000000000e+04,6.056200000000000000e+04,6.077600000000000000e+04,6.099000000000000000e+04,6.120400000000000000e+04,6.141800000000000000e+04,6.163200000000000000e+04,6.184600000000000000e+04,6.206000000000000000e+04,6.227400000000000000e+04,6.248800000000000000e+04,6.270200000000000000e+04,6.291600000000000000e+04,6.313000000000000000e+04,6.334400000000000000e+04,6.355800000000000000e+04,6.377200000000000000e+04,6.398600000000000000e+04
0.000000000000000000e+00,2.150000000000000000e+02,4.300000000000000000e+02,6.450000000000000000e+02,8.600000000000000000e+02,1.075000000000000000e+03,1.290000000000000000e+03,1.505000000000000000e+03,1.720000000000000000e+03,1.935000000000000000e+03,2.150000000000000000e+03,2.365000000000000000e+03,2.580000000000000000e+03,2.795000000000000000e+03,3.010000000000000000e+03,3.225000000000000000e+03,3.440000000000000000e+03,3.655000000000000000e+03,3.870000000000000000e+03,4.085000000000000000e+03,4.300000000000000000e+03,4.515000000000000000e+03,4.730000000000000000e+03,4.945000000000000000e+03,5.160000000000000000e+03,5.375000000000000000e+03,5.590000000000000000e+03,5.805000000000000000e+03,6.020000000000000000e+03,6.235000000000000000e+03,6.450000000000000000e+03,6.665000000000000000e+03,6.880000000000000000e+03,7.095000000000000000e+03,7.310000000000000000e+03,7.525000000000000000e+03,7.740000000000000000e+03,7.955000000000000000e+03,8.170000000000000000e+03,8.385000000000000000e+03,8.600000000000000000e+03,8.815000000000000000e+03,9.030000000000000000e+03,9.245000000000000000e+03,9.460000000000000000e+03,9.675000000000000000e+03,9.890000000000000000e+03,1.010500000000000000e+04,1.032000000000000000e+04,1.053500000000000000e+04,1.075000000000000000e+04,1.096500000000000000e+04,1.118000000000000000e+04,1.139500000000000000e+04,1.161000000000000000e+04,1.182500000000000000e+04,1.204000000000000000e+04,1.225500000000000000e+04,1.247000000000000000e+04,1.268500000000000000e+04,1.290000000000000000e+04,1.311500000000000000e+04,1.333000000000000000e+04,1.354500000000000000e+04,1.376000000000000000e+04,1.397500000000000000e+04,1.419000000000000000e+04,1.440500000000000000e+04,1.462000000000000000e+04,1.483500000000000000e+04,1.505000000000000000e+04,1.526500000000000000e+04,1.548000000000000000e+04,1.569500000000000000e+04,1.591000000000000000e+04,1.612500000000000000e+04,1.634000000000000000e+04,1.655500000000000000e+04,1.677000000000000000e+04,1.698500000000000000e+04,1.720000000000000000e+04,1.741500000000000000e+04,1.763000000000000000e+04,1.784500000000000000e+04,1.806000000000000000e+04,1.827500000000000000e+04,1.849000000000000000e+04,1.870500000000000000e+04,1.892000000000000000e+04,1.913500000000000000e+04,1.935000000000000000e+04,1.956500000000000000e+04,1.978000000000000000e+04,1.999500000000000000e+04,2.021000000000000000e+04,2.042500000000000000e+04,2.064000000000000000e+04,2.085500000000000000e+04,2.107000000000000000e+04,2.128500000000000000e+04,2.150000000000000000e+04,2.171500000000000000e+04,2.193000000000000000e+04,2.214500000000000000e+04,2.236000000000000000e+04,2.257500000000000000e+04,2.279000000000000000e+04,2.300500000000000000e+04,2.322000000000000000e+04,2.343500000000000000e+04,2.365000000000000000e+04,2.386500000000000000e+04,2.408000000000000000e+04,2.429500000000000000e+04,2.451000000000000000e+04,2.472500000000000000e+04,2.494000000000000000e+04,2.515500000000000000e+04,2.537000000000000000e+04,2.558500000000000000e+04,2.580000000000000000e+04,2.601500000000000000e+04,2.623000000000000000e+04,2.644500000000000000e+04,2.666000000000000000e+04,2.687500000000000000e+04,2.709000000000000000e+04,2.730500000000000000e+04,2.752000000000000000e+04,2.773500000000000000e+04,2.795000000000000000e+04,2.816500000000000000e+04,2.838000000000000000e+04,2.859500000000000000e+04,2.881000000000000000e+04,2.902500000000000000e+04,2.924000000000000000e+04,2.945500000000000000e+04,2.967000000000000000e+04,2.988500000000000000e+04,3.010000000000000000e+04,3.031500000000000000e+04,3.053000000000000000e+04,3.074500000000000000e+04,3.096000000000000000e+04,3.117500000000000000e+04,3.139000000000000000e+04,3.160500000000000000e+04,3.182000000000000000e+04,3.203500000000000000e+04,3.225000000000000000e+04,3.246500000000000000e+04,3.268000000000000000e+04,3.289500000000000000e+04,3.311000000000000000e+04,3.332500000000000000e+04,3.354000000000000000e+04,3.375500000000000000e+04,3.397000000000000000e+04,3.418500000000000000e+04,3.440000000000000000e+04,3.461500000000000000e+04,3.483000000000000000e+04,3.504500000000000000e+04,3.526000000000000000e+04,3.547500000000000000e+04,3.569000000000000000e+04,3.590500000000000000e+04,3.612000000000000000e+04,3.633500000000000000e+04,3.655000000000000000e+04,3.676500000000000000e+04,3.698000000000000000e+04,3.719500000000000000e+04,3.741000000000000000e+04,3.762500000000000000e+04,3.784000000000000000e+04,3.805500000000000000e+04,3.827000000000000000e+04,3.848500000000000000e+04,3.870000000000000000e+04,3.891500000000000000e+04,3.913000000000000000e+04,3.934500000000000000e+04,3.956000000000000000e+04,3.977500000000000000e+04,3.999000000000000000e+04,4.020500000000000000e+04,4.042000000000000000e+04,4.063500000000000000e+04,4.085000000000000000e+04,4.106500000000000000e+04,4.128000000000000000e+04,4.149500000000000000e+04,4.171000000000000000e+04,4.192500000000000000e+04,4.214000000000000000e+04,4.235500000000000000e+04,4.257000000000000000e+04,4.278500000000000000e+04,4.300000000000000000e+04,4.321500000000000000e+04,4.343000000000000000e+04,4.364500000000000000e+04,4.386000000000000000e+04,4.407500000000000000e+04,4.429000000000000000e+04,4.450500000000000000e+04,4.472000000000000000e+04,4.493500000000000000e+04,4.515000000000000000e+04,4.536500000000000000e+04,4.558000000000000000e+04,4.579500000000000000e+04,4.601000000000000000e+04,4.622500000000000000e+04,4.644000000000000000e+04,4.665500000000000000e+04,4.687000000000000000e+04,4.708500000000000000e+04,4.730000000000000000e+04,4.751500000000000000e+04,4.773000000000000000e+04,4.794500000000000000e+04,4.816000000000000000e+04,4.837500000000000000e+04,4.859000000000000000e+04,4.880500000000000000e+04,4.902000000000000000e+04,4.923500000000000000e+04,4.945000000000000000e+04,4.966500000000000000e+04,4.988000000000000000e+04,5.009500000000000000e+04,5.031000000000000000e+04,5.052500000000000000e+04,5.074000000000000000e+04,5.095500000000000000e+04,5.117000000000000000e+04,5.138500000000000000e+04,5.160000000000000000e+04,5.181500000000000000e+04,5.203000000000000000e+04,5.224500000000000000e+04,5.246000000000000000e+04,5.267500000000000000e+04,5.289000000000000000e+04,5.310500000000000000e+04,5.332000000000000000e+04,5.353500000000000000e+04,5.375000000000000000e+04,5.396500000000000000e+04,5.418000000000000000e+04,5.439500000000000000e+04,5.461000000000000000e+04,5.482500000000000000e+04,5.504000000000000000e+04,5.525500000000000000e+04,5.547000000000000000e+04,5.568500000000000000e+04,5.590000000000000000e+04,5.611500000000000000e+04,5.633000000000000000e+04,5.654500000000000000e+04,5.676000000000000000e+04,5.697500000000000000e+04,5.719000000000000000e+04,5.740500000000000000e+04,5.762000000000000000e+04,5.783500000000000000e+04,5.805000000000000000e+04,5.826500000000000000e+04,5.848000000000000000e+04,5.869500000000000000e+04,5.891000000000000000e+04,5.912500000000000000e+04,5.934000000000000000e+04,5.955500000000000000e+04,5.977000000000000000e+04,5.998500000000000000e+04,6.020000000000000000e+04,6.041500000000000000e+04,6.063000000000000000e+04,6.084500000000000000e+04,6.106000000000000000e+04,6.127500000000000000e+04,6.149000000000000000e+04,6.170500000000000000e+04,6.192000000000000000e+04,6.213500000000000000e+04,6.235000000000000000e+04,6.256500000000000000e+04,6.278000000000000000e+04,6.299500000000000000e+04,6.321000000000000000e+04,6.342500000000000000e+04,6.364000000000000000e+04,6.385500000000000000e+04,6.407000000000000000e+04,6.428500000000000000e+04
0.000000000000000000e+00,2.160000000000000000e+02,4.320000000000000000e+02,6.480000000000000000e+02,8.640000000000000000e+02,1.080000000000000000e+03,1.296000000000000000e+03,1.512000000000000000e+03,1.728000000000000000e+03,1.944000000000000000e+03,2.160000000000000000e+03,2.376000000000000000e+03,2.592000000000000000e+03,2.808000000000000000e+03,3.024000000000000000e+03,3.240000000000000000e+03,3.456000000000000000e+03,3.672000000000000000e+03,3.888000000000000000e+03,4.104000000000000000e+03,4.320000000000000000e+03,4.536000000000000000e+03,4.752000000000000000e+03,4.968000000000000000e+03,5.184000000000000000e+03,5.400000000000000000e+03,5.616000000000000000e+03,5.832000000000000000e+03,6.048000000000000000e+03,6.264000000000000000e+03,6.480000000000000000e+03,6.696000000000000000e+03,6.912000000000000000e+03,7.128000000000000000e+03,7.344000000000000000e+03,7.560000000000000000e+03,7.776000000000000000e+03,7.992000000000000000e+03,8.208000000000000000e+03,8.424000000000000000e+03,8.640000000000000000e+03,8.856000000000000000e+03,9.072000000000000000e+03,9.288000000000000000e+03,9.504000000000000000e+03,9.720000000000000000e+03,9.936000000000000000e+03,1.015200000000000000e+04,1.036800000000000000e+04,1.058400000000000000e+04,1.080000000000000000e+04,1.101600000000000000e+04,1.123200000000000000e+04,1.144800000000000000e+04,1.166400000000000000e+04,1.188000000000000000e+04,1.209600000000000000e+04,1.231200000000000000e+04,1.252800000000000000e+04,1.274400000000000000e+04,1.296000000000000000e+04,1.317600000000000000e+04,1.339200000000000000e+04,1.360800000000000000e+04,1.382400000000000000e+04,1.404000000000000000e+04,1.425600000000000000e+04,1.447200000000000000e+04,1.468800000000000000e+04,1.490400000000000000e+04,1.512000000000000000e+04,1.533600000000000000e+04,1.555200000000000000e+04,1.576800000000000000e+04,1.598400000000000000e+04,1.620000000000000000e+04,1.641600000000000000e+04,1.663200000000000000e+04,1.684800000000000000e+04,1.706400000000000000e+04,1.728000000000000000e+04,1.749600000000000000e+04,1.771200000000000000e+04,1.792800000000000000e+04,1.814400000000000000e+04,1.836000000000000000e+04,1.857600000000000000e+04,1.879200000000000000e+04,1.900800000000000000e+04,1.922400000000000000e+04,1.944000000000000000e+04,1.965600000000000000e+04,1.987200000000000000e+04,2.008800000000000000e+04,2.030400000000000000e+04,2.052000000000000000e+04,2.073600000000000000e+04,2.095200000000000000e+04,2.116800000000000000e+04,2.138400000000000000e+04,2.160000000000000000e+04,2.181600000000000000e+04,2.203200000000000000e+04,2.224800000000000000e+04,2.246400000000000000e+04,2.268000000000000000e+04,2.289600000000000000e+04,2.311200000000000000e+04,2.332800000000000000e+04,2.354400000000000000e+04,2.376000000000000000e+04,2.397600000000000000e+04,2.419200000000000000e+04,2.440800000000000000e+04,2.462400000000000000e+04,2.484000000000000000e+04,2.505600000000000000e+04,2.527200000000000000e+04,2.548800000000000000e+04,2.570400000000000000e+04,2.592000000000000000e+04,2.613600000000000000e+04,2.635200000000000000e+04,2.656800000000000000e+04,2.678400000000000000e+04,2.700000000000000000e+04,2.721600000000000000e+04,2.743200000000000000e+04,2.764800000000000000e+04,2.786400000000000000e+04,2.808000000000000000e+04,2.829600000000000000e+04,2.851200000000000000e+04,2.872800000000000000e+04,2.894400000000000000e+04,2.916000000000000000e+04,2.937600000000000000e+04,2.959200000000000000e+04,2.980800000000000000e+04,3.002400000000000000e+04,3.024000000000000000e+04,3.045600000000000000e+04,3.067200000000000000e+04,3.088800000000000000e+04,3.110400000000000000e+04,3.132000000000000000e+04,3.153600000000000000e+04,3.175200000000000000e+04,3.196800000000000000e+04,3.218400000000000000e+04,3.240000000000000000e+04,3.261600000000000000e+04,3.283200000000000000e+04,3.304800000000000000e+04,3.326400000000000000e+04,3.348000000000000000e+04,3.369600000000000000e+04,3.391200000000000000e+04,3.412800000000000000e+04,3.434400000000000000e+04,3.456000000000000000e+04,3.477600000000000000e+04,3.499200000000000000e+04,3.520800000000000000e+04,3.542400000000000000e+04,3.564000000000000000e+04,3.585600000000000000e+04,3.607200000000000000e+04,3.628800000000000000e+04,3.650400000000000000e+04,3.672000000000000000e+04,3.693600000000000000e+04,3.715200000000000000e+04,3.736800000000000000e+04,3.758400000000000000e+04,3.780000000000000000e+04,3.801600000000000000e+04,3.823200000000000000e+04,3.844800000000000000e+04,3.866400000000000000e+04,3.888000000000000000e+04,3.909600000000000000e+04,3.931200000000000000e+04,3.952800000000000000e+04,3.974400000000000000e+04,3.996000000000000000e+04,4.017600000000000000e+04,4.039200000000000000e+04,4.060800000000000000e+04,4.082400000000000000e+04,4.104000000000000000e+04,4.125600000000000000e+04,4.147200000000000000e+04,4.168800000000000000e+04,4.190400000000000000e+04,4.212000000000000000e+04,4.233600000000000000e+04,4.255200000000000000e+04,4.276800000000000000e+04,4.298400000000000000e+04,4.320000000000000000e+04,4.341600000000000000e+04,4.363200000000000000e+04,4.384800000000000000e+04,4.406400000000000000e+04,4.428000000000000000e+04,4.449600000000000000e+04,4.471200000000000000e+04,4.492800000000000000e+04,4.514400000000000000e+04,4.536000000000000000e+04,4.557600000000000000e+04,4.579200000000000000e+04,4.600800000000000000e+04,4.622400000000000000e+04,4.644000000000000000e+04,4.665600000000000000e+04,4.687200000000000000e+04,4.708800000000000000e+04,4.730400000000000000e+04,4.752000000000000000e+04,4.773600000000000000e+04,4.795200000000000000e+04,4.816800000000000000e+04,4.838400000000000000e+04,4.860000000000000000e+04,4.881600000000000000e+04,4.903200000000000000e+04,4.924800000000000000e+04,4.946400000000000000e+04,4.968000000000000000e+04,4.989600000000000000e+04,5.011200000000000000e+04,5.032800000000000000e+04,5.054400000000000000e+04,5.076000000000000000e+04,5.097600000000000000e+04,5.119200000000000000e+04,5.140800000000000000e+04,5.162400000000000000e+04,5.184000000000000000e+04,5.205600000000000000e+04,5.227200000000000000e+04,5.248800000000000000e+04,5.270400000000000000e+04,5.292000000000000000e+04,5.313600000000000000e+04,5.335200000000000000e+04,5.356800000000000000e+04,5.378400000000000000e+04,5.400000000000000000e+04,5.421600000000000000e+04,5.443200000000000000e+04,5.464800000000000000e+04,5.486400000000000000e+04,5.508000000000000000e+04,5.529600000000000000e+04,5.551200000000000000e+04,5.572800000000000000e+04,5.594400000000000000e+04,5.616000000000000000e+04,5.637600000000000000e+04,5.659200000000000000e+04,5.680800000000000000e+04,5.702400000000000000e+04,5.724000000000000000e+04,5.745600000000000000e+04,5.767200000000000000e+04,5.788800000000000000e+04,5.810400000000000000e+04,5.832000000000000000e+04,5.853600000000000000e+04,5.875200000000000000e+04,5.896800000000000000e+04,5.918400000000000000e+04,5.940000000000000000e+04,5.961600000000000000e+04,5.983200000000000000e+04,6.004800000000000000e+04,6.026400000000000000e+04,6.048000000000000000e+04,6.069600000000000000e+04,6.091200000000000000e+04,6.112800000000000000e+04,6.134400000000000000e+04,6.156000000000000000e+04,6.177600000000000000e+04,6.199200000000000000e+04,6.220800000000000000e+04,6.242400000000000000e+04,6.264000000000000000e+04,6.285600000000000000e+04,6.307200000000000000e+04,6.328800000000000000e+04,6.350400000000000000e+04,6.372000000000000000e+04,6.393600000000000000e+04,6.415200000000000000e+04,6.436800000000000000e+04,6.458400000000000000e+04
0.000000000000000000e+00,2.170000000000000000e+02,4.340000000000000000e+02,6.510000000000000000e+02,8.680000000000000000e+02,1.085000000000000000e+03,1.302000000000000000e+03,1.519000000000000000e+03,1.736000000000000000e+03,1.953000000000000000e+03,2.170000000000000000e+03,2.387000000000000000e+03,2.604000000000000000e+03,2.821000000000000000e+03,3.038000000000000000e+03,3.255000000000000000e+03,3.472000000000000000e+03,3.689000000000000000e+03,3.906000000000000000e+03,4.123000000000000000e+03,4.340000000000000000e+03,4.557000000000000000e+03,4.774000000000000000e+03,4.991000000000000000e+03,5.208000000000000000e+03,5.425000000000000000e+03,5.642000000000000000e+03,5.859000000000000000e+03,6.076000000000000000e+03,6.293000000000000000e+03,6.510000000000000000e+03,6.727000000000000000e+03,6.944000000000000000e+03,7.161000000000000000e+03,7.378000000000000000e+03,7.595000000000000000e+03,7.812000000000000000e+03,8.029000000000000000e+03,8.246000000000000000e+03,8.463000000000000000e+03,8.680000000000000000e+03,8.897000000000000000e+03,9.114000000000000000e+03,9.331000000000000000e+03,9.548000000000000000e+03,9.765000000000000000e+03,9.982000000000000000e+03,1.019900000000000000e+04,1.041600000000000000e+04,1.063300000000000000e+04,1.085000000000000000e+04,1.106700000000000000e+04,1.128400000000000000e+04,1.150100000000000000e+04,1.171800000000000000e+04,1.193500000000000000e+04,1.215200000000000000e+04,1.236900000000000000e+04,1.258600000000000000e+04,1.280300000000000000e+04,1.302000000000000000e+04,1.323700000000000000e+04,1.345400000000000000e+04,1.367100000000000000e+04,1.388800000000000000e+04,1.410500000000000000e+04,1.432200000000000000e+04,1.453900000000000000e+04,1.475600000000000000e+04,1.497300000000000000e+04,1.519000000000000000e+04,1.540700000000000000e+04,1.562400000000000000e+04,1.584100000000000000e+04,1.605800000000000000e+04,1.627500000000000000e+04,1.649200000000000000e+04,1.670900000000000000e+04,1.692600000000000000e+04,1.714300000000000000e+04,1.736000000000000000e+04,1.757700000000000000e+04,1.779400000000000000e+04,1.801100000000000000e+04,1.822800000000000000e+04,1.844500000000000000e+04,1.866200000000000000e+04,1.887900000000000000e+04,1.909600000000000000e+04,1.931300000000000000e+04,1.953000000000000000e+04,1.974700000000000000e+04,1.996400000000000000e+04,2.018100000000000000e+04,2.039800000000000000e+04,2.061500000000000000e+04,2.083200000000000000e+04,2.104900000000000000e+04,2.126600000000000000e+04,2.148300000000000000e+04,2.170000000000000000e+04,2.191700000000000000e+04,2.213400000000000000e+04,2.235100000000000000e+04,2.256800000000000000e+04,2.278500000000000000e+04,2.300200000000000000e+04,2.321900000000000000e+04,2.343600000000000000e+04,2.365300000000000000e+04,2.387000000000000000e+04,2.408700000000000000e+04,2.430400000000000000e+04,2.452100000000000000e+04,2.473800000000000000e+04,2.495500000000000000e+04,2.517200000000000000e+04,2.538900000000000000e+04,2.560600000000000000e+04,2.582300000000000000e+04,2.604000000000000000e+04,2.625700000000000000e+04,2.647400000000000000e+04,2.669100000000000000e+04,2.690800000000000000e+04,2.712500000000000000e+04,2.734200000000000000e+04,2.755900000000000000e+04,2.777600000000000000e+04,2.799300000000000000e+04,2.821000000000000000e+04,2.842700000000000000e+04,2.864400000000000000e+04,2.886100000000000000e+04,2.907800000000000000e+04,2.929500000000000000e+04,2.951200000000000000e+04,2.972900000000000000e+04,2.994600000000000000e+04,3.016300000000000000e+04,3.038000000000000000e+04,3.059700000000000000e+04,3.081400000000000000e+04,3.103100000000000000e+04,3.124800000000000000e+04,3.146500000000000000e+04,3.168200000000000000e+04,3.189900000000000000e+04,3.211600000000000000e+04,3.233300000000000000e+04,3.255000000000000000e+04,3.276700000000000000e+04,3.298400000000000000e+04,3.320100000000000000e+04,3.341800000000000000e+04,3.363500000000000000e+04,3.385200000000000000e+04,3.406900000000000000e+04,3.428600000000000000e+04,3.450300000000000000e+04,3.472000000000000000e+04,3.493700000000000000e+04,3.515400000000000000e+04,3.537100000000000000e+04,3.558800000000000000e+04,3.580500000000000000e+04,3.602200000000000000e+04,3.623900000000000000e+04,3.645600000000000000e+04,3.667300000000000000e+04,3.689000000000000000e+04,3.710700000000000000e+04,3.732400000000000000e+04,3.754100000000000000e+04,3.775800000000000000e+04,3.797500000000000000e+04,3.819200000000000000e+04,3.840900000000000000e+04,3.862600000000000000e+04,3.884300000000000000e+04,3.906000000000000000e+04,3.927700000000000000e+04,3.949400000000000000e+04,3.971100000000000000e+04,3.992800000000000000e+04,4.014500000000000000e+04,4.036200000000000000e+04,4.057900000000000000e+04,4.079600000000000000e+04,4.101300000000000000e+04,4.123000000000000000e+04,4.144700000000000000e+04,4.166400000000000000e+04,4.188100000000000000e+04,4.209800000000000000e+04,4.231500000000000000e+04,4.253200000000000000e+04,4.274900000000000000e+04,4.296600000000000000e+04,4.318300000000000000e+04,4.340000000000000000e+04,4.361700000000000000e+04,4.383400000000000000e+04,4.405100000000000000e+04,4.426800000000000000e+04,4.448500000000000000e+04,4.470200000000000000e+04,4.491900000000000000e+04,4.513600000000000000e+04,4.535300000000000000e+04,4.557000000000000000e+04,4.578700000000000000e+04,4.600400000000000000e+04,4.622100000000000000e+04,4.643800000000000000e+04,4.665500000000000000e+04,4.687200000000000000e+04,4.708900000000000000e+04,4.730600000000000000e+04,4.752300000000000000e+04,4.774000000000000000e+04,4.795700000000000000e+04,4.817400000000000000e+04,4.839100000000000000e+04,4.860800000000000000e+04,4.882500000000000000e+04,4.904200000000000000e+04,4.925900000000000000e+04,4.947600000000000000e+04,4.969300000000000000e+04,4.991000000000000000e+04,5.012700000000000000e+04,5.034400000000000000e+04,5.056100000000000000e+04,5.077800000000000000e+04,5.099500000000000000e+04,5.121200000000000000e+04,5.142900000000000000e+04,5.164600000000000000e+04,5.186300000000000000e+04,5.208000000000000000e+04,5.229700000000000000e+04,5.251400000000000000e+04,5.273100000000000000e+04,5.294800000000000000e+04,5.316500000000000000e+04,5.338200000000000000e+04,5.359900000000000000e+04,5.381600000000000000e+04,5.403300000000000000e+04,5.425000000000000000e+04,5.446700000000000000e+04,5.468400000000000000e+04,5.490100000000000000e+04,5.511800000000000000e+04,5.533500000000000000e+04,5.555200000000000000e+04,5.576900000000000000e+04,5.598600000000000000e+04,5.620300000000000000e+04,5.642000000000000000e+04,5.663700000000000000e+04,5.685400000000000000e+04,5.707100000000000000e+04,5.728800000000000000e+04,5.750500000000000000e+04,5.772200000000000000e+04,5.793900000000000000e+04,5.815600000000000000e+04,5.837300000000000000e+04,5.859000000000000000e+04,5.880700000000000000e+04,5.902400000000000000e+04,5.924100000000000000e+04,5.945800000000000000e+04,5.967500000000000000e+04,5.989200000000000000e+04,6.010900000000000000e+04,6.032600000000000000e+04,6.054300000000000000e+04,6.076000000000000000e+04,6.097700000000000000e+04,6.119400000000000000e+04,6.141100000000000000e+04,6.162800000000000000e+04,6.184500000000000000e+04,6.206200000000000000e+04,6.227900000000000000e+04,6.249600000000000000e+04,6.271300000000000000e+04,6.293000000000000000e+04,6.314700000000000000e+04,6.336400000000000000e+04,6.358100000000000000e+04,6.379800000000000000e+04,6.401500000000000000e+04,6.423200000000000000e+04,6.444900000000000000e+04,6.466600000000000000e+04,6.488300000000000000e+04
0.000000000000000000e+00,2.180000000000000000e+02,4.360000000000000000e+02,6.540000000000000000e+02,8.720000000000000000e+02,1.090000000000000000e+03,1.308000000000000000e+03,1.526000000000000000e+03,1.744000000000000000e+03,1.962000000000000000e+03,2.180000000000000000e+03,2.398000000000000000e+03,2.616000000000000000e+03,2.834000000000000000e+03,3.052000000000000000e+03,3.270000000000000000e+03,3.488000000000000000e+03,3.706000000000000000e+03,3.924000000000000000e+03,4.142000000000000000e+03,4.360000000000000000e+03,4.578000000000000000e+03,4.796000000000000000e+03,5.014000000000000000e+03,5.232000000000000000e+03,5.450000000000000000e+03,5.668000000000000000e+03,5.886000000000000000e+03,6.104000000000000000e+03,6.322000000000000000e+03,6.540000000000000000e+03,6.758000000000000000e+03,6.976000000000000000e+03,7.194000000000000000e+03,7.412000000000000000e+03,7.630000000000000000e+03,7.848000000000000000e+03,8.066000000000000000e+03,8.284000000000000000e+03,8.502000000000000000e+03,8.720000000000000000e+03,8.938000000000000000e+03,9.156000000000000000e+03,9.374000000000000000e+03,9.592000000000000000e+03,9.810000000000000000e+03,1.002800000000000000e+04,1.024600000000000000e+04,1.046400000000000000e+04,1.068200000000000000e+04,1.090000000000000000e+04,1.111800000000000000e+04,1.133600000000000000e+04,1.155400000000000000e+04,1.177200000000000000e+04,1.199000000000000000e+04,1.220800000000000000e+04,1.242600000000000000e+04,1.264400000000000000e+04,1.286200000000000000e+04,1.308000000000000000e+04,1.329800000000000000e+04,1.351600000000000000e+04,1.373400000000000000e+04,1.395200000000000000e+04,1.417000000000000000e+04,1.438800000000000000e+04,1.460600000000000000e+04,1.482400000000000000e+04,1.504200000000000000e+04,1.526000000000000000e+04,1.547800000000000000e+04,1.569600000000000000e+04,1.591400000000000000e+04,1.613200000000000000e+04,1.635000000000000000e+04,1.656800000000000000e+04,1.678600000000000000e+04,1.700400000000000000e+04,1.722200000000000000e+04,1.744000000000000000e+04,1.765800000000000000e+04,1.787600000000000000e+04,1.809400000000000000e+04,1.831200000000000000e+04,1.853000000000000000e+04,1.874800000000000000e+04,1.896600000000000000e+04,1.918400000000000000e+04,1.940200000000000000e+04,1.962000000000000000e+04,1.983800000000000000e+04,2.005600000000000000e+04,2.027400000000000000e+04,2.049200000000000000e+04,2.071000000000000000e+04,2.092800000000000000e+04,2.114600000000000000e+04,2.136400000000000000e+04,2.158200000000000000e+04,2.180000000000000000e+04,2.201800000000000000e+04,2.223600000000000000e+04,2.245400000000000000e+04,2.267200000000000000e+04,2.289000000000000000e+04,2.310800000000000000e+04,2.332600000000000000e+04,2.354400000000000000e+04,2.376200000000000000e+04,2.398000000000000000e+04,2.419800000000000000e+04,2.441600000000000000e+04,2.463400000000000000e+04,2.485200000000000000e+04,2.507000000000000000e+04,2.528800000000000000e+04,2.550600000000000000e+04,2.572400000000000000e+04,2.594200000000000000e+04,2.616000000000000000e+04,2.637800000000000000e+04,2.659600000000000000e+04,2.681400000000000000e+04,2.703200000000000000e+04,2.725000000000000000e+04,2.746800000000000000e+04,2.768600000000000000e+04,2.790400000000000000e+04,2.812200000000000000e+04,2.834000000000000000e+04,2.855800000000000000e+04,2.877600000000000000e+04,2.899400000000000000e+04,2.921200000000000000e+04,2.943000000000000000e+04,2.964800000000000000e+04,2.986600000000000000e+04,3.008400000000000000e+04,3.030200000000000000e+04,3.052000000000000000e+04,3.073800000000000000e+04,3.095600000000000000e+04,3.117400000000000000e+04,3.139200000000000000e+04,3.161000000000000000e+04,3.182800000000000000e+04,3.204600000000000000e+04,3.226400000000000000e+04,3.248200000000000000e+04,3.270000000000000000e+04,3.291800000000000000e+04,3.313600000000000000e+04,3.335400000000000000e+04,3.357200000000000000e+04,3.379000000000000000e+04,3.400800000000000000e+04,3.422600000000000000e+04,3.444400000000000000e+04,3.466200000000000000e+04,3.488000000000000000e+04,3.509800000000000000e+04,3.531600000000000000e+04,3.553400000000000000e+04,3.575200000000000000e+04,3.597000000000000000e+04,3.618800000000000000e+04,3.640600000000000000e+04,3.662400000000000000e+04,3.684200000000000000e+04,3.706000000000000000e+04,3.727800000000000000e+04,3.749600000000000000e+04,3.771400000000000000e+04,3.793200000000000000e+04,3.815000000000000000e+04,3.836800000000000000e+04,3.858600000000000000e+04,3.880400000000000000e+04,3.902200000000000000e+04,3.924000000000000000e+04,3.945800000000000000e+04,3.967600000000000000e+04,3.989400000000000000e+04,4.011200000000000000e+04,4.033000000000000000e+04,4.054800000000000000e+04,4.076600000000000000e+04,4.098400000000000000e+04,4.120200000000000000e+04,4.142000000000000000e+04,4.163800000000000000e+04,4.185600000000000000e+04,4.207400000000000000e+04,4.229200000000000000e+04,4.251000000000000000e+04,4.272800000000000000e+04,4.294600000000000000e+04,4.316400000000000000e+04,4.338200000000000000e+04,4.360000000000000000e+04,4.381800000000000000e+04,4.403600000000000000e+04,4.425400000000000000e+04,4.447200000000000000e+04,4.469000000000000000e+04,4.490800000000000000e+04,4.512600000000000000e+04,4.534400000000000000e+04,4.556200000000000000e+04,4.578000000000000000e+04,4.599800000000000000e+04,4.621600000000000000e+04,4.643400000000000000e+04,4.665200000000000000e+04,4.687000000000000000e+04,4.708800000000000000e+04,4.730600000000000000e+04,4.752400000000000000e+04,4.774200000000000000e+04,4.796000000000000000e+04,4.817800000000000000e+04,4.839600000000000000e+04,4.861400000000000000e+04,4.883200000000000000e+04,4.905000000000000000e+04,4.926800000000000000e+04,4.948600000000000000e+04,4.970400000000000000e+04,4.992200000000000000e+04,5.014000000000000000e+04,5.035800000000000000e+04,5.057600000000000000e+04,5.079400000000000000e+04,5.101200000000000000e+04,5.123000000000000000e+04,5.144800000000000000e+04,5.166600000000000000e+04,5.188400000000000000e+04,5.210200000000000000e+04,5.232000000000000000e+04,5.253800000000000000e+04,5.275600000000000000e+04,5.297400000000000000e+04,5.319200000000000000e+04,5.341000000000000000e+04,5.362800000000000000e+04,5.384600000000000000e+04,5.406400000000000000e+04,5.428200000000000000e+04,5.450000000000000000e+04,5.471800000000000000e+04,5.493600000000000000e+04,5.515400000000000000e+04,5.537200000000000000e+04,5.559000000000000000e+04,5.580800000000000000e+04,5.602600000000000000e+04,5.624400000000000000e+04,5.646200000000000000e+04,5.668000000000000000e+04,5.689800000000000000e+04,5.711600000000000000e+04,5.733400000000000000e+04,5.755200000000000000e+04,5.777000000000000000e+04,5.798800000000000000e+04,5.820600000000000000e+04,5.842400000000000000e+04,5.864200000000000000e+04,5.886000000000000000e+04,5.907800000000000000e+04,5.929600000000000000e+04,5.951400000000000000e+04,5.973200000000000000e+04,5.995000000000000000e+04,6.016800000000000000e+04,6.038600000000000000e+04,6.060400000000000000e+04,6.082200000000000000e+04,6.104000000000000000e+04,6.125800000000000000e+04,6.147600000000000000e+04,6.169400000000000000e+04,6.191200000000000000e+04,6.213000000000000000e+04,6.234800000000000000e+04,6.256600000000000000e+04,6.278400000000000000e+04,6.300200000000000000e+04,6.322000000000000000e+04,6.343800000000000000e+04,6.365600000000000000e+04,6.387400000000000000e+04,6.409200000000000000e+04,6.431000000000000000e+04,6.452800000000000000e+04,6.474600000000000000e+04,6.496400000000000000e+04,6.518200000000000000e+04
0.000000000000000000e+00,2.190000000000000000e+02,4.380000000000000000e+02,6.570000000000000000e+02,8.760000000000000000e+02,1.095000000000000000e+03,1.314000000000000000e+03,1.533000000000000000e+03,1.752000000000000000e+03,1.971000000000000000e+03,2.190000000000000000e+03,2.409000000000000000e+03,2.628000000000000000e+03,2.847000000000000000e+03,3.066000000000000000e+03,3.285000000000000000e+03,3.504000000000000000e+03,3.723000000000000000e+03,3.942000000000000000e+03,4.161000000000000000e+03,4.380000000000000000e+03,4.599000000000000000e+03,4.818000000000000000e+03,5.037000000000000000e+03,5.256000000000000000e+03,5.475000000000000000e+03,5.694000000000000000e+03,5.913000000000000000e+03,6.132000000000000000e+03,6.351000000000000000e+03,6.570000000000000000e+03,6.789000000000000000e+03,7.008000000000000000e+03,7.227000000000000000e+03,7.446000000000000000e+03,7.665000000000000000e+03,7.884000000000000000e+03,8.103000000000000000e+03,8.322000000000000000e+03,8.541000000000000000e+03,8.760000000000000000e+03,8.979000000000000000e+03,9.198000000000000000e+03,9.417000000000000000e+03,9.636000000000000000e+03,9.855000000000000000e+03,1.007400000000000000e+04,1.029300000000000000e+04,1.051200000000000000e+04,1.073100000000000000e+04,1.095000000000000000e+04,1.116900000000000000e+04,1.138800000000000000e+04,1.160700000000000000e+04,1.182600000000000000e+04,1.204500000000000000e+04,1.226400000000000000e+04,1.248300000000000000e+04,1.270200000000000000e+04,1.292100000000000000e+04,1.314000000000000000e+04,1.335900000000000000e+04,1.357800000000000000e+04,1.379700000000000000e+04,1.401600000000000000e+04,1.423500000000000000e+04,1.445400000000000000e+04,1.467300000000000000e+04,1.489200000000000000e+04,1.511100000000000000e+04,1.533000000000000000e+04,1.554900000000000000e+04,1.576800000000000000e+04,1.598700000000000000e+04,1.620600000000000000e+04,1.642500000000000000e+04,1.664400000000000000e+04,1.686300000000000000e+04,1.708200000000000000e+04,1.730100000000000000e+04,1.752000000000000000e+04,1.773900000000000000e+04,1.795800000000000000e+04,1.817700000000000000e+04,1.839600000000000000e+04,1.861500000000000000e+04,1.883400000000000000e+04,1.905300000000000000e+04,1.927200000000000000e+04,1.949100000000000000e+04,1.971000000000000000e+04,1.992900000000000000e+04,2.014800000000000000e+04,2.036700000000000000e+04,2.058600000000000000e+04,2.080500000000000000e+04,2.102400000000000000e+04,2.124300000000000000e+04,2.146200000000000000e+04,2.168100000000000000e+04,2.190000000000000000e+04,2.211900000000000000e+04,2.233800000000000000e+04,2.255700000000000000e+04,2.277600000000000000e+04,2.299500000000000000e+04,2.321400000000000000e+04,2.343300000000000000e+04,2.365200000000000000e+04,2.387100000000000000e+04,2.409000000000000000e+04,2.430900000000000000e+04,2.452800000000000000e+04,2.474700000000000000e+04,2.496600000000000000e+04,2.518500000000000000e+04,2.540400000000000000e+04,2.562300000000000000e+04,2.584200000000000000e+04,2.606100000000000000e+04,2.628000000000000000e+04,2.649900000000000000e+04,2.671800000000000000e+04,2.693700000000000000e+04,2.715600000000000000e+04,2.737500000000000000e+04,2.759400000000000000e+04,2.781300000000000000e+04,2.803200000000000000e+04,2.825100000000000000e+04,2.847000000000000000e+04,2.868900000000000000e+04,2.890800000000000000e+04,2.912700000000000000e+04,2.934600000000000000e+04,2.956500000000000000e+04,2.978400000000000000e+04,3.000300000000000000e+04,3.022200000000000000e+04,3.044100000000000000e+04,3.066000000000000000e+04,3.087900000000000000e+04,3.109800000000000000e+04,3.131700000000000000e+04,3.153600000000000000e+04,3.175500000000000000e+04,3.197400000000000000e+04,3.219300000000000000e+04,3.241200000000000000e+04,3.263100000000000000e+04,3.285000000000000000e+04,3.306900000000000000e+04,3.328800000000000000e+04,3.350700000000000000e+04,3.372600000000000000e+04,3.394500000000000000e+04,3.416400000000000000e+04,3.438300000000000000e+04,3.460200000000000000e+04,3.482100000000000000e+04,3.504000000000000000e+04,3.525900000000000000e+04,3.547800000000000000e+04,3.569700000000000000e+04,3.591600000000000000e+04,3.613500000000000000e+04,3.635400000000000000e+04,3.657300000000000000e+04,3.679200000000000000e+04,3.701100000000000000e+04,3.723000000000000000e+04,3.744900000000000000e+04,3.766800000000000000e+04,3.788700000000000000e+04,3.810600000000000000e+04,3.832500000000000000e+04,3.854400000000000000e+04,3.876300000000000000e+04,3.898200000000000000e+04,3.920100000000000000e+04,3.942000000000000000e+04,3.963900000000000000e+04,3.985800000000000000e+04,4.007700000000000000e+04,4.029600000000000000e+04,4.051500000000000000e+04,4.073400000000000000e+04,4.095300000000000000e+04,4.117200000000000000e+04,4.139100000000000000e+04,4.161000000000000000e+04,4.182900000000000000e+04,4.204800000000000000e+04,4.226700000000000000e+04,4.248600000000000000e+04,4.270500000000000000e+04,4.292400000000000000e+04,4.314300000000000000e+04,4.336200000000000000e+04,4.358100000000000000e+04,4.380000000000000000e+04,4.401900000000000000e+04,4.423800000000000000e+04,4.445700000000000000e+04,4.467600000000000000e+04,4.489500000000000000e+04,4.511400000000000000e+04,4.533300000000000000e+04,4.555200000000000000e+04,4.577100000000000000e+04,4.599000000000000000e+04,4.620900000000000000e+04,4.642800000000000000e+04,4.664700000000000000e+04,4.686600000000000000e+04,4.708500000000000000e+04,4.730400000000000000e+04,4.752300000000000000e+04,4.774200000000000000e+04,4.796100000000000000e+04,4.818000000000000000e+04,4.839900000000000000e+04,4.861800000000000000e+04,4.883700000000000000e+04,4.905600000000000000e+04,4.927500000000000000e+04,4.949400000000000000e+04,4.971300000000000000e+04,4.993200000000000000e+04,5.015100000000000000e+04,5.037000000000000000e+04,5.058900000000000000e+04,5.080800000000000000e+04,5.102700000000000000e+04,5.124600000000000000e+04,5.146500000000000000e+04,5.168400000000000000e+04,5.190300000000000000e+04,5.212200000000000000e+04,5.234100000000000000e+04,5.256000000000000000e+04,5.277900000000000000e+04,5.299800000000000000e+04,5.321700000000000000e+04,5.343600000000000000e+04,5.365500000000000000e+04,5.387400000000000000e+04,5.409300000000000000e+04,5.431200000000000000e+04,5.453100000000000000e+04,5.475000000000000000e+04,5.496900000000000000e+04,5.518800000000000000e+04,5.540700000000000000e+04,5.562600000000000000e+04,5.584500000000000000e+04,5.606400000000000000e+04,5.628300000000000000e+04,5.650200000000000000e+04,5.672100000000000000e+04,5.694000000000000000e+04,5.715900000000000000e+04,5.737800000000000000e+04,5.759700000000000000e+04,5.781600000000000000e+04,5.803500000000000000e+04,5.825400000000000000e+04,5.847300000000000000e+04,5.869200000000000000e+04,5.891100000000000000e+04,5.913000000000000000e+04,5.934900000000000000e+04,5.956800000000000000e+04,5.978700000000000000e+04,6.000600000000000000e+04,6.022500000000000000e+04,6.044400000000000000e+04,6.066300000000000000e+04,6.088200000000000000e+04,6.110100000000000000e+04,6.132000000000000000e+04,6.153900000000000000e+04,6.175800000000000000e+04,6.197700000000000000e+04,6.219600000000000000e+04,6.241500000000000000e+04,6.263400000000000000e+04,6.285300000000000000e+04,6.307200000000000000e+04,6.329100000000000000e+04,6.351000000000000000e+04,6.372900000000000000e+04,6.394800000000000000e+04,6.416700000000000000e+04,6.438600000000000000e+04,6.460500000000000000e+04,6.482400000000000000e+04,6.504300000000000000e+04,6.526200000000000000e+04,6.548100000000000000e+04
0.000000000000000000e+00,2.200000000000000000e+02,4.400000000000000000e+02,6.600000000000000000e+02,8.800000000000000000e+02,1.100000000000000000e+03,1.320000000000000000e+03,1.540000000000000000e+03,1.760000000000000000e+03,1.980000000000000000e+03,2.200000000000000000e+03,2.420000000000000000e+03,2.640000000000000000e+03,2.860000000000000000e+03,3.080000000000000000e+03,3.300000000000000000e+03,3.520000000000000000e+03,3.740000000000000000e+03,3.960000000000000000e+03,4.180000000000000000e+03,4.400000000000000000e+03,4.620000000000000000e+03,4.840000000000000000e+03,5.060000000000000000e+03,5.280000000000000000e+03,5.500000000000000000e+03,5.720000000000000000e+03,5.940000000000000000e+03,6.160000000000000000e+03,6.380000000000000000e+03,6.600000000000000000e+03,6.820000000000000000e+03,7.040000000000000000e+03,7.260000000000000000e+03,7.480000000000000000e+03,7.700000000000000000e+03,7.920000000000000000e+03,8.140000000000000000e+03,8.360000000000000000e+03,8.580000000000000000e+03,8.800000000000000000e+03,9.020000000000000000e+03,9.240000000000000000e+03,9.460000000000000000e+03,9.680000000000000000e+03,9.900000000000000000e+03,1.012000000000000000e+04,1.034000000000000000e+04,1.056000000000000000e+04,1.078000000000000000e+04,1.100000000000000000e+04,1.122000000000000000e+04,1.144000000000000000e+04,1.166000000000000000e+04,1.188000000000000000e+04,1.210000000000000000e+04,1.232000000000000000e+04,1.254000000000000000e+04,1.276000000000000000e+04,1.298000000000000000e+04,1.320000000000000000e+04,1.342000000000000000e+04,1.364000000000000000e+04,1.386000000000000000e+04,1.408000000000000000e+04,1.430000000000000000e+04,1.452000000000000000e+04,1.474000000000000000e+04,1.496000000000000000e+04,1.518000000000000000e+04,1.540000000000000000e+04,1.562000000000000000e+04,1.584000000000000000e+04,1.606000000000000000e+04,1.628000000000000000e+04,1.650000000000000000e+04,1.672000000000000000e+04,1.694000000000000000e+04,1.716000000000000000e+04,1.738000000000000000e+04,1.760000000000000000e+04,1.782000000000000000e+04,1.804000000000000000e+04,1.826000000000000000e+04,1.848000000000000000e+04,1.870000000000000000e+04,1.892000000000000000e+04,1.914000000000000000e+04,1.936000000000000000e+04,1.958000000000000000e+04,1.980000000000000000e+04,2.002000000000000000e+04,2.024000000000000000e+04,2.046000000000000000e+04,2.068000000000000000e+04,2.090000000000000000e+04,2.112000000000000000e+04,2.134000000000000000e+04,2.156000000000000000e+04,2.178000000000000000e+04,2.200000000000000000e+04,2.222000000000000000e+04,2.244000000000000000e+04,2.266000000000000000e+04,2.288000000000000000e+04,2.310000000000000000e+04,2.332000000000000000e+04,2.354000000000000000e+04,2.376000000000000000e+04,2.398000000000000000e+04,2.420000000000000000e+04,2.442000000000000000e+04,2.464000000000000000e+04,2.486000000000000000e+04,2.508000000000000000e+04,2.530000000000000000e+04,2.552000000000000000e+04,2.574000000000000000e+04,2.596000000000000000e+04,2.618000000000000000e+04,2.640000000000000000e+04,2.662000000000000000e+04,2.684000000000000000e+04,2.706000000000000000e+04,2.728000000000000000e+04,2.750000000000000000e+04,2.772000000000000000e+04,2.794000000000000000e+04,2.816000000000000000e+04,2.838000000000000000e+04,2.860000000000000000e+04,2.882000000000000000e+04,2.904000000000000000e+04,2.926000000000000000e+04,2.948000000000000000e+04,2.970000000000000000e+04,2.992000000000000000e+04,3.014000000000000000e+04,3.036000000000000000e+04,3.058000000000000000e+04,3.080000000000000000e+04,3.102000000000000000e+04,3.124000000000000000e+04,3.146000000000000000e+04,3.168000000000000000e+04,3.190000000000000000e+04,3.212000000000000000e+04,3.234000000000000000e+04,3.256000000000000000e+04,3.278000000000000000e+04,3.300000000000000000e+04,3.322000000000000000e+04,3.344000000000000000e+04,3.366000000000000000e+04,3.388000000000000000e+04,3.410000000000000000e+04,3.432000000000000000e+04,3.454000000000000000e+04,3.476000000000000000e+04,3.498000000000000000e+04,3.520000000000000000e+04,3.542000000000000000e+04,3.564000000000000000e+04,3.586000000000000000e+04,3.608000000000000000e+04,3.630000000000000000e+04,3.652000000000000000e+04,3.674000000000000000e+04,3.696000000000000000e+04,3.718000000000000000e+04,3.740000000000000000e+04,3.762000000000000000e+04,3.784000000000000000e+04,3.806000000000000000e+04,3.828000000000000000e+04,3.850000000000000000e+04,3.872000000000000000e+04,3.894000000000000000e+04,3.916000000000000000e+04,3.938000000000000000e+04,3.960000000000000000e+04,3.982000000000000000e+04,4.004000000000000000e+04,4.026000000000000000e+04,4.048000000000000000e+04,4.070000000000000000e+04,4.092000000000000000e+04,4.114000000000000000e+04,4.136000000000000000e+04,4.158000000000000000e+04,4.180000000000000000e+04,4.202000000000000000e+04,4.224000000000000000e+04,4.246000000000000000e+04,4.268000000000000000e+04,4.290000000000000000e+04,4.312000000000000000e+04,4.334000000000000000e+04,4.356000000000000000e+04,4.378000000000000000e+04,4.400000000000000000e+04,4.422000000000000000e+04,4.444000000000000000e+04,4.466000000000000000e+04,4.488000000000000000e+04,4.510000000000000000e+04,4.532000000000000000e+04,4.554000000000000000e+04,4.576000000000000000e+04,4.598000000000000000e+04,4.620000000000000000e+04,4.642000000000000000e+04,4.664000000000000000e+04,4.686000000000000000e+04,4.708000000000000000e+04,4.730000000000000000e+04,4.752000000000000000e+04,4.774000000000000000e+04,4.796000000000000000e+04,4.818000000000000000e+04,4.840000000000000000e+04,4.862000000000000000e+04,4.884000000000000000e+04,4.906000000000000000e+04,4.928000000000000000e+04,4.950000000000000000e+04,4.972000000000000000e+04,4.994000000000000000e+04,5.016000000000000000e+04,5.038000000000000000e+04,5.060000000000000000e+04,5.082000000000000000e+04,5.104000000000000000e+04,5.126000000000000000e+04,5.148000000000000000e+04,5.170000000000000000e+04,5.192000000000000000e+04,5.214000000000000000e+04,5.236000000000000000e+04,5.258000000000000000e+04,5.280000000000000000e+04,5.302000000000000000e+04,5.324000000000000000e+04,5.346000000000000000e+04,5.368000000000000000e+04,5.390000000000000000e+04,5.412000000000000000e+04,5.434000000000000000e+04,5.456000000000000000e+04,5.478000000000000000e+04,5.500000000000000000e+04,5.522000000000000000e+04,5.544000000000000000e+04,5.566000000000000000e+04,5.588000000000000000e+04,5.610000000000000000e+04,5.632000000000000000e+04,5.654000000000000000e+04,5.676000000000000000e+04,5.698000000000000000e+04,5.720000000000000000e+04,5.742000000000000000e+04,5.764000000000000000e+04,5.786000000000000000e+04,5.808000000000000000e+04,5.830000000000000000e+04,5.852000000000000000e+04,5.874000000000000000e+04,5.896000000000000000e+04,5.918000000000000000e+04,5.940000000000000000e+04,5.962000000000000000e+04,5.984000000000000000e+04,6.006000000000000000e+04,6.028000000000000000e+04,6.050000000000000000e+04,6.072000000000000000e+04,6.094000000000000000e+04,6.116000000000000000e+04,6.138000000000000000e+04,6.160000000000000000e+04,6.182000000000000000e+04,6.204000000000000000e+04,6.226000000000000000e+04,6.248000000000000000e+04,6.270000000000000000e+04,6.292000000000000000e+04,6.314000000000000000e+04,6.336000000000000000e+04,6.358000000000000000e+04,6.380000000000000000e+04,6.402000000000000000e+04,6.424000000000000000e+04,6.446000000000000000e+04,6.468000000000000000e+04,6.490000000000000000e+04,6.512000000000000000e+04,6.534000000000000000e+04,6.556000000000000000e+04,6.578000000000000000e+04
0.000000000000000000e+00,2.210000000000000000e+02,4.420000000000000000e+02,6.630000000000000000e+02,8.840000000000000000e+02,1.105000000000000000e+03,1.326000000000000000e+03,1.547000000000000000e+03,1.768000000000000000e+03,1.989000000000000000e+03,2.210000000000000000e+03,2.431000000000000000e+03,2.652000000000000000e+03,2.873000000000000000e+03,3.094000000000000000e+03,3.315000000000000000e+03,3.536000000000000000e+03,3.757000000000000000e+03,3.978000000000000000e+03,4.199000000000000000e+03,4.420000000000000000e+03,4.641000000000000000e+03,4.862000000000000000e+03,5.083000000000000000e+03,5.304000000000000000e+03,5.525000000000000000e+03,5.746000000000000000e+03,5.967000000000000000e+03,6.188000000000000000e+03,6.409000000000000000e+03,6.630000000000000000e+03,6.851000000000000000e+03,7.072000000000000000e+03,7.293000000000000000e+03,7.514000000000000000e+03,7.735000000000000000e+03,7.956000000000000000e+03,8.177000000000000000e+03,8.398000000000000000e+03,8.619000000000000000e+03,8.840000000000000000e+03,9.061000000000000000e+03,9.282000000000000000e+03,9.503000000000000000e+03,9.724000000000000000e+03,9.945000000000000000e+03,1.016600000000000000e+04,1.038700000000000000e+04,1.060800000000000000e+04,1.082900000000000000e+04,1.105000000000000000e+04,1.127100000000000000e+04,1.149200000000000000e+04,1.171300000000000000e+04,1.193400000000000000e+04,1.215500000000000000e+04,1.237600000000000000e+04,1.259700000000000000e+04,1.281800000000000000e+04,1.303900000000000000e+04,1.326000000000000000e+04,1.348100000000000000e+04,1.370200000000000000e+04,1.392300000000000000e+04,1.414400000000000000e+04,1.436500000000000000e+04,1.458600000000000000e+04,1.480700000000000000e+04,1.502800000000000000e+04,1.524900000000000000e+04,1.547000000000000000e+04,1.569100000000000000e+04,1.591200000000000000e+04,1.613300000000000000e+04,1.635400000000000000e+04,1.657500000000000000e+04,1.679600000000000000e+04,1.701700000000000000e+04,1.723800000000000000e+04,1.745900000000000000e+04,1.768000000000000000e+04,1.790100000000000000e+04,1.812200000000000000e+04,1.834300000000000000e+04,1.856400000000000000e+04,1.878500000000000000e+04,1.900600000000000000e+04,1.922700000000000000e+04,1.944800000000000000e+04,1.966900000000000000e+04,1.989000000000000000e+04,2.011100000000000000e+04,2.033200000000000000e+04,2.055300000000000000e+04,2.077400000000000000e+04,2.099500000000000000e+04,2.121600000000000000e+04,2.143700000000000000e+04,2.165800000000000000e+04,2.187900000000000000e+04,2.210000000000000000e+04,2.232100000000000000e+04,2.254200000000000000e+04,2.276300000000000000e+04,2.298400000000000000e+04,2.320500000000000000e+04,2.342600000000000000e+04,2.364700000000000000e+04,2.386800000000000000e+04,2.408900000000000000e+04,2.431000000000000000e+04,2.453100000000000000e+04,2.475200000000000000e+04,2.497300000000000000e+04,2.519400000000000000e+04,2.541500000000000000e+04,2.563600000000000000e+04,2.585700000000000000e+04,2.607800000000000000e+04,2.629900000000000000e+04,2.652000000000000000e+04,2.674100000000000000e+04,2.696200000000000000e+04,2.718300000000000000e+04,2.740400000000000000e+04,2.762500000000000000e+04,2.784600000000000000e+04,2.806700000000000000e+04,2.828800000000000000e+04,2.850900000000000000e+04,2.873000000000000000e+04,2.895100000000000000e+04,2.917200000000000000e+04,2.939300000000000000e+04,2.961400000000000000e+04,2.983500000000000000e+04,3.005600000000000000e+04,3.027700000000000000e+04,3.049800000000000000e+04,3.071900000000000000e+04,3.094000000000000000e+04,3.116100000000000000e+04,3.138200000000000000e+04,3.160300000000000000e+04,3.182400000000000000e+04,3.204500000000000000e+04,3.226600000000000000e+04,3.248700000000000000e+04,3.270800000000000000e+04,3.292900000000000000e+04,3.315000000000000000e+04,3.337100000000000000e+04,3.359200000000000000e+04,3.381300000000000000e+04,3.403400000000000000e+04,3.425500000000000000e+04,3.447600000000000000e+04,3.469700000000000000e+04,3.491800000000000000e+04,3.513900000000000000e+04,3.536000000000000000e+04,3.558100000000000000e+04,3.580200000000000000e+04,3.602300000000000000e+04,3.624400000000000000e+04,3.646500000000000000e+04,3.668600000000000000e+04,3.690700000000000000e+04,3.712800000000000000e+04,3.734900000000000000e+04,3.757000000000000000e+04,3.779100000000000000e+04,3.801200000000000000e+04,3.823300000000000000e+04,3.845400000000000000e+04,3.867500000000000000e+04,3.889600000000000000e+04,3.911700000000000000e+04,3.933800000000000000e+04,3.955900000000000000e+04,3.978000000000000000e+04,4.000100000000000000e+04,4.022200000000000000e+04,4.044300000000000000e+04,4.066400000000000000e+04,4.088500000000000000e+04,4.110600000000000000e+04,4.132700000000000000e+04,4.154800000000000000e+04,4.176900000000000000e+04,4.199000000000000000e+04,4.221100000000000000e+04,4.243200000000000000e+04,4.265300000000000000e+04,4.287400000000000000e+04,4.309500000000000000e+04,4.331600000000000000e+04,4.353700000000000000e+04,4.375800000000000000e+04,4.397900000000000000e+04,4.420000000000000000e+04,4.442100000000000000e+04,4.464200000000000000e+04,4.486300000000000000e+04,4.508400000000000000e+04,4.530500000000000000e+04,4.552600000000000000e+04,4.574700000000000000e+04,4.596800000000000000e+04,4.618900000000000000e+04,4.641000000000000000e+04,4.663100000000000000e+04,4.685200000000000000e+04,4.707300000000000000e+04,4.729400000000000000e+04,4.751500000000000000e+04,4.773600000000000000e+04,4.795700000000000000e+04,4.817800000000000000e+04,4.839900000000000000e+04,4.862000000000000000e+04,4.884100000000000000e+04,4.906200000000000000e+04,4.928300000000000000e+04,4.950400000000000000e+04,4.972500000000000000e+04,4.994600000000000000e+04,5.016700000000000000e+04,5.038800000000000000e+04,5.060900000000000000e+04,5.083000000000000000e+04,5.105100000000000000e+04,5.127200000000000000e+04,5.149300000000000000e+04,5.171400000000000000e+04,5.193500000000000000e+04,5.215600000000000000e+04,5.237700000000000000e+04,5.259800000000000000e+04,5.281900000000000000e+04,5.304000000000000000e+04,5.326100000000000000e+04,5.348200000000000000e+04,5.370300000000000000e+04,5.392400000000000000e+04,5.414500000000000000e+04,5.436600000000000000e+04,5.458700000000000000e+04,5.480800000000000000e+04,5.502900000000000000e+04,5.525000000000000000e+04,5.547100000000000000e+04,5.569200000000000000e+04,5.591300000000000000e+04,5.613400000000000000e+04,5.635500000000000000e+04,5.657600000000000000e+04,5.679700000000000000e+04,5.701800000000000000e+04,5.723900000000000000e+04,5.746000000000000000e+04,5.768100000000000000e+04,5.790200000000000000e+04,5.812300000000000000e+04,5.834400000000000000e+04,5.856500000000000000e+04,5.878600000000000000e+04,5.900700000000000000e+04,5.922800000000000000e+04,5.944900000000000000e+04,5.967000000000000000e+04,5.989100000000000000e+04,6.011200000000000000e+04,6.033300000000000000e+04,6.055400000000000000e+04,6.077500000000000000e+04,6.099600000000000000e+04,6.121700000000000000e+04,6.143800000000000000e+04,6.165900000000000000e+04,6.188000000000000000e+04,6.210100000000000000e+04,6.232200000000000000e+04,6.254300000000000000e+04,6.276400000000000000e+04,6.298500000000000000e+04,6.320600000000000000e+04,6.342700000000000000e+04,6.364800000000000000e+04,6.386900000000000000e+04,6.409000000000000000e+04,6.431100000000000000e+04,6.453200000000000000e+04,6.475300000000000000e+04,6.497400000000000000e+04,6.519500000000000000e+04,6.541600000000000000e+04,6.563700000000000000e+04,6.585800000000000000e+04,6.607900000000000000e+04
0.000000000000000000e+00,2.220000000000000000e+02,4.440000000000000000e+02,6.660000000000000000e+02,8.880000000000000000e+02,1.110000000000000000e+03,1.332000000000000000e+03,1.554000000000000000e+03,1.776000000000000000e+03,1.998000000000000000e+03,2.220000000000000000e+03,2.442000000000000000e+03,2.664000000000000000e+03,2.886000000000000000e+03,3.108000000000000000e+03,3.330000000000000000e+03,3.552000000000000000e+03,3.774000000000000000e+03,3.996000000000000000e+03,4.218000000000000000e+03,4.440000000000000000e+03,4.662000000000000000e+03,4.884000000000000000e+03,5.106000000000000000e+03,5.328000000000000000e+03,5.550000000000000000e+03,5.772000000000000000e+03,5.994000000000000000e+03,6.216000000000000000e+03,6.438000000000000000e+03,6.660000000000000000e+03,6.882000000000000000e+03,7.104000000000000000e+03,7.326000000000000000e+03,7.548000000000000000e+03,7.770000000000000000e+03,7.992000000000000000e+03,8.214000000000000000e+03,8.436000000000000000e+03,8.658000000000000000e+03,8.880000000000000000e+03,9.102000000000000000e+03,9.324000000000000000e+03,9.546000000000000000e+03,9.768000000000000000e+03,9.990000000000000000e+03,1.021200000000000000e+04,1.043400000000000000e+04,1.065600000000000000e+04,1.087800000000000000e+04,1.110000000000000000e+04,1.132200000000000000e+04,1.154400000000000000e+04,1.176600000000000000e+04,1.198800000000000000e+04,1.221000000000000000e+04,1.243200000000000000e+04,1.265400000000000000e+04,1.287600000000000000e+04,1.309800000000000000e+04,1.332000000000000000e+04,1.354200000000000000e+04,1.376400000000000000e+04,1.398600000000000000e+04,1.420800000000000000e+04,1.443000000000000000e+04,1.465200000000000000e+04,1.487400000000000000e+04,1.509600000000000000e+04,1.531800000000000000e+04,1.554000000000000000e+04,1.576200000000000000e+04,1.598400000000000000e+04,1.620600000000000000e+04,1.642800000000000000e+04,1.665000000000000000e+04,1.687200000000000000e+04,1.709400000000000000e+04,1.731600000000000000e+04,1.753800000000000000e+04,1.776000000000000000e+04,1.798200000000000000e+04,1.820400000000000000e+04,1.842600000000000000e+04,1.864800000000000000e+04,1.887000000000000000e+04,1.909200000000000000e+04,1.931400000000000000e+04,1.953600000000000000e+04,1.975800000000000000e+04,1.998000000000000000e+04,2.020200000000000000e+04,2.042400000000000000e+04,2.064600000000000000e+04,2.086800000000000000e+04,2.109000000000000000e+04,2.131200000000000000e+04,2.153400000000000000e+04,2.175600000000000000e+04,2.197800000000000000e+04,2.220000000000000000e+04,2.242200000000000000e+04,2.264400000000000000e+04,2.286600000000000000e+04,2.308800000000000000e+04,2.331000000000000000e+04,2.353200000000000000e+04,2.375400000000000000e+04,2.397600000000000000e+04,2.419800000000000000e+04,2.442000000000000000e+04,2.464200000000000000e+04,2.486400000000000000e+04,2.508600000000000000e+04,2.530800000000000000e+04,2.553000000000000000e+04,2.575200000000000000e+04,2.597400000000000000e+04,2.619600000000000000e+04,2.641800000000000000e+04,2.664000000000000000e+04,2.686200000000000000e+04,2.708400000000000000e+04,2.730600000000000000e+04,2.752800000000000000e+04,2.775000000000000000e+04,2.797200000000000000e+04,2.819400000000000000e+04,2.841600000000000000e+04,2.863800000000000000e+04,2.886000000000000000e+04,2.908200000000000000e+04,2.930400000000000000e+04,2.952600000000000000e+04,2.974800000000000000e+04,2.997000000000000000e+04,3.019200000000000000e+04,3.041400000000000000e+04,3.063600000000000000e+04,3.085800000000000000e+04,3.108000000000000000e+04,3.130200000000000000e+04,3.152400000000000000e+04,3.174600000000000000e+04,3.196800000000000000e+04,3.219000000000000000e+04,3.241200000000000000e+04,3.263400000000000000e+04,3.285600000000000000e+04,3.307800000000000000e+04,3.330000000000000000e+04,3.352200000000000000e+04,3.374400000000000000e+04,3.396600000000000000e+04,3.418800000000000000e+04,3.441000000000000000e+04,3.463200000000000000e+04,3.485400000000000000e+04,3.507600000000000000e+04,3.529800000000000000e+04,3.552000000000000000e+04,3.574200000000000000e+04,3.596400000000000000e+04,3.618600000000000000e+04,3.640800000000000000e+04,3.663000000000000000e+04,3.685200000000000000e+04,3.707400000000000000e+04,3.729600000000000000e+04,3.751800000000000000e+04,3.774000000000000000e+04,3.796200000000000000e+04,3.818400000000000000e+04,3.840600000000000000e+04,3.862800000000000000e+04,3.885000000000000000e+04,3.907200000000000000e+04,3.929400000000000000e+04,3.951600000000000000e+04,3.973800000000000000e+04,3.996000000000000000e+04,4.018200000000000000e+04,4.040400000000000000e+04,4.062600000000000000e+04,4.084800000000000000e+04,4.107000000000000000e+04,4.129200000000000000e+04,4.151400000000000000e+04,4.173600000000000000e+04,4.195800000000000000e+04,4.218000000000000000e+04,4.240200000000000000e+04,4.262400000000000000e+04,4.284600000000000000e+04,4.306800000000000000e+04,4.329000000000000000e+04,4.351200000000000000e+04,4.373400000000000000e+04,4.395600000000000000e+04,4.417800000000000000e+04,4.440000000000000000e+04,4.462200000000000000e+04,4.484400000000000000e+04,4.506600000000000000e+04,4.528800000000000000e+04,4.551000000000000000e+04,4.573200000000000000e+04,4.595400000000000000e+04,4.617600000000000000e+04,4.639800000000000000e+04,4.662000000000000000e+04,4.684200000000000000e+04,4.706400000000000000e+04,4.728600000000000000e+04,4.750800000000000000e+04,4.773000000000000000e+04,4.795200000000000000e+04,4.817400000000000000e+04,4.839600000000000000e+04,4.861800000000000000e+04,4.884000000000000000e+04,4.906200000000000000e+04,4.928400000000000000e+04,4.950600000000000000e+04,4.972800000000000000e+04,4.995000000000000000e+04,5.017200000000000000e+04,5.039400000000000000e+04,5.061600000000000000e+04,5.083800000000000000e+04,5.106000000000000000e+04,5.128200000000000000e+04,5.150400000000000000e+04,5.172600000000000000e+04,5.194800000000000000e+04,5.217000000000000000e+04,5.239200000000000000e+04,5.261400000000000000e+04,5.283600000000000000e+04,5.305800000000000000e+04,5.328000000000000000e+04,5.350200000000000000e+04,5.372400000000000000e+04,5.394600000000000000e+04,5.416800000000000000e+04,5.439000000000000000e+04,5.461200000000000000e+04,5.483400000000000000e+04,5.505600000000000000e+04,5.527800000000000000e+04,5.550000000000000000e+04,5.572200000000000000e+04,5.594400000000000000e+04,5.616600000000000000e+04,5.638800000000000000e+04,5.661000000000000000e+04,5.683200000000000000e+04,5.705400000000000000e+04,5.727600000000000000e+04,5.749800000000000000e+04,5.772000000000000000e+04,5.794200000000000000e+04,5.816400000000000000e+04,5.838600000000000000e+04,5.860800000000000000e+04,5.883000000000000000e+04,5.905200000000000000e+04,5.927400000000000000e+04,5.949600000000000000e+04,5.971800000000000000e+04,5.994000000000000000e+04,6.016200000000000000e+04,6.038400000000000000e+04,6.060600000000000000e+04,6.082800000000000000e+04,6.105000000000000000e+04,6.127200000000000000e+04,6.149400000000000000e+04,6.171600000000000000e+04,6.193800000000000000e+04,6.216000000000000000e+04,6.238200000000000000e+04,6.260400000000000000e+04,6.282600000000000000e+04,6.304800000000000000e+04,6.327000000000000000e+04,6.349200000000000000e+04,6.371400000000000000e+04,6.393600000000000000e+04,6.415800000000000000e+04,6.438000000000000000e+04,6.460200000000000000e+04,6.482400000000000000e+04,6.504600000000000000e+04,6.526800000000000000e+04,6.549000000000000000e+04,6.571200000000000000e+04,6.593400000000000000e+04,6.615600000000000000e+04,6.637800000000000000e+04
0.000000000000000000e+00,2.230000000000000000e+02,4.460000000000000000e+02,6.690000000000000000e+02,8.920000000000000000e+02,1.115000000000000000e+03,1.338000000000000000e+03,1.561000000000000000e+03,1.784000000000000000e+03,2.007000000000000000e+03,2.230000000000000000e+03,2.453000000000000000e+03,2.676000000000000000e+03,2.899000000000000000e+03,3.122000000000000000e+03,3.345000000000000000e+03,3.568000000000000000e+03,3.791000000000000000e+03,4.014000000000000000e+03,4.237000000000000000e+03,4.460000000000000000e+03,4.683000000000000000e+03,4.906000000000000000e+03,5.129000000000000000e+03,5.352000000000000000e+03,5.575000000000000000e+03,5.798000000000000000e+03,6.021000000000000000e+03,6.244000000000000000e+03,6.467000000000000000e+03,6.690000000000000000e+03,6.913000000000000000e+03,7.136000000000000000e+03,7.359000000000000000e+03,7.582000000000000000e+03,7.805000000000000000e+03,8.028000000000000000e+03,8.251000000000000000e+03,8.474000000000000000e+03,8.697000000000000000e+03,8.920000000000000000e+03,9.143000000000000000e+03,9.366000000000000000e+03,9.589000000000000000e+03,9.812000000000000000e+03,1.003500000000000000e+04,1.025800000000000000e+04,1.048100000000000000e+04,1.070400000000000000e+04,1.092700000000000000e+04,1.115000000000000000e+04,1.137300000000000000e+04,1.159600000000000000e+04,1.181900000000000000e+04,1.204200000000000000e+04,1.226500000000000000e+04,1.248800000000000000e+04,1.271100000000000000e+04,1.293400000000000000e+04,1.315700000000000000e+04,1.338000000000000000e+04,1.360300000000000000e+04,1.382600000000000000e+04,1.404900000000000000e+04,1.427200000000000000e+04,1.449500000000000000e+04,1.471800000000000000e+04,1.494100000000000000e+04,1.516400000000000000e+04,1.538700000000000000e+04,1.561000000000000000e+04,1.583300000000000000e+04,1.605600000000000000e+04,1.627900000000000000e+04,1.650200000000000000e+04,1.672500000000000000e+04,1.694800000000000000e+04,1.717100000000000000e+04,1.739400000000000000e+04,1.761700000000000000e+04,1.784000000000000000e+04,1.806300000000000000e+04,1.828600000000000000e+04,1.850900000000000000e+04,1.873200000000000000e+04,1.895500000000000000e+04,1.917800000000000000e+04,1.940100000000000000e+04,1.962400000000000000e+04,1.984700000000000000e+04,2.007000000000000000e+04,2.029300000000000000e+04,2.051600000000000000e+04,2.073900000000000000e+04,2.096200000000000000e+04,2.118500000000000000e+04,2.140800000000000000e+04,2.163100000000000000e+04,2.185400000000000000e+04,2.207700000000000000e+04,2.230000000000000000e+04,2.252300000000000000e+04,2.274600000000000000e+04,2.296900000000000000e+04,2.319200000000000000e+04,2.341500000000000000e+04,2.363800000000000000e+04,2.386100000000000000e+04,2.408400000000000000e+04,2.430700000000000000e+04,2.453000000000000000e+04,2.475300000000000000e+04,2.497600000000000000e+04,2.519900000000000000e+04,2.542200000000000000e+04,2.564500000000000000e+04,2.586800000000000000e+04,2.609100000000000000e+04,2.631400000000000000e+04,2.653700000000000000e+04,2.676000000000000000e+04,2.698300000000000000e+04,2.720600000000000000e+04,2.742900000000000000e+04,2.765200000000000000e+04,2.787500000000000000e+04,2.809800000000000000e+04,2.832100000000000000e+04,2.854400000000000000e+04,2.876700000000000000e+04,2.899000000000000000e+04,2.921300000000000000e+04,2.943600000000000000e+04,2.965900000000000000e+04,2.988200000000000000e+04,3.010500000000000000e+04,3.032800000000000000e+04,3.055100000000000000e+04,3.077400000000000000e+04,3.099700000000000000e+04,3.122000000000000000e+04,3.144300000000000000e+04,3.166600000000000000e+04,3.188900000000000000e+04,3.211200000000000000e+04,3.233500000000000000e+04,3.255800000000000000e+04,3.278100000000000000e+04,3.300400000000000000e+04,3.322700000000000000e+04,3.345000000000000000e+04,3.367300000000000000e+04,3.389600000000000000e+04,3.411900000000000000e+04,3.434200000000000000e+04,3.456500000000000000e+04,3.478800000000000000e+04,3.501100000000000000e+04,3.523400000000000000e+04,3.545700000000000000e+04,3.568000000000000000e+04,3.590300000000000000e+04,3.612600000000000000e+04,3.634900000000000000e+04,3.657200000000000000e+04,3.679500000000000000e+04,3.701800000000000000e+04,3.724100000000000000e+04,3.746400000000000000e+04,3.768700000000000000e+04,3.791000000000000000e+04,3.813300000000000000e+04,3.835600000000000000e+04,3.857900000000000000e+04,3.880200000000000000e+04,3.902500000000000000e+04,3.924800000000000000e+04,3.947100000000000000e+04,3.969400000000000000e+04,3.991700000000000000e+04,4.014000000000000000e+04,4.036300000000000000e+04,4.058600000000000000e+04,4.080900000000000000e+04,4.103200000000000000e+04,4.125500000000000000e+04,4.147800000000000000e+04,4.170100000000000000e+04,4.192400000000000000e+04,4.214700000000000000e+04,4.237000000000000000e+04,4.259300000000000000e+04,4.281600000000000000e+04,4.303900000000000000e+04,4.326200000000000000e+04,4.348500000000000000e+04,4.370800000000000000e+04,4.393100000000000000e+04,4.415400000000000000e+04,4.437700000000000000e+04,4.460000000000000000e+04,4.482300000000000000e+04,4.504600000000000000e+04,4.526900000000000000e+04,4.549200000000000000e+04,4.571500000000000000e+04,4.593800000000000000e+04,4.616100000000000000e+04,4.638400000000000000e+04,4.660700000000000000e+04,4.683000000000000000e+04,4.705300000000000000e+04,4.727600000000000000e+04,4.749900000000000000e+04,4.772200000000000000e+04,4.794500000000000000e+04,4.816800000000000000e+04,4.839100000000000000e+04,4.861400000000000000e+04,4.883700000000000000e+04,4.906000000000000000e+04,4.928300000000000000e+04,4.950600000000000000e+04,4.972900000000000000e+04,4.995200000000000000e+04,5.017500000000000000e+04,5.039800000000000000e+04,5.062100000000000000e+04,5.084400000000000000e+04,5.106700000000000000e+04,5.129000000000000000e+04,5.151300000000000000e+04,5.173600000000000000e+04,5.195900000000000000e+04,5.218200000000000000e+04,5.240500000000000000e+04,5.262800000000000000e+04,5.285100000000000000e+04,5.307400000000000000e+04,5.329700000000000000e+04,5.352000000000000000e+04,5.374300000000000000e+04,5.396600000000000000e+04,5.418900000000000000e+04,5.441200000000000000e+04,5.463500000000000000e+04,5.485800000000000000e+04,5.508100000000000000e+04,5.530400000000000000e+04,5.552700000000000000e+04,5.575000000000000000e+04,5.597300000000000000e+04,5.619600000000000000e+04,5.641900000000000000e+04,5.664200000000000000e+04,5.686500000000000000e+04,5.708800000000000000e+04,5.731100000000000000e+04,5.753400000000000000e+04,5.775700000000000000e+04,5.798000000000000000e+04,5.820300000000000000e+04,5.842600000000000000e+04,5.864900000000000000e+04,5.887200000000000000e+04,5.909500000000000000e+04,5.931800000000000000e+04,5.954100000000000000e+04,5.976400000000000000e+04,5.998700000000000000e+04,6.021000000000000000e+04,6.043300000000000000e+04,6.065600000000000000e+04,6.087900000000000000e+04,6.110200000000000000e+04,6.132500000000000000e+04,6.154800000000000000e+04,6.177100000000000000e+04,6.199400000000000000e+04,6.221700000000000000e+04,6.244000000000000000e+04,6.266300000000000000e+04,6.288600000000000000e+04,6.310900000000000000e+04,6.333200000000000000e+04,6.355500000000000000e+04,6.377800000000000000e+04,6.400100000000000000e+04,6.422400000000000000e+04,6.444700000000000000e+04,6.467000000000000000e+04,6.489300000000000000e+04,6.511600000000000000e+04,6.533900000000000000e+04,6.556200000000000000e+04,6.578500000000000000e+04,6.600800000000000000e+04,6.623100000000000000e+04,6.645400000000000000e+04,6.667700000000000000e+04
0.000000000000000000e+00,2.240000000000000000e+02,4.480000000000000000e+02,6.720000000000000000e+02,8.960000000000000000e+02,1.120000000000000000e+03,1.344000000000000000e+03,1.568000000000000000e+03,1.792000000000000000e+03,2.016000000000000000e+03,2.240000000000000000e+03,2.464000000000000000e+03,2.688000000000000000e+03,2.912000000000000000e+03,3.136000000000000000e+03,3.360000000000000000e+03,3.584000000000000000e+03,3.808000000000000000e+03,4.032000000000000000e+03,4.256000000000000000e+03,4.480000000000000000e+03,4.704000000000000000e+03,4.928000000000000000e+03,5.152000000000000000e+03,5.376000000000000000e+03,5.600000000000000000e+03,5.824000000000000000e+03,6.048000000000000000e+03,6.272000000000000000e+03,6.496000000000000000e+03,6.720000000000000000e+03,6.944000000000000000e+03,7.168000000000000000e+03,7.392000000000000000e+03,7.616000000000000000e+03,7.840000000000000000e+03,8.064000000000000000e+03,8.288000000000000000e+03,8.512000000000000000e+03,8.736000000000000000e+03,8.960000000000000000e+03,9.184000000000000000e+03,9.408000000000000000e+03,9.632000000000000000e+03,9.856000000000000000e+03,1.008000000000000000e+04,1.030400000000000000e+04,1.052800000000000000e+04,1.075200000000000000e+04,1.097600000000000000e+04,1.120000000000000000e+04,1.142400000000000000e+04,1.164800000000000000e+04,1.187200000000000000e+04,1.209600000000000000e+04,1.232000000000000000e+04,1.254400000000000000e+04,1.276800000000000000e+04,1.299200000000000000e+04,1.321600000000000000e+04,1.344000000000000000e+04,1.366400000000000000e+04,1.388800000000000000e+04,1.411200000000000000e+04,1.433600000000000000e+04,1.456000000000000000e+04,1.478400000000000000e+04,1.500800000000000000e+04,1.523200000000000000e+04,1.545600000000000000e+04,1.568000000000000000e+04,1.590400000000000000e+04,1.612800000000000000e+04,1.635200000000000000e+04,1.657600000000000000e+04,1.680000000000000000e+04,1.702400000000000000e+04,1.724800000000000000e+04,1.747200000000000000e+04,1.769600000000000000e+04,1.792000000000000000e+04,1.814400000000000000e+04,1.836800000000000000e+04,1.859200000000000000e+04,1.881600000000000000e+04,1.904000000000000000e+04,1.926400000000000000e+04,1.948800000000000000e+04,1.971200000000000000e+04,1.993600000000000000e+04,2.016000000000000000e+04,2.038400000000000000e+04,2.060800000000000000e+04,2.083200000000000000e+04,2.105600000000000000e+04,2.128000000000000000e+04,2.150400000000000000e+04,2.172800000000000000e+04,2.195200000000000000e+04,2.217600000000000000e+04,2.240000000000000000e+04,2.262400000000000000e+04,2.284800000000000000e+04,2.307200000000000000e+04,2.329600000000000000e+04,2.352000000000000000e+04,2.374400000000000000e+04,2.396800000000000000e+04,2.419200000000000000e+04,2.441600000000000000e+04,2.464000000000000000e+04,2.486400000000000000e+04,2.508800000000000000e+04,2.531200000000000000e+04,2.553600000000000000e+04,2.576000000000000000e+04,2.598400000000000000e+04,2.620800000000000000e+04,2.643200000000000000e+04,2.665600000000000000e+04,2.688000000000000000e+04,2.710400000000000000e+04,2.732800000000000000e+04,2.755200000000000000e+04,2.777600000000000000e+04,2.800000000000000000e+04,2.822400000000000000e+04,2.844800000000000000e+04,2.867200000000000000e+04,2.889600000000000000e+04,2.912000000000000000e+04,2.934400000000000000e+04,2.956800000000000000e+04,2.979200000000000000e+04,3.001600000000000000e+04,3.024000000000000000e+04,3.046400000000000000e+04,3.068800000000000000e+04,3.091200000000000000e+04,3.113600000000000000e+04,3.136000000000000000e+04,3.158400000000000000e+04,3.180800000000000000e+04,3.203200000000000000e+04,3.225600000000000000e+04,3.248000000000000000e+04,3.270400000000000000e+04,3.292800000000000000e+04,3.315200000000000000e+04,3.337600000000000000e+04,3.360000000000000000e+04,3.382400000000000000e+04,3.404800000000000000e+04,3.427200000000000000e+04,3.449600000000000000e+04,3.472000000000000000e+04,3.494400000000000000e+04,3.516800000000000000e+04,3.539200000000000000e+04,3.561600000000000000e+04,3.584000000000000000e+04,3.606400000000000000e+04,3.628800000000000000e+04,3.651200000000000000e+04,3.673600000000000000e+04,3.696000000000000000e+04,3.718400000000000000e+04,3.740800000000000000e+04,3.763200000000000000e+04,3.785600000000000000e+04,3.808000000000000000e+04,3.830400000000000000e+04,3.852800000000000000e+04,3.875200000000000000e+04,3.897600000000000000e+04,3.920000000000000000e+04,3.942400000000000000e+04,3.964800000000000000e+04,3.987200000000000000e+04,4.009600000000000000e+04,4.032000000000000000e+04,4.054400000000000000e+04,4.076800000000000000e+04,4.099200000000000000e+04,4.121600000000000000e+04,4.144000000000000000e+04,4.166400000000000000e+04,4.188800000000000000e+04,4.211200000000000000e+04,4.233600000000000000e+04,4.256000000000000000e+04,4.278400000000000000e+04,4.300800000000000000e+04,4.323200000000000000e+04,4.345600000000000000e+04,4.368000000000000000e+04,4.390400000000000000e+04,4.412800000000000000e+04,4.435200000000000000e+04,4.457600000000000000e+04,4.480000000000000000e+04,4.502400000000000000e+04,4.524800000000000000e+04,4.547200000000000000e+04,4.569600000000000000e+04,4.592000000000000000e+04,4.614400000000000000e+04,4.636800000000000000e+04,4.659200000000000000e+04,4.681600000000000000e+04,4.704000000000000000e+04,4.726400000000000000e+04,4.748800000000000000e+04,4.771200000000000000e+04,4.793600000000000000e+04,4.816000000000000000e+04,4.838400000000000000e+04,4.860800000000000000e+04,4.883200000000000000e+04,4.905600000000000000e+04,4.928000000000000000e+04,4.950400000000000000e+04,4.972800000000000000e+04,4.995200000000000000e+04,5.017600000000000000e+04,5.040000000000000000e+04,5.062400000000000000e+04,5.084800000000000000e+04,5.107200000000000000e+04,5.129600000000000000e+04,5.152000000000000000e+04,5.174400000000000000e+04,5.196800000000000000e+04,5.219200000000000000e+04,5.241600000000000000e+04,5.264000000000000000e+04,5.286400000000000000e+04,5.308800000000000000e+04,5.331200000000000000e+04,5.353600000000000000e+04,5.376000000000000000e+04,5.398400000000000000e+04,5.420800000000000000e+04,5.443200000000000000e+04,5.465600000000000000e+04,5.488000000000000000e+04,5.510400000000000000e+04,5.532800000000000000e+04,5.555200000000000000e+04,5.577600000000000000e+04,5.600000000000000000e+04,5.622400000000000000e+04,5.644800000000000000e+04,5.667200000000000000e+04,5.689600000000000000e+04,5.712000000000000000e+04,5.734400000000000000e+04,5.756800000000000000e+04,5.779200000000000000e+04,5.801600000000000000e+04,5.824000000000000000e+04,5.846400000000000000e+04,5.868800000000000000e+04,5.891200000000000000e+04,5.913600000000000000e+04,5.936000000000000000e+04,5.958400000000000000e+04,5.980800000000000000e+04,6.003200000000000000e+04,6.025600000000000000e+04,6.048000000000000000e+04,6.070400000000000000e+04,6.092800000000000000e+04,6.115200000000000000e+04,6.137600000000000000e+04,6.160000000000000000e+04,6.182400000000000000e+04,6.204800000000000000e+04,6.227200000000000000e+04,6.249600000000000000e+04,6.272000000000000000e+04,6.294400000000000000e+04,6.316800000000000000e+04,6.339200000000000000e+04,6.361600000000000000e+04,6.384000000000000000e+04,6.406400000000000000e+04,6.428800000000000000e+04,6.451200000000000000e+04,6.473600000000000000e+04,6.496000000000000000e+04,6.518400000000000000e+04,6.540800000000000000e+04,6.563200000000000000e+04,6.585600000000000000e+04,6.608000000000000000e+04,6.630400000000000000e+04,6.652800000000000000e+04,6.675200000000000000e+04,6.697600000000000000e+04
0.000000000000000000e+00,2.250000000000000000e+02,4.500000000000000000e+02,6.750000000000000000e+02,9.000000000000000000e+02,1.125000000000000000e+03,1.350000000000000000e+03,1.575000000000000000e+03,1.800000000000000000e+03,2.025000000000000000e+03,2.250000000000000000e+03,2.475000000000000000e+03,2.700000000000000000e+03,2.925000000000000000e+03,3.150000000000000000e+03,3.375000000000000000e+03,3.600000000000000000e+03,3.825000000000000000e+03,4.050000000000000000e+03,4.275000000000000000e+03,4.500000000000000000e+03,4.725000000000000000e+03,4.950000000000000000e+03,5.175000000000000000e+03,5.400000000000000000e+03,5.625000000000000000e+03,5.850000000000000000e+03,6.075000000000000000e+03,6.300000000000000000e+03,6.525000000000000000e+03,6.750000000000000000e+03,6.975000000000000000e+03,7.200000000000000000e+03,7.425000000000000000e+03,7.650000000000000000e+03,7.875000000000000000e+03,8.100000000000000000e+03,8.325000000000000000e+03,8.550000000000000000e+03,8.775000000000000000e+03,9.000000000000000000e+03,9.225000000000000000e+03,9.450000000000000000e+03,9.675000000000000000e+03,9.900000000000000000e+03,1.012500000000000000e+04,1.035000000000000000e+04,1.057500000000000000e+04,1.080000000000000000e+04,1.102500000000000000e+04,1.125000000000000000e+04,1.147500000000000000e+04,1.170000000000000000e+04,1.192500000000000000e+04,1.215000000000000000e+04,1.237500000000000000e+04,1.260000000000000000e+04,1.282500000000000000e+04,1.305000000000000000e+04,1.327500000000000000e+04,1.350000000000000000e+04,1.372500000000000000e+04,1.395000000000000000e+04,1.417500000000000000e+04,1.440000000000000000e+04,1.462500000000000000e+04,1.485000000000000000e+04,1.507500000000000000e+04,1.530000000000000000e+04,1.552500000000000000e+04,1.575000000000000000e+04,1.597500000000000000e+04,1.620000000000000000e+04,1.642500000000000000e+04,1.665000000000000000e+04,1.687500000000000000e+04,1.710000000000000000e+04,1.732500000000000000e+04,1.755000000000000000e+04,1.777500000000000000e+04,1.800000000000000000e+04,1.822500000000000000e+04,1.845000000000000000e+04,1.867500000000000000e+04,1.890000000000000000e+04,1.912500000000000000e+04,1.935000000000000000e+04,1.957500000000000000e+04,1.980000000000000000e+04,2.002500000000000000e+04,2.025000000000000000e+04,2.047500000000000000e+04,2.070000000000000000e+04,2.092500000000000000e+04,2.115000000000000000e+04,2.137500000000000000e+04,2.160000000000000000e+04,2.182500000000000000e+04,2.205000000000000000e+04,2.227500000000000000e+04,2.250000000000000000e+04,2.272500000000000000e+04,2.295000000000000000e+04,2.317500000000000000e+04,2.340000000000000000e+04,2.362500000000000000e+04,2.385000000000000000e+04,2.407500000000000000e+04,2.430000000000000000e+04,2.452500000000000000e+04,2.475000000000000000e+04,2.497500000000000000e+04,2.520000000000000000e+04,2.542500000000000000e+04,2.565000000000000000e+04,2.587500000000000000e+04,2.610000000000000000e+04,2.632500000000000000e+04,2.655000000000000000e+04,2.677500000000000000e+04,2.700000000000000000e+04,2.722500000000000000e+04,2.745000000000000000e+04,2.767500000000000000e+04,2.790000000000000000e+04,2.812500000000000000e+04,2.835000000000000000e+04,2.857500000000000000e+04,2.880000000000000000e+04,2.902500000000000000e+04,2.925000000000000000e+04,2.947500000000000000e+04,2.970000000000000000e+04,2.992500000000000000e+04,3.015000000000000000e+04,3.037500000000000000e+04,3.060000000000000000e+04,3.082500000000000000e+04,3.105000000000000000e+04,3.127500000000000000e+04,3.150000000000000000e+04,3.172500000000000000e+04,3.195000000000000000e+04,3.217500000000000000e+04,3.240000000000000000e+04,3.262500000000000000e+04,3.285000000000000000e+04,3.307500000000000000e+04,3.330000000000000000e+04,3.352500000000000000e+04,3.375000000000000000e+04,3.397500000000000000e+04,3.420000000000000000e+04,3.442500000000000000e+04,3.465000000000000000e+04,3.487500000000000000e+04,3.510000000000000000e+04,3.532500000000000000e+04,3.555000000000000000e+04,3.577500000000000000e+04,3.600000000000000000e+04,3.622500000000000000e+04,3.645000000000000000e+04,3.667500000000000000e+04,3.690000000000000000e+04,3.712500000000000000e+04,3.735000000000000000e+04,3.757500000000000000e+04,3.780000000000000000e+04,3.802500000000000000e+04,3.825000000000000000e+04,3.847500000000000000e+04,3.870000000000000000e+04,3.892500000000000000e+04,3.915000000000000000e+04,3.937500000000000000e+04,3.960000000000000000e+04,3.982500000000000000e+04,4.005000000000000000e+04,4.027500000000000000e+04,4.050000000000000000e+04,4.072500000000000000e+04,4.095000000000000000e+04,4.117500000000000000e+04,4.140000000000000000e+04,4.162500000000000000e+04,4.185000000000000000e+04,4.207500000000000000e+04,4.230000000000000000e+04,4.252500000000000000e+04,4.275000000000000000e+04,4.297500000000000000e+04,4.320000000000000000e+04,4.342500000000000000e+04,4.365000000000000000e+04,4.387500000000000000e+04,4.410000000000000000e+04,4.432500000000000000e+04,4.455000000000000000e+04,4.477500000000000000e+04,4.500000000000000000e+04,4.522500000000000000e+04,4.545000000000000000e+04,4.567500000000000000e+04,4.590000000000000000e+04,4.612500000000000000e+04,4.635000000000000000e+04,4.657500000000000000e+04,4.680000000000000000e+04,4.702500000000000000e+04,4.725000000000000000e+04,4.747500000000000000e+04,4.770000000000000000e+04,4.792500000000000000e+04,4.815000000000000000e+04,4.837500000000000000e+04,4.860000000000000000e+04,4.882500000000000000e+04,4.905000000000000000e+04,4.927500000000000000e+04,4.950000000000000000e+04,4.972500000000000000e+04,4.995000000000000000e+04,5.017500000000000000e+04,5.040000000000000000e+04,5.062500000000000000e+04,5.085000000000000000e+04,5.107500000000000000e+04,5.130000000000000000e+04,5.152500000000000000e+04,5.175000000000000000e+04,5.197500000000000000e+04,5.220000000000000000e+04,5.242500000000000000e+04,5.265000000000000000e+04,5.287500000000000000e+04,5.310000000000000000e+04,5.332500000000000000e+04,5.355000000000000000e+04,5.377500000000000000e+04,5.400000000000000000e+04,5.422500000000000000e+04,5.445000000000000000e+04,5.467500000000000000e+04,5.490000000000000000e+04,5.512500000000000000e+04,5.535000000000000000e+04,5.557500000000000000e+04,5.580000000000000000e+04,5.602500000000000000e+04,5.625000000000000000e+04,5.647500000000000000e+04,5.670000000000000000e+04,5.692500000000000000e+04,5.715000000000000000e+04,5.737500000000000000e+04,5.760000000000000000e+04,5.782500000000000000e+04,5.805000000000000000e+04,5.827500000000000000e+04,5.850000000000000000e+04,5.872500000000000000e+04,5.895000000000000000e+04,5.917500000000000000e+04,5.940000000000000000e+04,5.962500000000000000e+04,5.985000000000000000e+04,6.007500000000000000e+04,6.030000000000000000e+04,6.052500000000000000e+04,6.075000000000000000e+04,6.097500000000000000e+04,6.120000000000000000e+04,6.142500000000000000e+04,6.165000000000000000e+04,6.187500000000000000e+04,6.210000000000000000e+04,6.232500000000000000e+04,6.255000000000000000e+04,6.277500000000000000e+04,6.300000000000000000e+04,6.322500000000000000e+04,6.345000000000000000e+04,6.367500000000000000e+04,6.390000000000000000e+04,6.412500000000000000e+04,6.435000000000000000e+04,6.457500000000000000e+04,6.480000000000000000e+04,6.502500000000000000e+04,6.525000000000000000e+04,6.547500000000000000e+04,6.570000000000000000e+04,6.592500000000000000e+04,6.615000000000000000e+04,6.637500000000000000e+04,6.660000000000000000e+04,6.682500000000000000e+04,6.705000000000000000e+04,6.727500000000000000e+04
0.000000000000000000e+00,2.260000000000000000e+02,4.520000000000000000e+02,6.780000000000000000e+02,9.040000000000000000e+02,1.130000000000000000e+03,1.356000000000000000e+03,1.582000000000000000e+03,1.808000000000000000e+03,2.034000000000000000e+03,2.260000000000000000e+03,2.486000000000000000e+03,2.712000000000000000e+03,2.938000000000000000e+03,3.164000000000000000e+03,3.390000000000000000e+03,3.616000000000000000e+03,3.842000000000000000e+03,4.068000000000000000e+03,4.294000000000000000e+03,4.520000000000000000e+03,4.746000000000000000e+03,4.972000000000000000e+03,5.198000000000000000e+03,5.424000000000000000e+03,5.650000000000000000e+03,5.876000000000000000e+03,6.102000000000000000e+03,6.328000000000000000e+03,6.554000000000000000e+03,6.780000000000000000e+03,7.006000000000000000e+03,7.232000000000000000e+03,7.458000000000000000e+03,7.684000000000000000e+03,7.910000000000000000e+03,8.136000000000000000e+03,8.362000000000000000e+03,8.588000000000000000e+03,8.814000000000000000e+03,9.040000000000000000e+03,9.266000000000000000e+03,9.492000000000000000e+03,9.718000000000000000e+03,9.944000000000000000e+03,1.017000000000000000e+04,1.039600000000000000e+04,1.062200000000000000e+04,1.084800000000000000e+04,1.107400000000000000e+04,1.130000000000000000e+04,1.152600000000000000e+04,1.175200000000000000e+04,1.197800000000000000e+04,1.220400000000000000e+04,1.243000000000000000e+04,1.265600000000000000e+04,1.288200000000000000e+04,1.310800000000000000e+04,1.333400000000000000e+04,1.356000000000000000e+04,1.378600000000000000e+04,1.401200000000000000e+04,1.423800000000000000e+04,1.446400000000000000e+04,1.469000000000000000e+04,1.491600000000000000e+04,1.514200000000000000e+04,1.536800000000000000e+04,1.559400000000000000e+04,1.582000000000000000e+04,1.604600000000000000e+04,1.627200000000000000e+04,1.649800000000000000e+04,1.672400000000000000e+04,1.695000000000000000e+04,1.717600000000000000e+04,1.740200000000000000e+04,1.762800000000000000e+04,1.785400000000000000e+04,1.808000000000000000e+04,1.830600000000000000e+04,1.853200000000000000e+04,1.875800000000000000e+04,1.898400000000000000e+04,1.921000000000000000e+04,1.943600000000000000e+04,1.966200000000000000e+04,1.988800000000000000e+04,2.011400000000000000e+04,2.034000000000000000e+04,2.056600000000000000e+04,2.079200000000000000e+04,2.101800000000000000e+04,2.124400000000000000e+04,2.147000000000000000e+04,2.169600000000000000e+04,2.192200000000000000e+04,2.214800000000000000e+04,2.237400000000000000e+04,2.260000000000000000e+04,2.282600000000000000e+04,2.305200000000000000e+04,2.327800000000000000e+04,2.350400000000000000e+04,2.373000000000000000e+04,2.395600000000000000e+04,2.418200000000000000e+04,2.440800000000000000e+04,2.463400000000000000e+04,2.486000000000000000e+04,2.508600000000000000e+04,2.531200000000000000e+04,2.553800000000000000e+04,2.576400000000000000e+04,2.599000000000000000e+04,2.621600000000000000e+04,2.644200000000000000e+04,2.666800000000000000e+04,2.689400000000000000e+04,2.712000000000000000e+04,2.734600000000000000e+04,2.757200000000000000e+04,2.779800000000000000e+04,2.802400000000000000e+04,2.825000000000000000e+04,2.847600000000000000e+04,2.870200000000000000e+04,2.892800000000000000e+04,2.915400000000000000e+04,2.938000000000000000e+04,2.960600000000000000e+04,2.983200000000000000e+04,3.005800000000000000e+04,3.028400000000000000e+04,3.051000000000000000e+04,3.073600000000000000e+04,3.096200000000000000e+04,3.118800000000000000e+04,3.141400000000000000e+04,3.164000000000000000e+04,3.186600000000000000e+04,3.209200000000000000e+04,3.231800000000000000e+04,3.254400000000000000e+04,3.277000000000000000e+04,3.299600000000000000e+04,3.322200000000000000e+04,3.344800000000000000e+04,3.367400000000000000e+04,3.390000000000000000e+04,3.412600000000000000e+04,3.435200000000000000e+04,3.457800000000000000e+04,3.480400000000000000e+04,3.503000000000000000e+04,3.525600000000000000e+04,3.548200000000000000e+04,3.570800000000000000e+04,3.593400000000000000e+04,3.616000000000000000e+04,3.638600000000000000e+04,3.661200000000000000e+04,3.683800000000000000e+04,3.706400000000000000e+04,3.729000000000000000e+04,3.751600000000000000e+04,3.774200000000000000e+04,3.796800000000000000e+04,3.819400000000000000e+04,3.842000000000000000e+04,3.864600000000000000e+04,3.887200000000000000e+04,3.909800000000000000e+04,3.932400000000000000e+04,3.955000000000000000e+04,3.977600000000000000e+04,4.000200000000000000e+04,4.022800000000000000e+04,4.045400000000000000e+04,4.068000000000000000e+04,4.090600000000000000e+04,4.113200000000000000e+04,4.135800000000000000e+04,4.158400000000000000e+04,4.181000000000000000e+04,4.203600000000000000e+04,4.226200000000000000e+04,4.248800000000000000e+04,4.271400000000000000e+04,4.294000000000000000e+04,4.316600000000000000e+04,4.339200000000000000e+04,4.361800000000000000e+04,4.384400000000000000e+04,4.407000000000000000e+04,4.429600000000000000e+04,4.452200000000000000e+04,4.474800000000000000e+04,4.497400000000000000e+04,4.520000000000000000e+04,4.542600000000000000e+04,4.565200000000000000e+04,4.587800000000000000e+04,4.610400000000000000e+04,4.633000000000000000e+04,4.655600000000000000e+04,4.678200000000000000e+04,4.700800000000000000e+04,4.723400000000000000e+04,4.746000000000000000e+04,4.768600000000000000e+04,4.791200000000000000e+04,4.813800000000000000e+04,4.836400000000000000e+04,4.859000000000000000e+04,4.881600000000000000e+04,4.904200000000000000e+04,4.926800000000000000e+04,4.949400000000000000e+04,4.972000000000000000e+04,4.994600000000000000e+04,5.017200000000000000e+04,5.039800000000000000e+04,5.062400000000000000e+04,5.085000000000000000e+04,5.107600000000000000e+04,5.130200000000000000e+04,5.152800000000000000e+04,5.175400000000000000e+04,5.198000000000000000e+04,5.220600000000000000e+04,5.243200000000000000e+04,5.265800000000000000e+04,5.288400000000000000e+04,5.311000000000000000e+04,5.333600000000000000e+04,5.356200000000000000e+04,5.378800000000000000e+04,5.401400000000000000e+04,5.424000000000000000e+04,5.446600000000000000e+04,5.469200000000000000e+04,5.491800000000000000e+04,5.514400000000000000e+04,5.537000000000000000e+04,5.559600000000000000e+04,5.582200000000000000e+04,5.604800000000000000e+04,5.627400000000000000e+04,5.650000000000000000e+04,5.672600000000000000e+04,5.695200000000000000e+04,5.717800000000000000e+04,5.740400000000000000e+04,5.763000000000000000e+04,5.785600000000000000e+04,5.808200000000000000e+04,5.830800000000000000e+04,5.853400000000000000e+04,5.876000000000000000e+04,5.898600000000000000e+04,5.921200000000000000e+04,5.943800000000000000e+04,5.966400000000000000e+04,5.989000000000000000e+04,6.011600000000000000e+04,6.034200000000000000e+04,6.056800000000000000e+04,6.079400000000000000e+04,6.102000000000000000e+04,6.124600000000000000e+04,6.147200000000000000e+04,6.169800000000000000e+04,6.192400000000000000e+04,6.215000000000000000e+04,6.237600000000000000e+04,6.260200000000000000e+04,6.282800000000000000e+04,6.305400000000000000e+04,6.328000000000000000e+04,6.350600000000000000e+04,6.373200000000000000e+04,6.395800000000000000e+04,6.418400000000000000e+04,6.441000000000000000e+04,6.463600000000000000e+04,6.486200000000000000e+04,6.508800000000000000e+04,6.531400000000000000e+04,6.554000000000000000e+04,6.576600000000000000e+04,6.599200000000000000e+04,6.621800000000000000e+04,6.644400000000000000e+04,6.667000000000000000e+04,6.689600000000000000e+04,6.712200000000000000e+04,6.734800000000000000e+04,6.757400000000000000e+04
0.000000000000000000e+00,2.270000000000000000e+02,4.540000000000000000e+02,6.810000000000000000e+02,9.080000000000000000e+02,1.135000000000000000e+03,1.362000000000000000e+03,1.589000000000000000e+03,1.816000000000000000e+03,2.043000000000000000e+03,2.270000000000000000e+03,2.497000000000000000e+03,2.724000000000000000e+03,2.951000000000000000e+03,3.178000000000000000e+03,3.405000000000000000e+03,3.632000000000000000e+03,3.859000000000000000e+03,4.086000000000000000e+03,4.313000000000000000e+03,4.540000000000000000e+03,4.767000000000000000e+03,4.994000000000000000e+03,5.221000000000000000e+03,5.448000000000000000e+03,5.675000000000000000e+03,5.902000000000000000e+03,6.129000000000000000e+03,6.356000000000000000e+03,6.583000000000000000e+03,6.810000000000000000e+03,7.037000000000000000e+03,7.264000000000000000e+03,7.491000000000000000e+03,7.718000000000000000e+03,7.945000000000000000e+03,8.172000000000000000e+03,8.399000000000000000e+03,8.626000000000000000e+03,8.853000000000000000e+03,9.080000000000000000e+03,9.307000000000000000e+03,9.534000000000000000e+03,9.761000000000000000e+03,9.988000000000000000e+03,1.021500000000000000e+04,1.044200000000000000e+04,1.066900000000000000e+04,1.089600000000000000e+04,1.112300000000000000e+04,1.135000000000000000e+04,1.157700000000000000e+04,1.180400000000000000e+04,1.203100000000000000e+04,1.225800000000000000e+04,1.248500000000000000e+04,1.271200000000000000e+04,1.293900000000000000e+04,1.316600000000000000e+04,1.339300000000000000e+04,1.362000000000000000e+04,1.384700000000000000e+04,1.407400000000000000e+04,1.430100000000000000e+04,1.452800000000000000e+04,1.475500000000000000e+04,1.498200000000000000e+04,1.520900000000000000e+04,1.543600000000000000e+04,1.566300000000000000e+04,1.589000000000000000e+04,1.611700000000000000e+04,1.634400000000000000e+04,1.657100000000000000e+04,1.679800000000000000e+04,1.702500000000000000e+04,1.725200000000000000e+04,1.747900000000000000e+04,1.770600000000000000e+04,1.793300000000000000e+04,1.816000000000000000e+04,1.838700000000000000e+04,1.861400000000000000e+04,1.884100000000000000e+04,1.906800000000000000e+04,1.929500000000000000e+04,1.952200000000000000e+04,1.974900000000000000e+04,1.997600000000000000e+04,2.020300000000000000e+04,2.043000000000000000e+04,2.065700000000000000e+04,2.088400000000000000e+04,2.111100000000000000e+04,2.133800000000000000e+04,2.156500000000000000e+04,2.179200000000000000e+04,2.201900000000000000e+04,2.224600000000000000e+04,2.247300000000000000e+04,2.270000000000000000e+04,2.292700000000000000e+04,2.315400000000000000e+04,2.338100000000000000e+04,2.360800000000000000e+04,2.383500000000000000e+04,2.406200000000000000e+04,2.428900000000000000e+04,2.451600000000000000e+04,2.474300000000000000e+04,2.497000000000000000e+04,2.519700000000000000e+04,2.542400000000000000e+04,2.565100000000000000e+04,2.587800000000000000e+04,2.610500000000000000e+04,2.633200000000000000e+04,2.655900000000000000e+04,2.678600000000000000e+04,2.701300000000000000e+04,2.724000000000000000e+04,2.746700000000000000e+04,2.769400000000000000e+04,2.792100000000000000e+04,2.814800000000000000e+04,2.837500000000000000e+04,2.860200000000000000e+04,2.882900000000000000e+04,2.905600000000000000e+04,2.928300000000000000e+04,2.951000000000000000e+04,2.973700000000000000e+04,2.996400000000000000e+04,3.019100000000000000e+04,3.041800000000000000e+04,3.064500000000000000e+04,3.087200000000000000e+04,3.109900000000000000e+04,3.132600000000000000e+04,3.155300000000000000e+04,3.178000000000000000e+04,3.200700000000000000e+04,3.223400000000000000e+04,3.246100000000000000e+04,3.268800000000000000e+04,3.291500000000000000e+04,3.314200000000000000e+04,3.336900000000000000e+04,3.359600000000000000e+04,3.382300000000000000e+04,3.405000000000000000e+04,3.427700000000000000e+04,3.450400000000000000e+04,3.473100000000000000e+04,3.495800000000000000e+04,3.518500000000000000e+04,3.541200000000000000e+04,3.563900000000000000e+04,3.586600000000000000e+04,3.609300000000000000e+04,3.632000000000000000e+04,3.654700000000000000e+04,3.677400000000000000e+04,3.700100000000000000e+04,3.722800000000000000e+04,3.745500000000000000e+04,3.768200000000000000e+04,3.790900000000000000e+04,3.813600000000000000e+04,3.836300000000000000e+04,3.859000000000000000e+04,3.881700000000000000e+04,3.904400000000000000e+04,3.927100000000000000e+04,3.949800000000000000e+04,3.972500000000000000e+04,3.995200000000000000e+04,4.017900000000000000e+04,4.040600000000000000e+04,4.063300000000000000e+04,4.086000000000000000e+04,4.108700000000000000e+04,4.131400000000000000e+04,4.154100000000000000e+04,4.176800000000000000e+04,4.199500000000000000e+04,4.222200000000000000e+04,4.244900000000000000e+04,4.267600000000000000e+04,4.290300000000000000e+04,4.313000000000000000e+04,4.335700000000000000e+04,4.358400000000000000e+04,4.381100000000000000e+04,4.403800000000000000e+04,4.426500000000000000e+04,4.449200000000000000e+04,4.471900000000000000e+04,4.494600000000000000e+04,4.517300000000000000e+04,4.540000000000000000e+04,4.562700000000000000e+04,4.585400000000000000e+04,4.608100000000000000e+04,4.630800000000000000e+04,4.653500000000000000e+04,4.676200000000000000e+04,4.698900000000000000e+04,4.721600000000000000e+04,4.744300000000000000e+04,4.767000000000000000e+04,4.789700000000000000e+04,4.812400000000000000e+04,4.835100000000000000e+04,4.857800000000000000e+04,4.880500000000000000e+04,4.903200000000000000e+04,4.925900000000000000e+04,4.948600000000000000e+04,4.971300000000000000e+04,4.994000000000000000e+04,5.016700000000000000e+04,5.039400000000000000e+04,5.062100000000000000e+04,5.084800000000000000e+04,5.107500000000000000e+04,5.130200000000000000e+04,5.152900000000000000e+04,5.175600000000000000e+04,5.198300000000000000e+04,5.221000000000000000e+04,5.243700000000000000e+04,5.266400000000000000e+04,5.289100000000000000e+04,5.311800000000000000e+04,5.334500000000000000e+04,5.357200000000000000e+04,5.379900000000000000e+04,5.402600000000000000e+04,5.425300000000000000e+04,5.448000000000000000e+04,5.470700000000000000e+04,5.493400000000000000e+04,5.516100000000000000e+04,5.538800000000000000e+04,5.561500000000000000e+04,5.584200000000000000e+04,5.606900000000000000e+04,5.629600000000000000e+04,5.652300000000000000e+04,5.675000000000000000e+04,5.697700000000000000e+04,5.720400000000000000e+04,5.743100000000000000e+04,5.765800000000000000e+04,5.788500000000000000e+04,5.811200000000000000e+04,5.833900000000000000e+04,5.856600000000000000e+04,5.879300000000000000e+04,5.902000000000000000e+04,5.924700000000000000e+04,5.947400000000000000e+04,5.970100000000000000e+04,5.992800000000000000e+04,6.015500000000000000e+04,6.038200000000000000e+04,6.060900000000000000e+04,6.083600000000000000e+04,6.106300000000000000e+04,6.129000000000000000e+04,6.151700000000000000e+04,6.174400000000000000e+04,6.197100000000000000e+04,6.219800000000000000e+04,6.242500000000000000e+04,6.265200000000000000e+04,6.287900000000000000e+04,6.310600000000000000e+04,6.333300000000000000e+04,6.356000000000000000e+04,6.378700000000000000e+04,6.401400000000000000e+04,6.424100000000000000e+04,6.446800000000000000e+04,6.469500000000000000e+04,6.492200000000000000e+04,6.514900000000000000e+04,6.537600000000000000e+04,6.560300000000000000e+04,6.583000000000000000e+04,6.605700000000000000e+04,6.628400000000000000e+04,6.651100000000000000e+04,6.673800000000000000e+04,6.696500000000000000e+04,6.719200000000000000e+04,6.741900000000000000e+04,6.764600000000000000e+04,6.787300000000000000e+04
0.000000000000000000e+00,2.280000000000000000e+02,4.560000000000000000e+02,6.840000000000000000e+02,9.120000000000000000e+02,1.140000000000000000e+03,1.368000000000000000e+03,1.596000000000000000e+03,1.824000000000000000e+03,2.052000000000000000e+03,2.280000000000000000e+03,2.508000000000000000e+03,2.736000000000000000e+03,2.964000000000000000e+03,3.192000000000000000e+03,3.420000000000000000e+03,3.648000000000000000e+03,3.876000000000000000e+03,4.104000000000000000e+03,4.332000000000000000e+03,4.560000000000000000e+03,4.788000000000000000e+03,5.016000000000000000e+03,5.244000000000000000e+03,5.472000000000000000e+03,5.700000000000000000e+03,5.928000000000000000e+03,6.156000000000000000e+03,6.384000000000000000e+03,6.612000000000000000e+03,6.840000000000000000e+03,7.068000000000000000e+03,7.296000000000000000e+03,7.524000000000000000e+03,7.752000000000000000e+03,7.980000000000000000e+03,8.208000000000000000e+03,8.436000000000000000e+03,8.664000000000000000e+03,8.892000000000000000e+03,9.120000000000000000e+03,9.348000000000000000e+03,9.576000000000000000e+03,9.804000000000000000e+03,1.003200000000000000e+04,1.026000000000000000e+04,1.048800000000000000e+04,1.071600000000000000e+04,1.094400000000000000e+04,1.117200000000000000e+04,1.140000000000000000e+04,1.162800000000000000e+04,1.185600000000000000e+04,1.208400000000000000e+04,1.231200000000000000e+04,1.254000000000000000e+04,1.276800000000000000e+04,1.299600000000000000e+04,1.322400000000000000e+04,1.345200000000000000e+04,1.368000000000000000e+04,1.390800000000000000e+04,1.413600000000000000e+04,1.436400000000000000e+04,1.459200000000000000e+04,1.482000000000000000e+04,1.504800000000000000e+04,1.527600000000000000e+04,1.550400000000000000e+04,1.573200000000000000e+04,1.596000000000000000e+04,1.618800000000000000e+04,1.641600000000000000e+04,1.664400000000000000e+04,1.687200000000000000e+04,1.710000000000000000e+04,1.732800000000000000e+04,1.755600000000000000e+04,1.778400000000000000e+04,1.801200000000000000e+04,1.824000000000000000e+04,1.846800000000000000e+04,1.869600000000000000e+04,1.892400000000000000e+04,1.915200000000000000e+04,1.938000000000000000e+04,1.960800000000000000e+04,1.983600000000000000e+04,2.006400000000000000e+04,2.029200000000000000e+04,2.052000000000000000e+04,2.074800000000000000e+04,2.097600000000000000e+04,2.120400000000000000e+04,2.143200000000000000e+04,2.166000000000000000e+04,2.188800000000000000e+04,2.211600000000000000e+04,2.234400000000000000e+04,2.257200000000000000e+04,2.280000000000000000e+04,2.302800000000000000e+04,2.325600000000000000e+04,2.348400000000000000e+04,2.371200000000000000e+04,2.394000000000000000e+04,2.416800000000000000e+04,2.439600000000000000e+04,2.462400000000000000e+04,2.485200000000000000e+04,2.508000000000000000e+04,2.530800000000000000e+04,2.553600000000000000e+04,2.576400000000000000e+04,2.599200000000000000e+04,2.622000000000000000e+04,2.644800000000000000e+04,2.667600000000000000e+04,2.690400000000000000e+04,2.713200000000000000e+04,2.736000000000000000e+04,2.758800000000000000e+04,2.781600000000000000e+04,2.804400000000000000e+04,2.827200000000000000e+04,2.850000000000000000e+04,2.872800000000000000e+04,2.895600000000000000e+04,2.918400000000000000e+04,2.941200000000000000e+04,2.964000000000000000e+04,2.986800000000000000e+04,3.009600000000000000e+04,3.032400000000000000e+04,3.055200000000000000e+04,3.078000000000000000e+04,3.100800000000000000e+04,3.123600000000000000e+04,3.146400000000000000e+04,3.169200000000000000e+04,3.192000000000000000e+04,3.214800000000000000e+04,3.237600000000000000e+04,3.260400000000000000e+04,3.283200000000000000e+04,3.306000000000000000e+04,3.328800000000000000e+04,3.351600000000000000e+04,3.374400000000000000e+04,3.397200000000000000e+04,3.420000000000000000e+04,3.442800000000000000e+04,3.465600000000000000e+04,3.488400000000000000e+04,3.511200000000000000e+04,3.534000000000000000e+04,3.556800000000000000e+04,3.579600000000000000e+04,3.602400000000000000e+04,3.625200000000000000e+04,3.648000000000000000e+04,3.670800000000000000e+04,3.693600000000000000e+04,3.716400000000000000e+04,3.739200000000000000e+04,3.762000000000000000e+04,3.784800000000000000e+04,3.807600000000000000e+04,3.830400000000000000e+04,3.853200000000000000e+04,3.876000000000000000e+04,3.898800000000000000e+04,3.921600000000000000e+04,3.944400000000000000e+04,3.967200000000000000e+04,3.990000000000000000e+04,4.012800000000000000e+04,4.035600000000000000e+04,4.058400000000000000e+04,4.081200000000000000e+04,4.104000000000000000e+04,4.126800000000000000e+04,4.149600000000000000e+04,4.172400000000000000e+04,4.195200000000000000e+04,4.218000000000000000e+04,4.240800000000000000e+04,4.263600000000000000e+04,4.286400000000000000e+04,4.309200000000000000e+04,4.332000000000000000e+04,4.354800000000000000e+04,4.377600000000000000e+04,4.400400000000000000e+04,4.423200000000000000e+04,4.446000000000000000e+04,4.468800000000000000e+04,4.491600000000000000e+04,4.514400000000000000e+04,4.537200000000000000e+04,4.560000000000000000e+04,4.582800000000000000e+04,4.605600000000000000e+04,4.628400000000000000e+04,4.651200000000000000e+04,4.674000000000000000e+04,4.696800000000000000e+04,4.719600000000000000e+04,4.742400000000000000e+04,4.765200000000000000e+04,4.788000000000000000e+04,4.810800000000000000e+04,4.833600000000000000e+04,4.856400000000000000e+04,4.879200000000000000e+04,4.902000000000000000e+04,4.924800000000000000e+04,4.947600000000000000e+04,4.970400000000000000e+04,4.993200000000000000e+04,5.016000000000000000e+04,5.038800000000000000e+04,5.061600000000000000e+04,5.084400000000000000e+04,5.107200000000000000e+04,5.130000000000000000e+04,5.152800000000000000e+04,5.175600000000000000e+04,5.198400000000000000e+04,5.221200000000000000e+04,5.244000000000000000e+04,5.266800000000000000e+04,5.289600000000000000e+04,5.312400000000000000e+04,5.335200000000000000e+04,5.358000000000000000e+04,5.380800000000000000e+04,5.403600000000000000e+04,5.426400000000000000e+04,5.449200000000000000e+04,5.472000000000000000e+04,5.494800000000000000e+04,5.517600000000000000e+04,5.540400000000000000e+04,5.563200000000000000e+04,5.586000000000000000e+04,5.608800000000000000e+04,5.631600000000000000e+04,5.654400000000000000e+04,5.677200000000000000e+04,5.700000000000000000e+04,5.722800000000000000e+04,5.745600000000000000e+04,5.768400000000000000e+04,5.791200000000000000e+04,5.814000000000000000e+04,5.836800000000000000e+04,5.859600000000000000e+04,5.882400000000000000e+04,5.905200000000000000e+04,5.928000000000000000e+04,5.950800000000000000e+04,5.973600000000000000e+04,5.996400000000000000e+04,6.019200000000000000e+04,6.042000000000000000e+04,6.064800000000000000e+04,6.087600000000000000e+04,6.110400000000000000e+04,6.133200000000000000e+04,6.156000000000000000e+04,6.178800000000000000e+04,6.201600000000000000e+04,6.224400000000000000e+04,6.247200000000000000e+04,6.270000000000000000e+04,6.292800000000000000e+04,6.315600000000000000e+04,6.338400000000000000e+04,6.361200000000000000e+04,6.384000000000000000e+04,6.406800000000000000e+04,6.429600000000000000e+04,6.452400000000000000e+04,6.475200000000000000e+04,6.498000000000000000e+04,6.520800000000000000e+04,6.543600000000000000e+04,6.566400000000000000e+04,6.589200000000000000e+04,6.612000000000000000e+04,6.634800000000000000e+04,6.657600000000000000e+04,6.680400000000000000e+04,6.703200000000000000e+04,6.726000000000000000e+04,6.748800000000000000e+04,6.771600000000000000e+04,6.794400000000000000e+04,6.817200000000000000e+04
0.000000000000000000e+00,2.290000000000000000e+02,4.580000000000000000e+02,6.870000000000000000e+02,9.160000000000000000e+02,1.145000000000000000e+03,1.374000000000000000e+03,1.603000000000000000e+03,1.832000000000000000e+03,2.061000000000000000e+03,2.290000000000000000e+03,2.519000000000000000e+03,2.748000000000000000e+03,2.977000000000000000e+03,3.206000000000000000e+03,3.435000000000000000e+03,3.664000000000000000e+03,3.893000000000000000e+03,4.122000000000000000e+03,4.351000000000000000e+03,4.580000000000000000e+03,4.809000000000000000e+03,5.038000000000000000e+03,5.267000000000000000e+03,5.496000000000000000e+03,5.725000000000000000e+03,5.954000000000000000e+03,6.183000000000000000e+03,6.412000000000000000e+03,6.641000000000000000e+03,6.870000000000000000e+03,7.099000000000000000e+03,7.328000000000000000e+03,7.557000000000000000e+03,7.786000000000000000e+03,8.015000000000000000e+03,8.244000000000000000e+03,8.473000000000000000e+03,8.702000000000000000e+03,8.931000000000000000e+03,9.160000000000000000e+03,9.389000000000000000e+03,9.618000000000000000e+03,9.847000000000000000e+03,1.007600000000000000e+04,1.030500000000000000e+04,1.053400000000000000e+04,1.076300000000000000e+04,1.099200000000000000e+04,1.122100000000000000e+04,1.145000000000000000e+04,1.167900000000000000e+04,1.190800000000000000e+04,1.213700000000000000e+04,1.236600000000000000e+04,1.259500000000000000e+04,1.282400000000000000e+04,1.305300000000000000e+04,1.328200000000000000e+04,1.351100000000000000e+04,1.374000000000000000e+04,1.396900000000000000e+04,1.419800000000000000e+04,1.442700000000000000e+04,1.465600000000000000e+04,1.488500000000000000e+04,1.511400000000000000e+04,1.534300000000000000e+04,1.557200000000000000e+04,1.580100000000000000e+04,1.603000000000000000e+04,1.625900000000000000e+04,1.648800000000000000e+04,1.671700000000000000e+04,1.694600000000000000e+04,1.717500000000000000e+04,1.740400000000000000e+04,1.763300000000000000e+04,1.786200000000000000e+04,1.809100000000000000e+04,1.832000000000000000e+04,1.854900000000000000e+04,1.877800000000000000e+04,1.900700000000000000e+04,1.923600000000000000e+04,1.946500000000000000e+04,1.969400000000000000e+04,1.992300000000000000e+04,2.015200000000000000e+04,2.038100000000000000e+04,2.061000000000000000e+04,2.083900000000000000e+04,2.106800000000000000e+04,2.129700000000000000e+04,2.152600000000000000e+04,2.175500000000000000e+04,2.198400000000000000e+04,2.221300000000000000e+04,2.244200000000000000e+04,2.267100000000000000e+04,2.290000000000000000e+04,2.312900000000000000e+04,2.335800000000000000e+04,2.358700000000000000e+04,2.381600000000000000e+04,2.404500000000000000e+04,2.427400000000000000e+04,2.450300000000000000e+04,2.473200000000000000e+04,2.496100000000000000e+04,2.519000000000000000e+04,2.541900000000000000e+04,2.564800000000000000e+04,2.587700000000000000e+04,2.610600000000000000e+04,2.633500000000000000e+04,2.656400000000000000e+04,2.679300000000000000e+04,2.702200000000000000e+04,2.725100000000000000e+04,2.748000000000000000e+04,2.770900000000000000e+04,2.793800000000000000e+04,2.816700000000000000e+04,2.839600000000000000e+04,2.862500000000000000e+04,2.885400000000000000e+04,2.908300000000000000e+04,2.931200000000000000e+04,2.954100000000000000e+04,2.977000000000000000e+04,2.999900000000000000e+04,3.022800000000000000e+04,3.045700000000000000e+04,3.068600000000000000e+04,3.091500000000000000e+04,3.114400000000000000e+04,3.137300000000000000e+04,3.160200000000000000e+04,3.183100000000000000e+04,3.206000000000000000e+04,3.228900000000000000e+04,3.251800000000000000e+04,3.274700000000000000e+04,3.297600000000000000e+04,3.320500000000000000e+04,3.343400000000000000e+04,3.366300000000000000e+04,3.389200000000000000e+04,3.412100000000000000e+04,3.435000000000000000e+04,3.457900000000000000e+04,3.480800000000000000e+04,3.503700000000000000e+04,3.526600000000000000e+04,3.549500000000000000e+04,3.572400000000000000e+04,3.595300000000000000e+04,3.618200000000000000e+04,3.641100000000000000e+04,3.664000000000000000e+04,3.686900000000000000e+04,3.709800000000000000e+04,3.732700000000000000e+04,3.755600000000000000e+04,3.778500000000000000e+04,3.801400000000000000e+04,3.824300000000000000e+04,3.847200000000000000e+04,3.870100000000000000e+04,3.893000000000000000e+04,3.915900000000000000e+04,3.938800000000000000e+04,3.961700000000000000e+04,3.984600000000000000e+04,4.007500000000000000e+04,4.030400000000000000e+04,4.053300000000000000e+04,4.076200000000000000e+04,4.099100000000000000e+04,4.122000000000000000e+04,4.144900000000000000e+04,4.167800000000000000e+04,4.190700000000000000e+04,4.213600000000000000e+04,4.236500000000000000e+04,4.259400000000000000e+04,4.282300000000000000e+04,4.305200000000000000e+04,4.328100000000000000e+04,4.351000000000000000e+04,4.373900000000000000e+04,4.396800000000000000e+04,4.419700000000000000e+04,4.442600000000000000e+04,4.465500000000000000e+04,4.488400000000000000e+04,4.511300000000000000e+04,4.534200000000000000e+04,4.557100000000000000e+04,4.580000000000000000e+04,4.602900000000000000e+04,4.625800000000000000e+04,4.648700000000000000e+04,4.671600000000000000e+04,4.694500000000000000e+04,4.717400000000000000e+04,4.740300000000000000e+04,4.763200000000000000e+04,4.786100000000000000e+04,4.809000000000000000e+04,4.831900000000000000e+04,4.854800000000000000e+04,4.877700000000000000e+04,4.900600000000000000e+04,4.923500000000000000e+04,4.946400000000000000e+04,4.969300000000000000e+04,4.992200000000000000e+04,5.015100000000000000e+04,5.038000000000000000e+04,5.060900000000000000e+04,5.083800000000000000e+04,5.106700000000000000e+04,5.129600000000000000e+04,5.152500000000000000e+04,5.175400000000000000e+04,5.198300000000000000e+04,5.221200000000000000e+04,5.244100000000000000e+04,5.267000000000000000e+04,5.289900000000000000e+04,5.312800000000000000e+04,5.335700000000000000e+04,5.358600000000000000e+04,5.381500000000000000e+04,5.404400000000000000e+04,5.427300000000000000e+04,5.450200000000000000e+04,5.473100000000000000e+04,5.496000000000000000e+04,5.518900000000000000e+04,5.541800000000000000e+04,5.564700000000000000e+04,5.587600000000000000e+04,5.610500000000000000e+04,5.633400000000000000e+04,5.656300000000000000e+04,5.679200000000000000e+04,5.702100000000000000e+04,5.725000000000000000e+04,5.747900000000000000e+04,5.770800000000000000e+04,5.793700000000000000e+04,5.816600000000000000e+04,5.839500000000000000e+04,5.862400000000000000e+04,5.885300000000000000e+04,5.908200000000000000e+04,5.931100000000000000e+04,5.954000000000000000e+04,5.976900000000000000e+04,5.999800000000000000e+04,6.022700000000000000e+04,6.045600000000000000e+04,6.068500000000000000e+04,6.091400000000000000e+04,6.114300000000000000e+04,6.137200000000000000e+04,6.160100000000000000e+04,6.183000000000000000e+04,6.205900000000000000e+04,6.228800000000000000e+04,6.251700000000000000e+04,6.274600000000000000e+04,6.297500000000000000e+04,6.320400000000000000e+04,6.343300000000000000e+04,6.366200000000000000e+04,6.389100000000000000e+04,6.412000000000000000e+04,6.434900000000000000e+04,6.457800000000000000e+04,6.480700000000000000e+04,6.503600000000000000e+04,6.526500000000000000e+04,6.549400000000000000e+04,6.572300000000000000e+04,6.595200000000000000e+04,6.618100000000000000e+04,6.641000000000000000e+04,6.663900000000000000e+04,6.686800000000000000e+04,6.709700000000000000e+04,6.732600000000000000e+04,6.755500000000000000e+04,6.778400000000000000e+04,6.801300000000000000e+04,6.824200000000000000e+04,6.847100000000000000e+04
0.000000000000000000e+00,2.300000000000000000e+02,4.600000000000000000e+02,6.900000000000000000e+02,9.200000000000000000e+02,1.150000000000000000e+03,1.380000000000000000e+03,1.610000000000000000e+03,1.840000000000000000e+03,2.070000000000000000e+03,2.300000000000000000e+03,2.530000000000000000e+03,2.760000000000000000e+03,2.990000000000000000e+03,3.220000000000000000e+03,3.450000000000000000e+03,3.680000000000000000e+03,3.910000000000000000e+03,4.140000000000000000e+03,4.370000000000000000e+03,4.600000000000000000e+03,4.830000000000000000e+03,5.060000000000000000e+03,5.290000000000000000e+03,5.520000000000000000e+03,5.750000000000000000e+03,5.980000000000000000e+03,6.210000000000000000e+03,6.440000000000000000e+03,6.670000000000000000e+03,6.900000000000000000e+03,7.130000000000000000e+03,7.360000000000000000e+03,7.590000000000000000e+03,7.820000000000000000e+03,8.050000000000000000e+03,8.280000000000000000e+03,8.510000000000000000e+03,8.740000000000000000e+03,8.970000000000000000e+03,9.200000000000000000e+03,9.430000000000000000e+03,9.660000000000000000e+03,9.890000000000000000e+03,1.012000000000000000e+04,1.035000000000000000e+04,1.058000000000000000e+04,1.081000000000000000e+04,1.104000000000000000e+04,1.127000000000000000e+04,1.150000000000000000e+04,1.173000000000000000e+04,1.196000000000000000e+04,1.219000000000000000e+04,1.242000000000000000e+04,1.265000000000000000e+04,1.288000000000000000e+04,1.311000000000000000e+04,1.334000000000000000e+04,1.357000000000000000e+04,1.380000000000000000e+04,1.403000000000000000e+04,1.426000000000000000e+04,1.449000000000000000e+04,1.472000000000000000e+04,1.495000000000000000e+04,1.518000000000000000e+04,1.541000000000000000e+04,1.564000000000000000e+04,1.587000000000000000e+04,1.610000000000000000e+04,1.633000000000000000e+04,1.656000000000000000e+04,1.679000000000000000e+04,1.702000000000000000e+04,1.725000000000000000e+04,1.748000000000000000e+04,1.771000000000000000e+04,1.794000000000000000e+04,1.817000000000000000e+04,1.840000000000000000e+04,1.863000000000000000e+04,1.886000000000000000e+04,1.909000000000000000e+04,1.932000000000000000e+04,1.955000000000000000e+04,1.978000000000000000e+04,2.001000000000000000e+04,2.024000000000000000e+04,2.047000000000000000e+04,2.070000000000000000e+04,2.093000000000000000e+04,2.116000000000000000e+04,2.139000000000000000e+04,2.162000000000000000e+04,2.185000000000000000e+04,2.208000000000000000e+04,2.231000000000000000e+04,2.254000000000000000e+04,2.277000000000000000e+04,2.300000000000000000e+04,2.323000000000000000e+04,2.346000000000000000e+04,2.369000000000000000e+04,2.392000000000000000e+04,2.415000000000000000e+04,2.438000000000000000e+04,2.461000000000000000e+04,2.484000000000000000e+04,2.507000000000000000e+04,2.530000000000000000e+04,2.553000000000000000e+04,2.576000000000000000e+04,2.599000000000000000e+04,2.622000000000000000e+04,2.645000000000000000e+04,2.668000000000000000e+04,2.691000000000000000e+04,2.714000000000000000e+04,2.737000000000000000e+04,2.760000000000000000e+04,2.783000000000000000e+04,2.806000000000000000e+04,2.829000000000000000e+04,2.852000000000000000e+04,2.875000000000000000e+04,2.898000000000000000e+04,2.921000000000000000e+04,2.944000000000000000e+04,2.967000000000000000e+04,2.990000000000000000e+04,3.013000000000000000e+04,3.036000000000000000e+04,3.059000000000000000e+04,3.082000000000000000e+04,3.105000000000000000e+04,3.128000000000000000e+04,3.151000000000000000e+04,3.174000000000000000e+04,3.197000000000000000e+04,3.220000000000000000e+04,3.243000000000000000e+04,3.266000000000000000e+04,3.289000000000000000e+04,3.312000000000000000e+04,3.335000000000000000e+04,3.358000000000000000e+04,3.381000000000000000e+04,3.404000000000000000e+04,3.427000000000000000e+04,3.450000000000000000e+04,3.473000000000000000e+04,3.496000000000000000e+04,3.519000000000000000e+04,3.542000000000000000e+04,3.565000000000000000e+04,3.588000000000000000e+04,3.611000000000000000e+04,3.634000000000000000e+04,3.657000000000000000e+04,3.680000000000000000e+04,3.703000000000000000e+04,3.726000000000000000e+04,3.749000000000000000e+04,3.772000000000000000e+04,3.795000000000000000e+04,3.818000000000000000e+04,3.841000000000000000e+04,3.864000000000000000e+04,3.887000000000000000e+04,3.910000000000000000e+04,3.933000000000000000e+04,3.956000000000000000e+04,3.979000000000000000e+04,4.002000000000000000e+04,4.025000000000000000e+04,4.048000000000000000e+04,4.071000000000000000e+04,4.094000000000000000e+04,4.117000000000000000e+04,4.140000000000000000e+04,4.163000000000000000e+04,4.186000000000000000e+04,4.209000000000000000e+04,4.232000000000000000e+04,4.255000000000000000e+04,4.278000000000000000e+04,4.301000000000000000e+04,4.324000000000000000e+04,4.347000000000000000e+04,4.370000000000000000e+04,4.393000000000000000e+04,4.416000000000000000e+04,4.439000000000000000e+04,4.462000000000000000e+04,4.485000000000000000e+04,4.508000000000000000e+04,4.531000000000000000e+04,4.554000000000000000e+04,4.577000000000000000e+04,4.600000000000000000e+04,4.623000000000000000e+04,4.646000000000000000e+04,4.669000000000000000e+04,4.692000000000000000e+04,4.715000000000000000e+04,4.738000000000000000e+04,4.761000000000000000e+04,4.784000000000000000e+04,4.807000000000000000e+04,4.830000000000000000e+04,4.853000000000000000e+04,4.876000000000000000e+04,4.899000000000000000e+04,4.922000000000000000e+04,4.945000000000000000e+04,4.968000000000000000e+04,4.991000000000000000e+04,5.014000000000000000e+04,5.037000000000000000e+04,5.060000000000000000e+04,5.083000000000000000e+04,5.106000000000000000e+04,5.129000000000000000e+04,5.152000000000000000e+04,5.175000000000000000e+04,5.198000000000000000e+04,5.221000000000000000e+04,5.244000000000000000e+04,5.267000000000000000e+04,5.290000000000000000e+04,5.313000000000000000e+04,5.336000000000000000e+04,5.359000000000000000e+04,5.382000000000000000e+04,5.405000000000000000e+04,5.428000000000000000e+04,5.451000000000000000e+04,5.474000000000000000e+04,5.497000000000000000e+04,5.520000000000000000e+04,5.543000000000000000e+04,5.566000000000000000e+04,5.589000000000000000e+04,5.612000000000000000e+04,5.635000000000000000e+04,5.658000000000000000e+04,5.681000000000000000e+04,5.704000000000000000e+04,5.727000000000000000e+04,5.750000000000000000e+04,5.773000000000000000e+04,5.796000000000000000e+04,5.819000000000000000e+04,5.842000000000000000e+04,5.865000000000000000e+04,5.888000000000000000e+04,5.911000000000000000e+04,5.934000000000000000e+04,5.957000000000000000e+04,5.980000000000000000e+04,6.003000000000000000e+04,6.026000000000000000e+04,6.049000000000000000e+04,6.072000000000000000e+04,6.095000000000000000e+04,6.118000000000000000e+04,6.141000000000000000e+04,6.164000000000000000e+04,6.187000000000000000e+04,6.210000000000000000e+04,6.233000000000000000e+04,6.256000000000000000e+04,6.279000000000000000e+04,6.302000000000000000e+04,6.325000000000000000e+04,6.348000000000000000e+04,6.371000000000000000e+04,6.394000000000000000e+04,6.417000000000000000e+04,6.440000000000000000e+04,6.463000000000000000e+04,6.486000000000000000e+04,6.509000000000000000e+04,6.532000000000000000e+04,6.555000000000000000e+04,6.578000000000000000e+04,6.601000000000000000e+04,6.624000000000000000e+04,6.647000000000000000e+04,6.670000000000000000e+04,6.693000000000000000e+04,6.716000000000000000e+04,6.739000000000000000e+04,6.762000000000000000e+04,6.785000000000000000e+04,6.808000000000000000e+04,6.831000000000000000e+04,6.854000000000000000e+04,6.877000000000000000e+04
0.000000000000000000e+00,2.310000000000000000e+02,4.620000000000000000e+02,6.930000000000000000e+02,9.240000000000000000e+02,1.155000000000000000e+03,1.386000000000000000e+03,1.617000000000000000e+03,1.848000000000000000e+03,2.079000000000000000e+03,2.310000000000000000e+03,2.541000000000000000e+03,2.772000000000000000e+03,3.003000000000000000e+03,3.234000000000000000e+03,3.465000000000000000e+03,3.696000000000000000e+03,3.927000000000000000e+03,4.158000000000000000e+03,4.389000000000000000e+03,4.620000000000000000e+03,4.851000000000000000e+03,5.082000000000000000e+03,5.313000000000000000e+03,5.544000000000000000e+03,5.775000000000000000e+03,6.006000000000000000e+03,6.237000000000000000e+03,6.468000000000000000e+03,6.699000000000000000e+03,6.930000000000000000e+03,7.161000000000000000e+03,7.392000000000000000e+03,7.623000000000000000e+03,7.854000000000000000e+03,8.085000000000000000e+03,8.316000000000000000e+03,8.547000000000000000e+03,8.778000000000000000e+03,9.009000000000000000e+03,9.240000000000000000e+03,9.471000000000000000e+03,9.702000000000000000e+03,9.933000000000000000e+03,1.016400000000000000e+04,1.039500000000000000e+04,1.062600000000000000e+04,1.085700000000000000e+04,1.108800000000000000e+04,1.131900000000000000e+04,1.155000000000000000e+04,1.178100000000000000e+04,1.201200000000000000e+04,1.224300000000000000e+04,1.247400000000000000e+04,1.270500000000000000e+04,1.293600000000000000e+04,1.316700000000000000e+04,1.339800000000000000e+04,1.362900000000000000e+04,1.386000000000000000e+04,1.409100000000000000e+04,1.432200000000000000e+04,1.455300000000000000e+04,1.478400000000000000e+04,1.501500000000000000e+04,1.524600000000000000e+04,1.547700000000000000e+04,1.570800000000000000e+04,1.593900000000000000e+04,1.617000000000000000e+04,1.640100000000000000e+04,1.663200000000000000e+04,1.686300000000000000e+04,1.709400000000000000e+04,1.732500000000000000e+04,1.755600000000000000e+04,1.778700000000000000e+04,1.801800000000000000e+04,1.824900000000000000e+04,1.848000000000000000e+04,1.871100000000000000e+04,1.894200000000000000e+04,1.917300000000000000e+04,1.940400000000000000e+04,1.963500000000000000e+04,1.986600000000000000e+04,2.009700000000000000e+04,2.032800000000000000e+04,2.055900000000000000e+04,2.079000000000000000e+04,2.102100000000000000e+04,2.125200000000000000e+04,2.148300000000000000e+04,2.171400000000000000e+04,2.194500000000000000e+04,2.217600000000000000e+04,2.240700000000000000e+04,2.263800000000000000e+04,2.286900000000000000e+04,2.310000000000000000e+04,2.333100000000000000e+04,2.356200000000000000e+04,2.379300000000000000e+04,2.402400000000000000e+04,2.425500000000000000e+04,2.448600000000000000e+04,2.471700000000000000e+04,2.494800000000000000e+04,2.517900000000000000e+04,2.541000000000000000e+04,2.564100000000000000e+04,2.587200000000000000e+04,2.610300000000000000e+04,2.633400000000000000e+04,2.656500000000000000e+04,2.679600000000000000e+04,2.702700000000000000e+04,2.725800000000000000e+04,2.748900000000000000e+04,2.772000000000000000e+04,2.795100000000000000e+04,2.818200000000000000e+04,2.841300000000000000e+04,2.864400000000000000e+04,2.887500000000000000e+04,2.910600000000000000e+04,2.933700000000000000e+04,2.956800000000000000e+04,2.979900000000000000e+04,3.003000000000000000e+04,3.026100000000000000e+04,3.049200000000000000e+04,3.072300000000000000e+04,3.095400000000000000e+04,3.118500000000000000e+04,3.141600000000000000e+04,3.164700000000000000e+04,3.187800000000000000e+04,3.210900000000000000e+04,3.234000000000000000e+04,3.257100000000000000e+04,3.280200000000000000e+04,3.303300000000000000e+04,3.326400000000000000e+04,3.349500000000000000e+04,3.372600000000000000e+04,3.395700000000000000e+04,3.418800000000000000e+04,3.441900000000000000e+04,3.465000000000000000e+04,3.488100000000000000e+04,3.511200000000000000e+04,3.534300000000000000e+04,3.557400000000000000e+04,3.580500000000000000e+04,3.603600000000000000e+04,3.626700000000000000e+04,3.649800000000000000e+04,3.672900000000000000e+04,3.696000000000000000e+04,3.719100000000000000e+04,3.742200000000000000e+04,3.765300000000000000e+04,3.788400000000000000e+04,3.811500000000000000e+04,3.834600000000000000e+04,3.857700000000000000e+04,3.880800000000000000e+04,3.903900000000000000e+04,3.927000000000000000e+04,3.950100000000000000e+04,3.973200000000000000e+04,3.996300000000000000e+04,4.019400000000000000e+04,4.042500000000000000e+04,4.065600000000000000e+04,4.088700000000000000e+04,4.111800000000000000e+04,4.134900000000000000e+04,4.158000000000000000e+04,4.181100000000000000e+04,4.204200000000000000e+04,4.227300000000000000e+04,4.250400000000000000e+04,4.273500000000000000e+04,4.296600000000000000e+04,4.319700000000000000e+04,4.342800000000000000e+04,4.365900000000000000e+04,4.389000000000000000e+04,4.412100000000000000e+04,4.435200000000000000e+04,4.458300000000000000e+04,4.481400000000000000e+04,4.504500000000000000e+04,4.527600000000000000e+04,4.550700000000000000e+04,4.573800000000000000e+04,4.596900000000000000e+04,4.620000000000000000e+04,4.643100000000000000e+04,4.666200000000000000e+04,4.689300000000000000e+04,4.712400000000000000e+04,4.735500000000000000e+04,4.758600000000000000e+04,4.781700000000000000e+04,4.804800000000000000e+04,4.827900000000000000e+04,4.851000000000000000e+04,4.874100000000000000e+04,4.897200000000000000e+04,4.920300000000000000e+04,4.943400000000000000e+04,4.966500000000000000e+04,4.989600000000000000e+04,5.012700000000000000e+04,5.035800000000000000e+04,5.058900000000000000e+04,5.082000000000000000e+04,5.105100000000000000e+04,5.128200000000000000e+04,5.151300000000000000e+04,5.174400000000000000e+04,5.197500000000000000e+04,5.220600000000000000e+04,5.243700000000000000e+04,5.266800000000000000e+04,5.289900000000000000e+04,5.313000000000000000e+04,5.336100000000000000e+04,5.359200000000000000e+04,5.382300000000000000e+04,5.405400000000000000e+04,5.428500000000000000e+04,5.451600000000000000e+04,5.474700000000000000e+04,5.497800000000000000e+04,5.520900000000000000e+04,5.544000000000000000e+04,5.567100000000000000e+04,5.590200000000000000e+04,5.613300000000000000e+04,5.636400000000000000e+04,5.659500000000000000e+04,5.682600000000000000e+04,5.705700000000000000e+04,5.728800000000000000e+04,5.751900000000000000e+04,5.775000000000000000e+04,5.798100000000000000e+04,5.821200000000000000e+04,5.844300000000000000e+04,5.867400000000000000e+04,5.890500000000000000e+04,5.913600000000000000e+04,5.936700000000000000e+04,5.959800000000000000e+04,5.982900000000000000e+04,6.006000000000000000e+04,6.029100000000000000e+04,6.052200000000000000e+04,6.075300000000000000e+04,6.098400000000000000e+04,6.121500000000000000e+04,6.144600000000000000e+04,6.167700000000000000e+04,6.190800000000000000e+04,6.213900000000000000e+04,6.237000000000000000e+04,6.260100000000000000e+04,6.283200000000000000e+04,6.306300000000000000e+04,6.329400000000000000e+04,6.352500000000000000e+04,6.375600000000000000e+04,6.398700000000000000e+04,6.421800000000000000e+04,6.444900000000000000e+04,6.468000000000000000e+04,6.491100000000000000e+04,6.514200000000000000e+04,6.537300000000000000e+04,6.560400000000000000e+04,6.583500000000000000e+04,6.606600000000000000e+04,6.629700000000000000e+04,6.652800000000000000e+04,6.675900000000000000e+04,6.699000000000000000e+04,6.722100000000000000e+04,6.745200000000000000e+04,6.768300000000000000e+04,6.791400000000000000e+04,6.814500000000000000e+04,6.837600000000000000e+04,6.860700000000000000e+04,6.883800000000000000e+04,6.906900000000000000e+04
0.000000000000000000e+00,2.320000000000000000e+02,4.640000000000000000e+02,6.960000000000000000e+02,9.280000000000000000e+02,1.160000000000000000e+03,1.392000000000000000e+03,1.624000000000000000e+03,1.856000000000000000e+03,2.088000000000000000e+03,2.320000000000000000e+03,2.552000000000000000e+03,2.784000000000000000e+03,3.016000000000000000e+03,3.248000000000000000e+03,3.480000000000000000e+03,3.712000000000000000e+03,3.944000000000000000e+03,4.176000000000000000e+03,4.408000000000000000e+03,4.640000000000000000e+03,4.872000000000000000e+03,5.104000000000000000e+03,5.336000000000000000e+03,5.568000000000000000e+03,5.800000000000000000e+03,6.032000000000000000e+03,6.264000000000000000e+03,6.496000000000000000e+03,6.728000000000000000e+03,6.960000000000000000e+03,7.192000000000000000e+03,7.424000000000000000e+03,7.656000000000000000e+03,7.888000000000000000e+03,8.120000000000000000e+03,8.352000000000000000e+03,8.584000000000000000e+03,8.816000000000000000e+03,9.048000000000000000e+03,9.280000000000000000e+03,9.512000000000000000e+03,9.744000000000000000e+03,9.976000000000000000e+03,1.020800000000000000e+04,1.044000000000000000e+04,1.067200000000000000e+04,1.090400000000000000e+04,1.113600000000000000e+04,1.136800000000000000e+04,1.160000000000000000e+04,1.183200000000000000e+04,1.206400000000000000e+04,1.229600000000000000e+04,1.252800000000000000e+04,1.276000000000000000e+04,1.299200000000000000e+04,1.322400000000000000e+04,1.345600000000000000e+04,1.368800000000000000e+04,1.392000000000000000e+04,1.415200000000000000e+04,1.438400000000000000e+04,1.461600000000000000e+04,1.484800000000000000e+04,1.508000000000000000e+04,1.531200000000000000e+04,1.554400000000000000e+04,1.577600000000000000e+04,1.600800000000000000e+04,1.624000000000000000e+04,1.647200000000000000e+04,1.670400000000000000e+04,1.693600000000000000e+04,1.716800000000000000e+04,1.740000000000000000e+04,1.763200000000000000e+04,1.786400000000000000e+04,1.809600000000000000e+04,1.832800000000000000e+04,1.856000000000000000e+04,1.879200000000000000e+04,1.902400000000000000e+04,1.925600000000000000e+04,1.948800000000000000e+04,1.972000000000000000e+04,1.995200000000000000e+04,2.018400000000000000e+04,2.041600000000000000e+04,2.064800000000000000e+04,2.088000000000000000e+04,2.111200000000000000e+04,2.134400000000000000e+04,2.157600000000000000e+04,2.180800000000000000e+04,2.204000000000000000e+04,2.227200000000000000e+04,2.250400000000000000e+04,2.273600000000000000e+04,2.296800000000000000e+04,2.320000000000000000e+04,2.343200000000000000e+04,2.366400000000000000e+04,2.389600000000000000e+04,2.412800000000000000e+04,2.436000000000000000e+04,2.459200000000000000e+04,2.482400000000000000e+04,2.505600000000000000e+04,2.528800000000000000e+04,2.552000000000000000e+04,2.575200000000000000e+04,2.598400000000000000e+04,2.621600000000000000e+04,2.644800000000000000e+04,2.668000000000000000e+04,2.691200000000000000e+04,2.714400000000000000e+04,2.737600000000000000e+04,2.760800000000000000e+04,2.784000000000000000e+04,2.807200000000000000e+04,2.830400000000000000e+04,2.853600000000000000e+04,2.876800000000000000e+04,2.900000000000000000e+04,2.923200000000000000e+04,2.946400000000000000e+04,2.969600000000000000e+04,2.992800000000000000e+04,3.016000000000000000e+04,3.039200000000000000e+04,3.062400000000000000e+04,3.085600000000000000e+04,3.108800000000000000e+04,3.132000000000000000e+04,3.155200000000000000e+04,3.178400000000000000e+04,3.201600000000000000e+04,3.224800000000000000e+04,3.248000000000000000e+04,3.271200000000000000e+04,3.294400000000000000e+04,3.317600000000000000e+04,3.340800000000000000e+04,3.364000000000000000e+04,3.387200000000000000e+04,3.410400000000000000e+04,3.433600000000000000e+04,3.456800000000000000e+04,3.480000000000000000e+04,3.503200000000000000e+04,3.526400000000000000e+04,3.549600000000000000e+04,3.572800000000000000e+04,3.596000000000000000e+04,3.619200000000000000e+04,3.642400000000000000e+04,3.665600000000000000e+04,3.688800000000000000e+04,3.712000000000000000e+04,3.735200000000000000e+04,3.758400000000000000e+04,3.781600000000000000e+04,3.804800000000000000e+04,3.828000000000000000e+04,3.851200000000000000e+04,3.874400000000000000e+04,3.897600000000000000e+04,3.920800000000000000e+04,3.944000000000000000e+04,3.967200000000000000e+04,3.990400000000000000e+04,4.013600000000000000e+04,4.036800000000000000e+04,4.060000000000000000e+04,4.083200000000000000e+04,4.106400000000000000e+04,4.129600000000000000e+04,4.152800000000000000e+04,4.176000000000000000e+04,4.199200000000000000e+04,4.222400000000000000e+04,4.245600000000000000e+04,4.268800000000000000e+04,4.292000000000000000e+04,4.315200000000000000e+04,4.338400000000000000e+04,4.361600000000000000e+04,4.384800000000000000e+04,4.408000000000000000e+04,4.431200000000000000e+04,4.454400000000000000e+04,4.477600000000000000e+04,4.500800000000000000e+04,4.524000000000000000e+04,4.547200000000000000e+04,4.570400000000000000e+04,4.593600000000000000e+04,4.616800000000000000e+04,4.640000000000000000e+04,4.663200000000000000e+04,4.686400000000000000e+04,4.709600000000000000e+04,4.732800000000000000e+04,4.756000000000000000e+04,4.779200000000000000e+04,4.802400000000000000e+04,4.825600000000000000e+04,4.848800000000000000e+04,4.872000000000000000e+04,4.895200000000000000e+04,4.918400000000000000e+04,4.941600000000000000e+04,4.964800000000000000e+04,4.988000000000000000e+04,5.011200000000000000e+04,5.034400000000000000e+04,5.057600000000000000e+04,5.080800000000000000e+04,5.104000000000000000e+04,5.127200000000000000e+04,5.150400000000000000e+04,5.173600000000000000e+04,5.196800000000000000e+04,5.220000000000000000e+04,5.243200000000000000e+04,5.266400000000000000e+04,5.289600000000000000e+04,5.312800000000000000e+04,5.336000000000000000e+04,5.359200000000000000e+04,5.382400000000000000e+04,5.405600000000000000e+04,5.428800000000000000e+04,5.452000000000000000e+04,5.475200000000000000e+04,5.498400000000000000e+04,5.521600000000000000e+04,5.544800000000000000e+04,5.568000000000000000e+04,5.591200000000000000e+04,5.614400000000000000e+04,5.637600000000000000e+04,5.660800000000000000e+04,5.684000000000000000e+04,5.707200000000000000e+04,5.730400000000000000e+04,5.753600000000000000e+04,5.776800000000000000e+04,5.800000000000000000e+04,5.823200000000000000e+04,5.846400000000000000e+04,5.869600000000000000e+04,5.892800000000000000e+04,5.916000000000000000e+04,5.939200000000000000e+04,5.962400000000000000e+04,5.985600000000000000e+04,6.008800000000000000e+04,6.032000000000000000e+04,6.055200000000000000e+04,6.078400000000000000e+04,6.101600000000000000e+04,6.124800000000000000e+04,6.148000000000000000e+04,6.171200000000000000e+04,6.194400000000000000e+04,6.217600000000000000e+04,6.240800000000000000e+04,6.264000000000000000e+04,6.287200000000000000e+04,6.310400000000000000e+04,6.333600000000000000e+04,6.356800000000000000e+04,6.380000000000000000e+04,6.403200000000000000e+04,6.426400000000000000e+04,6.449600000000000000e+04,6.472800000000000000e+04,6.496000000000000000e+04,6.519200000000000000e+04,6.542400000000000000e+04,6.565600000000000000e+04,6.588800000000000000e+04,6.612000000000000000e+04,6.635200000000000000e+04,6.658400000000000000e+04,6.681600000000000000e+04,6.704800000000000000e+04,6.728000000000000000e+04,6.751200000000000000e+04,6.774400000000000000e+04,6.797600000000000000e+04,6.820800000000000000e+04,6.844000000000000000e+04,6.867200000000000000e+04,6.890400000000000000e+04,6.913600000000000000e+04,6.936800000000000000e+04
0.000000000000000000e+00,2.330000000000000000e+02,4.660000000000000000e+02,6.990000000000000000e+02,9.320000000000000000e+02,1.165000000000000000e+03,1.398000000000000000e+03,1.631000000000000000e+03,1.864000000000000000e+03,2.097000000000000000e+03,2.330000000000000000e+03,2.563000000000000000e+03,2.796000000000000000e+03,3.029000000000000000e+03,3.262000000000000000e+03,3.495000000000000000e+03,3.728000000000000000e+03,3.961000000000000000e+03,4.194000000000000000e+03,4.427000000000000000e+03,4.660000000000000000e+03,4.893000000000000000e+03,5.126000000000000000e+03,5.359000000000000000e+03,5.592000000000000000e+03,5.825000000000000000e+03,6.058000000000000000e+03,6.291000000000000000e+03,6.524000000000000000e+03,6.757000000000000000e+03,6.990000000000000000e+03,7.223000000000000000e+03,7.456000000000000000e+03,7.689000000000000000e+03,7.922000000000000000e+03,8.155000000000000000e+03,8.388000000000000000e+03,8.621000000000000000e+03,8.854000000000000000e+03,9.087000000000000000e+03,9.320000000000000000e+03,9.553000000000000000e+03,9.786000000000000000e+03,1.001900000000000000e+04,1.025200000000000000e+04,1.048500000000000000e+04,1.071800000000000000e+04,1.095100000000000000e+04,1.118400000000000000e+04,1.141700000000000000e+04,1.165000000000000000e+04,1.188300000000000000e+04,1.211600000000000000e+04,1.234900000000000000e+04,1.258200000000000000e+04,1.281500000000000000e+04,1.304800000000000000e+04,1.328100000000000000e+04,1.351400000000000000e+04,1.374700000000000000e+04,1.398000000000000000e+04,1.421300000000000000e+04,1.444600000000000000e+04,1.467900000000000000e+04,1.491200000000000000e+04,1.514500000000000000e+04,1.537800000000000000e+04,1.561100000000000000e+04,1.584400000000000000e+04,1.607700000000000000e+04,1.631000000000000000e+04,1.654300000000000000e+04,1.677600000000000000e+04,1.700900000000000000e+04,1.724200000000000000e+04,1.747500000000000000e+04,1.770800000000000000e+04,1.794100000000000000e+04,1.817400000000000000e+04,1.840700000000000000e+04,1.864000000000000000e+04,1.887300000000000000e+04,1.910600000000000000e+04,1.933900000000000000e+04,1.957200000000000000e+04,1.980500000000000000e+04,2.003800000000000000e+04,2.027100000000000000e+04,2.050400000000000000e+04,2.073700000000000000e+04,2.097000000000000000e+04,2.120300000000000000e+04,2.143600000000000000e+04,2.166900000000000000e+04,2.190200000000000000e+04,2.213500000000000000e+04,2.236800000000000000e+04,2.260100000000000000e+04,2.283400000000000000e+04,2.306700000000000000e+04,2.330000000000000000e+04,2.353300000000000000e+04,2.376600000000000000e+04,2.399900000000000000e+04,2.423200000000000000e+04,2.446500000000000000e+04,2.469800000000000000e+04,2.493100000000000000e+04,2.516400000000000000e+04,2.539700000000000000e+04,2.563000000000000000e+04,2.586300000000000000e+04,2.609600000000000000e+04,2.632900000000000000e+04,2.656200000000000000e+04,2.679500000000000000e+04,2.702800000000000000e+04,2.726100000000000000e+04,2.749400000000000000e+04,2.772700000000000000e+04,2.796000000000000000e+04,2.819300000000000000e+04,2.842600000000000000e+04,2.865900000000000000e+04,2.889200000000000000e+04,2.912500000000000000e+04,2.935800000000000000e+04,2.959100000000000000e+04,2.982400000000000000e+04,3.005700000000000000e+04,3.029000000000000000e+04,3.052300000000000000e+04,3.075600000000000000e+04,3.098900000000000000e+04,3.122200000000000000e+04,3.145500000000000000e+04,3.168800000000000000e+04,3.192100000000000000e+04,3.215400000000000000e+04,3.238700000000000000e+04,3.262000000000000000e+04,3.285300000000000000e+04,3.308600000000000000e+04,3.331900000000000000e+04,3.355200000000000000e+04,3.378500000000000000e+04,3.401800000000000000e+04,3.425100000000000000e+04,3.448400000000000000e+04,3.471700000000000000e+04,3.495000000000000000e+04,3.518300000000000000e+04,3.541600000000000000e+04,3.564900000000000000e+04,3.588200000000000000e+04,3.611500000000000000e+04,3.634800000000000000e+04,3.658100000000000000e+04,3.681400000000000000e+04,3.704700000000000000e+04,3.728000000000000000e+04,3.751300000000000000e+04,3.774600000000000000e+04,3.797900000000000000e+04,3.821200000000000000e+04,3.844500000000000000e+04,3.867800000000000000e+04,3.891100000000000000e+04,3.914400000000000000e+04,3.937700000000000000e+04,3.961000000000000000e+04,3.984300000000000000e+04,4.007600000000000000e+04,4.030900000000000000e+04,4.054200000000000000e+04,4.077500000000000000e+04,4.100800000000000000e+04,4.124100000000000000e+04,4.147400000000000000e+04,4.170700000000000000e+04,4.194000000000000000e+04,4.217300000000000000e+04,4.240600000000000000e+04,4.263900000000000000e+04,4.287200000000000000e+04,4.310500000000000000e+04,4.333800000000000000e+04,4.357100000000000000e+04,4.380400000000000000e+04,4.403700000000000000e+04,4.427000000000000000e+04,4.450300000000000000e+04,4.473600000000000000e+04,4.496900000000000000e+04,4.520200000000000000e+04,4.543500000000000000e+04,4.566800000000000000e+04,4.590100000000000000e+04,4.613400000000000000e+04,4.636700000000000000e+04,4.660000000000000000e+04,4.683300000000000000e+04,4.706600000000000000e+04,4.729900000000000000e+04,4.753200000000000000e+04,4.776500000000000000e+04,4.799800000000000000e+04,4.823100000000000000e+04,4.846400000000000000e+04,4.869700000000000000e+04,4.893000000000000000e+04,4.916300000000000000e+04,4.939600000000000000e+04,4.962900000000000000e+04,4.986200000000000000e+04,5.009500000000000000e+04,5.032800000000000000e+04,5.056100000000000000e+04,5.079400000000000000e+04,5.102700000000000000e+04,5.126000000000000000e+04,5.149300000000000000e+04,5.172600000000000000e+04,5.195900000000000000e+04,5.219200000000000000e+04,5.242500000000000000e+04,5.265800000000000000e+04,5.289100000000000000e+04,5.312400000000000000e+04,5.335700000000000000e+04,5.359000000000000000e+04,5.382300000000000000e+04,5.405600000000000000e+04,5.428900000000000000e+04,5.452200000000000000e+04,5.475500000000000000e+04,5.498800000000000000e+04,5.522100000000000000e+04,5.545400000000000000e+04,5.568700000000000000e+04,5.592000000000000000e+04,5.615300000000000000e+04,5.638600000000000000e+04,5.661900000000000000e+04,5.685200000000000000e+04,5.708500000000000000e+04,5.731800000000000000e+04,5.755100000000000000e+04,5.778400000000000000e+04,5.801700000000000000e+04,5.825000000000000000e+04,5.848300000000000000e+04,5.871600000000000000e+04,5.894900000000000000e+04,5.918200000000000000e+04,5.941500000000000000e+04,5.964800000000000000e+04,5.988100000000000000e+04,6.011400000000000000e+04,6.034700000000000000e+04,6.058000000000000000e+04,6.081300000000000000e+04,6.104600000000000000e+04,6.127900000000000000e+04,6.151200000000000000e+04,6.174500000000000000e+04,6.197800000000000000e+04,6.221100000000000000e+04,6.244400000000000000e+04,6.267700000000000000e+04,6.291000000000000000e+04,6.314300000000000000e+04,6.337600000000000000e+04,6.360900000000000000e+04,6.384200000000000000e+04,6.407500000000000000e+04,6.430800000000000000e+04,6.454100000000000000e+04,6.477400000000000000e+04,6.500700000000000000e+04,6.524000000000000000e+04,6.547300000000000000e+04,6.570600000000000000e+04,6.593900000000000000e+04,6.617200000000000000e+04,6.640500000000000000e+04,6.663800000000000000e+04,6.687100000000000000e+04,6.710400000000000000e+04,6.733700000000000000e+04,6.757000000000000000e+04,6.780300000000000000e+04,6.803600000000000000e+04,6.826900000000000000e+04,6.850200000000000000e+04,6.873500000000000000e+04,6.896800000000000000e+04,6.920100000000000000e+04,6.943400000000000000e+04,6.966700000000000000e+04
0.000000000000000000e+00,2.340000000000000000e+02,4.680000000000000000e+02,7.020000000000000000e+02,9.360000000000000000e+02,1.170000000000000000e+03,1.404000000000000000e+03,1.638000000000000000e+03,1.872000000000000000e+03,2.106000000000000000e+03,2.340000000000000000e+03,2.574000000000000000e+03,2.808000000000000000e+03,3.042000000000000000e+03,3.276000000000000000e+03,3.510000000000000000e+03,3.744000000000000000e+03,3.978000000000000000e+03,4.212000000000000000e+03,4.446000000000000000e+03,4.680000000000000000e+03,4.914000000000000000e+03,5.148000000000000000e+03,5.382000000000000000e+03,5.616000000000000000e+03,5.850000000000000000e+03,6.084000000000000000e+03,6.318000000000000000e+03,6.552000000000000000e+03,6.786000000000000000e+03,7.020000000000000000e+03,7.254000000000000000e+03,7.488000000000000000e+03,7.722000000000000000e+03,7.956000000000000000e+03,8.190000000000000000e+03,8.424000000000000000e+03,8.658000000000000000e+03,8.892000000000000000e+03,9.126000000000000000e+03,9.360000000000000000e+03,9.594000000000000000e+03,9.828000000000000000e+03,1.006200000000000000e+04,1.029600000000000000e+04,1.053000000000000000e+04,1.076400000000000000e+04,1.099800000000000000e+04,1.123200000000000000e+04,1.146600000000000000e+04,1.170000000000000000e+04,1.193400000000000000e+04,1.216800000000000000e+04,1.240200000000000000e+04,1.263600000000000000e+04,1.287000000000000000e+04,1.310400000000000000e+04,1.333800000000000000e+04,1.357200000000000000e+04,1.380600000000000000e+04,1.404000000000000000e+04,1.427400000000000000e+04,1.450800000000000000e+04,1.474200000000000000e+04,1.497600000000000000e+04,1.521000000000000000e+04,1.544400000000000000e+04,1.567800000000000000e+04,1.591200000000000000e+04,1.614600000000000000e+04,1.638000000000000000e+04,1.661400000000000000e+04,1.684800000000000000e+04,1.708200000000000000e+04,1.731600000000000000e+04,1.755000000000000000e+04,1.778400000000000000e+04,1.801800000000000000e+04,1.825200000000000000e+04,1.848600000000000000e+04,1.872000000000000000e+04,1.895400000000000000e+04,1.918800000000000000e+04,1.942200000000000000e+04,1.965600000000000000e+04,1.989000000000000000e+04,2.012400000000000000e+04,2.035800000000000000e+04,2.059200000000000000e+04,2.082600000000000000e+04,2.106000000000000000e+04,2.129400000000000000e+04,2.152800000000000000e+04,2.176200000000000000e+04,2.199600000000000000e+04,2.223000000000000000e+04,2.246400000000000000e+04,2.269800000000000000e+04,2.293200000000000000e+04,2.316600000000000000e+04,2.340000000000000000e+04,2.363400000000000000e+04,2.386800000000000000e+04,2.410200000000000000e+04,2.433600000000000000e+04,2.457000000000000000e+04,2.480400000000000000e+04,2.503800000000000000e+04,2.527200000000000000e+04,2.550600000000000000e+04,2.574000000000000000e+04,2.597400000000000000e+04,2.620800000000000000e+04,2.644200000000000000e+04,2.667600000000000000e+04,2.691000000000000000e+04,2.714400000000000000e+04,2.737800000000000000e+04,2.761200000000000000e+04,2.784600000000000000e+04,2.808000000000000000e+04,2.831400000000000000e+04,2.854800000000000000e+04,2.878200000000000000e+04,2.901600000000000000e+04,2.925000000000000000e+04,2.948400000000000000e+04,2.971800000000000000e+04,2.995200000000000000e+04,3.018600000000000000e+04,3.042000000000000000e+04,3.065400000000000000e+04,3.088800000000000000e+04,3.112200000000000000e+04,3.135600000000000000e+04,3.159000000000000000e+04,3.182400000000000000e+04,3.205800000000000000e+04,3.229200000000000000e+04,3.252600000000000000e+04,3.276000000000000000e+04,3.299400000000000000e+04,3.322800000000000000e+04,3.346200000000000000e+04,3.369600000000000000e+04,3.393000000000000000e+04,3.416400000000000000e+04,3.439800000000000000e+04,3.463200000000000000e+04,3.486600000000000000e+04,3.510000000000000000e+04,3.533400000000000000e+04,3.556800000000000000e+04,3.580200000000000000e+04,3.603600000000000000e+04,3.627000000000000000e+04,3.650400000000000000e+04,3.673800000000000000e+04,3.697200000000000000e+04,3.720600000000000000e+04,3.744000000000000000e+04,3.767400000000000000e+04,3.790800000000000000e+04,3.814200000000000000e+04,3.837600000000000000e+04,3.861000000000000000e+04,3.884400000000000000e+04,3.907800000000000000e+04,3.931200000000000000e+04,3.954600000000000000e+04,3.978000000000000000e+04,4.001400000000000000e+04,4.024800000000000000e+04,4.048200000000000000e+04,4.071600000000000000e+04,4.095000000000000000e+04,4.118400000000000000e+04,4.141800000000000000e+04,4.165200000000000000e+04,4.188600000000000000e+04,4.212000000000000000e+04,4.235400000000000000e+04,4.258800000000000000e+04,4.282200000000000000e+04,4.305600000000000000e+04,4.329000000000000000e+04,4.352400000000000000e+04,4.375800000000000000e+04,4.399200000000000000e+04,4.422600000000000000e+04,4.446000000000000000e+04,4.469400000000000000e+04,4.492800000000000000e+04,4.516200000000000000e+04,4.539600000000000000e+04,4.563000000000000000e+04,4.586400000000000000e+04,4.609800000000000000e+04,4.633200000000000000e+04,4.656600000000000000e+04,4.680000000000000000e+04,4.703400000000000000e+04,4.726800000000000000e+04,4.750200000000000000e+04,4.773600000000000000e+04,4.797000000000000000e+04,4.820400000000000000e+04,4.843800000000000000e+04,4.867200000000000000e+04,4.890600000000000000e+04,4.914000000000000000e+04,4.937400000000000000e+04,4.960800000000000000e+04,4.984200000000000000e+04,5.007600000000000000e+04,5.031000000000000000e+04,5.054400000000000000e+04,5.077800000000000000e+04,5.101200000000000000e+04,5.124600000000000000e+04,5.148000000000000000e+04,5.171400000000000000e+04,5.194800000000000000e+04,5.218200000000000000e+04,5.241600000000000000e+04,5.265000000000000000e+04,5.288400000000000000e+04,5.311800000000000000e+04,5.335200000000000000e+04,5.358600000000000000e+04,5.382000000000000000e+04,5.405400000000000000e+04,5.428800000000000000e+04,5.452200000000000000e+04,5.475600000000000000e+04,5.499000000000000000e+04,5.522400000000000000e+04,5.545800000000000000e+04,5.569200000000000000e+04,5.592600000000000000e+04,5.616000000000000000e+04,5.639400000000000000e+04,5.662800000000000000e+04,5.686200000000000000e+04,5.709600000000000000e+04,5.733000000000000000e+04,5.756400000000000000e+04,5.779800000000000000e+04,5.803200000000000000e+04,5.826600000000000000e+04,5.850000000000000000e+04,5.873400000000000000e+04,5.896800000000000000e+04,5.920200000000000000e+04,5.943600000000000000e+04,5.967000000000000000e+04,5.990400000000000000e+04,6.013800000000000000e+04,6.037200000000000000e+04,6.060600000000000000e+04,6.084000000000000000e+04,6.107400000000000000e+04,6.130800000000000000e+04,6.154200000000000000e+04,6.177600000000000000e+04,6.201000000000000000e+04,6.224400000000000000e+04,6.247800000000000000e+04,6.271200000000000000e+04,6.294600000000000000e+04,6.318000000000000000e+04,6.341400000000000000e+04,6.364800000000000000e+04,6.388200000000000000e+04,6.411600000000000000e+04,6.435000000000000000e+04,6.458400000000000000e+04,6.481800000000000000e+04,6.505200000000000000e+04,6.528600000000000000e+04,6.552000000000000000e+04,6.575400000000000000e+04,6.598800000000000000e+04,6.622200000000000000e+04,6.645600000000000000e+04,6.669000000000000000e+04,6.692400000000000000e+04,6.715800000000000000e+04,6.739200000000000000e+04,6.762600000000000000e+04,6.786000000000000000e+04,6.809400000000000000e+04,6.832800000000000000e+04,6.856200000000000000e+04,6.879600000000000000e+04,6.903000000000000000e+04,6.926400000000000000e+04,6.949800000000000000e+04,6.973200000000000000e+04,6.996600000000000000e+04
0.000000000000000000e+00,2.350000000000000000e+02,4.700000000000000000e+02,7.050000000000000000e+02,9.400000000000000000e+02,1.175000000000000000e+03,1.410000000000000000e+03,1.645000000000000000e+03,1.880000000000000000e+03,2.115000000000000000e+03,2.350000000000000000e+03,2.585000000000000000e+03,2.820000000000000000e+03,3.055000000000000000e+03,3.290000000000000000e+03,3.525000000000000000e+03,3.760000000000000000e+03,3.995000000000000000e+03,4.230000000000000000e+03,4.465000000000000000e+03,4.700000000000000000e+03,4.935000000000000000e+03,5.170000000000000000e+03,5.405000000000000000e+03,5.640000000000000000e+03,5.875000000000000000e+03,6.110000000000000000e+03,6.345000000000000000e+03,6.580000000000000000e+03,6.815000000000000000e+03,7.050000000000000000e+03,7.285000000000000000e+03,7.520000000000000000e+03,7.755000000000000000e+03,7.990000000000000000e+03,8.225000000000000000e+03,8.460000000000000000e+03,8.695000000000000000e+03,8.930000000000000000e+03,9.165000000000000000e+03,9.400000000000000000e+03,9.635000000000000000e+03,9.870000000000000000e+03,1.010500000000000000e+04,1.034000000000000000e+04,1.057500000000000000e+04,1.081000000000000000e+04,1.104500000000000000e+04,1.128000000000000000e+04,1.151500000000000000e+04,1.175000000000000000e+04,1.198500000000000000e+04,1.222000000000000000e+04,1.245500000000000000e+04,1.269000000000000000e+04,1.292500000000000000e+04,1.316000000000000000e+04,1.339500000000000000e+04,1.363000000000000000e+04,1.386500000000000000e+04,1.410000000000000000e+04,1.433500000000000000e+04,1.457000000000000000e+04,1.480500000000000000e+04,1.504000000000000000e+04,1.527500000000000000e+04,1.551000000000000000e+04,1.574500000000000000e+04,1.598000000000000000e+04,1.621500000000000000e+04,1.645000000000000000e+04,1.668500000000000000e+04,1.692000000000000000e+04,1.715500000000000000e+04,1.739000000000000000e+04,1.762500000000000000e+04,1.786000000000000000e+04,1.809500000000000000e+04,1.833000000000000000e+04,1.856500000000000000e+04,1.880000000000000000e+04,1.903500000000000000e+04,1.927000000000000000e+04,1.950500000000000000e+04,1.974000000000000000e+04,1.997500000000000000e+04,2.021000000000000000e+04,2.044500000000000000e+04,2.068000000000000000e+04,2.091500000000000000e+04,2.115000000000000000e+04,2.138500000000000000e+04,2.162000000000000000e+04,2.185500000000000000e+04,2.209000000000000000e+04,2.232500000000000000e+04,2.256000000000000000e+04,2.279500000000000000e+04,2.303000000000000000e+04,2.326500000000000000e+04,2.350000000000000000e+04,2.373500000000000000e+04,2.397000000000000000e+04,2.420500000000000000e+04,2.444000000000000000e+04,2.467500000000000000e+04,2.491000000000000000e+04,2.514500000000000000e+04,2.538000000000000000e+04,2.561500000000000000e+04,2.585000000000000000e+04,2.608500000000000000e+04,2.632000000000000000e+04,2.655500000000000000e+04,2.679000000000000000e+04,2.702500000000000000e+04,2.726000000000000000e+04,2.749500000000000000e+04,2.773000000000000000e+04,2.796500000000000000e+04,2.820000000000000000e+04,2.843500000000000000e+04,2.867000000000000000e+04,2.890500000000000000e+04,2.914000000000000000e+04,2.937500000000000000e+04,2.961000000000000000e+04,2.984500000000000000e+04,3.008000000000000000e+04,3.031500000000000000e+04,3.055000000000000000e+04,3.078500000000000000e+04,3.102000000000000000e+04,3.125500000000000000e+04,3.149000000000000000e+04,3.172500000000000000e+04,3.196000000000000000e+04,3.219500000000000000e+04,3.243000000000000000e+04,3.266500000000000000e+04,3.290000000000000000e+04,3.313500000000000000e+04,3.337000000000000000e+04,3.360500000000000000e+04,3.384000000000000000e+04,3.407500000000000000e+04,3.431000000000000000e+04,3.454500000000000000e+04,3.478000000000000000e+04,3.501500000000000000e+04,3.525000000000000000e+04,3.548500000000000000e+04,3.572000000000000000e+04,3.595500000000000000e+04,3.619000000000000000e+04,3.642500000000000000e+04,3.666000000000000000e+04,3.689500000000000000e+04,3.713000000000000000e+04,3.736500000000000000e+04,3.760000000000000000e+04,3.783500000000000000e+04,3.807000000000000000e+04,3.830500000000000000e+04,3.854000000000000000e+04,3.877500000000000000e+04,3.901000000000000000e+04,3.924500000000000000e+04,3.948000000000000000e+04,3.971500000000000000e+04,3.995000000000000000e+04,4.018500000000000000e+04,4.042000000000000000e+04,4.065500000000000000e+04,4.089000000000000000e+04,4.112500000000000000e+04,4.136000000000000000e+04,4.159500000000000000e+04,4.183000000000000000e+04,4.206500000000000000e+04,4.230000000000000000e+04,4.253500000000000000e+04,4.277000000000000000e+04,4.300500000000000000e+04,4.324000000000000000e+04,4.347500000000000000e+04,4.371000000000000000e+04,4.394500000000000000e+04,4.418000000000000000e+04,4.441500000000000000e+04,4.465000000000000000e+04,4.488500000000000000e+04,4.512000000000000000e+04,4.535500000000000000e+04,4.559000000000000000e+04,4.582500000000000000e+04,4.606000000000000000e+04,4.629500000000000000e+04,4.653000000000000000e+04,4.676500000000000000e+04,4.700000000000000000e+04,4.723500000000000000e+04,4.747000000000000000e+04,4.770500000000000000e+04,4.794000000000000000e+04,4.817500000000000000e+04,4.841000000000000000e+04,4.864500000000000000e+04,4.888000000000000000e+04,4.911500000000000000e+04,4.935000000000000000e+04,4.958500000000000000e+04,4.982000000000000000e+04,5.005500000000000000e+04,5.029000000000000000e+04,5.052500000000000000e+04,5.076000000000000000e+04,5.099500000000000000e+04,5.123000000000000000e+04,5.146500000000000000e+04,5.170000000000000000e+04,5.193500000000000000e+04,5.217000000000000000e+04,5.240500000000000000e+04,5.264000000000000000e+04,5.287500000000000000e+04,5.311000000000000000e+04,5.334500000000000000e+04,5.358000000000000000e+04,5.381500000000000000e+04,5.405000000000000000e+04,5.428500000000000000e+04,5.452000000000000000e+04,5.475500000000000000e+04,5.499000000000000000e+04,5.522500000000000000e+04,5.546000000000000000e+04,5.569500000000000000e+04,5.593000000000000000e+04,5.616500000000000000e+04,5.640000000000000000e+04,5.663500000000000000e+04,5.687000000000000000e+04,5.710500000000000000e+04,5.734000000000000000e+04,5.757500000000000000e+04,5.781000000000000000e+04,5.804500000000000000e+04,5.828000000000000000e+04,5.851500000000000000e+04,5.875000000000000000e+04,5.898500000000000000e+04,5.922000000000000000e+04,5.945500000000000000e+04,5.969000000000000000e+04,5.992500000000000000e+04,6.016000000000000000e+04,6.039500000000000000e+04,6.063000000000000000e+04,6.086500000000000000e+04,6.110000000000000000e+04,6.133500000000000000e+04,6.157000000000000000e+04,6.180500000000000000e+04,6.204000000000000000e+04,6.227500000000000000e+04,6.251000000000000000e+04,6.274500000000000000e+04,6.298000000000000000e+04,6.321500000000000000e+04,6.345000000000000000e+04,6.368500000000000000e+04,6.392000000000000000e+04,6.415500000000000000e+04,6.439000000000000000e+04,6.462500000000000000e+04,6.486000000000000000e+04,6.509500000000000000e+04,6.533000000000000000e+04,6.556500000000000000e+04,6.580000000000000000e+04,6.603500000000000000e+04,6.627000000000000000e+04,6.650500000000000000e+04,6.674000000000000000e+04,6.697500000000000000e+04,6.721000000000000000e+04,6.744500000000000000e+04,6.768000000000000000e+04,6.791500000000000000e+04,6.815000000000000000e+04,6.838500000000000000e+04,6.862000000000000000e+04,6.885500000000000000e+04,6.909000000000000000e+04,6.932500000000000000e+04,6.956000000000000000e+04,6.979500000000000000e+04,7.003000000000000000e+04,7.026500000000000000e+04
0.000000000000000000e+00,2.360000000000000000e+02,4.720000000000000000e+02,7.080000000000000000e+02,9.440000000000000000e+02,1.180000000000000000e+03,1.416000000000000000e+03,1.652000000000000000e+03,1.888000000000000000e+03,2.124000000000000000e+03,2.360000000000000000e+03,2.596000000000000000e+03,2.832000000000000000e+03,3.068000000000000000e+03,3.304000000000000000e+03,3.540000000000000000e+03,3.776000000000000000e+03,4.012000000000000000e+03,4.248000000000000000e+03,4.484000000000000000e+03,4.720000000000000000e+03,4.956000000000000000e+03,5.192000000000000000e+03,5.428000000000000000e+03,5.664000000000000000e+03,5.900000000000000000e+03,6.136000000000000000e+03,6.372000000000000000e+03,6.608000000000000000e+03,6.844000000000000000e+03,7.080000000000000000e+03,7.316000000000000000e+03,7.552000000000000000e+03,7.788000000000000000e+03,8.024000000000000000e+03,8.260000000000000000e+03,8.496000000000000000e+03,8.732000000000000000e+03,8.968000000000000000e+03,9.204000000000000000e+03,9.440000000000000000e+03,9.676000000000000000e+03,9.912000000000000000e+03,1.014800000000000000e+04,1.038400000000000000e+04,1.062000000000000000e+04,1.085600000000000000e+04,1.109200000000000000e+04,1.132800000000000000e+04,1.156400000000000000e+04,1.180000000000000000e+04,1.203600000000000000e+04,1.227200000000000000e+04,1.250800000000000000e+04,1.274400000000000000e+04,1.298000000000000000e+04,1.321600000000000000e+04,1.345200000000000000e+04,1.368800000000000000e+04,1.392400000000000000e+04,1.416000000000000000e+04,1.439600000000000000e+04,1.463200000000000000e+04,1.486800000000000000e+04,1.510400000000000000e+04,1.534000000000000000e+04,1.557600000000000000e+04,1.581200000000000000e+04,1.604800000000000000e+04,1.628400000000000000e+04,1.652000000000000000e+04,1.675600000000000000e+04,1.699200000000000000e+04,1.722800000000000000e+04,1.746400000000000000e+04,1.770000000000000000e+04,1.793600000000000000e+04,1.817200000000000000e+04,1.840800000000000000e+04,1.864400000000000000e+04,1.888000000000000000e+04,1.911600000000000000e+04,1.935200000000000000e+04,1.958800000000000000e+04,1.982400000000000000e+04,2.006000000000000000e+04,2.029600000000000000e+04,2.053200000000000000e+04,2.076800000000000000e+04,2.100400000000000000e+04,2.124000000000000000e+04,2.147600000000000000e+04,2.171200000000000000e+04,2.194800000000000000e+04,2.218400000000000000e+04,2.242000000000000000e+04,2.265600000000000000e+04,2.289200000000000000e+04,2.312800000000000000e+04,2.336400000000000000e+04,2.360000000000000000e+04,2.383600000000000000e+04,2.407200000000000000e+04,2.430800000000000000e+04,2.454400000000000000e+04,2.478000000000000000e+04,2.501600000000000000e+04,2.525200000000000000e+04,2.548800000000000000e+04,2.572400000000000000e+04,2.596000000000000000e+04,2.619600000000000000e+04,2.643200000000000000e+04,2.666800000000000000e+04,2.690400000000000000e+04,2.714000000000000000e+04,2.737600000000000000e+04,2.761200000000000000e+04,2.784800000000000000e+04,2.808400000000000000e+04,2.832000000000000000e+04,2.855600000000000000e+04,2.879200000000000000e+04,2.902800000000000000e+04,2.926400000000000000e+04,2.950000000000000000e+04,2.973600000000000000e+04,2.997200000000000000e+04,3.020800000000000000e+04,3.044400000000000000e+04,3.068000000000000000e+04,3.091600000000000000e+04,3.115200000000000000e+04,3.138800000000000000e+04,3.162400000000000000e+04,3.186000000000000000e+04,3.209600000000000000e+04,3.233200000000000000e+04,3.256800000000000000e+04,3.280400000000000000e+04,3.304000000000000000e+04,3.327600000000000000e+04,3.351200000000000000e+04,3.374800000000000000e+04,3.398400000000000000e+04,3.422000000000000000e+04,3.445600000000000000e+04,3.469200000000000000e+04,3.492800000000000000e+04,3.516400000000000000e+04,3.540000000000000000e+04,3.563600000000000000e+04,3.587200000000000000e+04,3.610800000000000000e+04,3.634400000000000000e+04,3.658000000000000000e+04,3.681600000000000000e+04,3.705200000000000000e+04,3.728800000000000000e+04,3.752400000000000000e+04,3.776000000000000000e+04,3.799600000000000000e+04,3.823200000000000000e+04,3.846800000000000000e+04,3.870400000000000000e+04,3.894000000000000000e+04,3.917600000000000000e+04,3.941200000000000000e+04,3.964800000000000000e+04,3.988400000000000000e+04,4.012000000000000000e+04,4.035600000000000000e+04,4.059200000000000000e+04,4.082800000000000000e+04,4.106400000000000000e+04,4.130000000000000000e+04,4.153600000000000000e+04,4.177200000000000000e+04,4.200800000000000000e+04,4.224400000000000000e+04,4.248000000000000000e+04,4.271600000000000000e+04,4.295200000000000000e+04,4.318800000000000000e+04,4.342400000000000000e+04,4.366000000000000000e+04,4.389600000000000000e+04,4.413200000000000000e+04,4.436800000000000000e+04,4.460400000000000000e+04,4.484000000000000000e+04,4.507600000000000000e+04,4.531200000000000000e+04,4.554800000000000000e+04,4.578400000000000000e+04,4.602000000000000000e+04,4.625600000000000000e+04,4.649200000000000000e+04,4.672800000000000000e+04,4.696400000000000000e+04,4.720000000000000000e+04,4.743600000000000000e+04,4.767200000000000000e+04,4.790800000000000000e+04,4.814400000000000000e+04,4.838000000000000000e+04,4.861600000000000000e+04,4.885200000000000000e+04,4.908800000000000000e+04,4.932400000000000000e+04,4.956000000000000000e+04,4.979600000000000000e+04,5.003200000000000000e+04,5.026800000000000000e+04,5.050400000000000000e+04,5.074000000000000000e+04,5.097600000000000000e+04,5.121200000000000000e+04,5.144800000000000000e+04,5.168400000000000000e+04,5.192000000000000000e+04,5.215600000000000000e+04,5.239200000000000000e+04,5.262800000000000000e+04,5.286400000000000000e+04,5.310000000000000000e+04,5.333600000000000000e+04,5.357200000000000000e+04,5.380800000000000000e+04,5.404400000000000000e+04,5.428000000000000000e+04,5.451600000000000000e+04,5.475200000000000000e+04,5.498800000000000000e+04,5.522400000000000000e+04,5.546000000000000000e+04,5.569600000000000000e+04,5.593200000000000000e+04,5.616800000000000000e+04,5.640400000000000000e+04,5.664000000000000000e+04,5.687600000000000000e+04,5.711200000000000000e+04,5.734800000000000000e+04,5.758400000000000000e+04,5.782000000000000000e+04,5.805600000000000000e+04,5.829200000000000000e+04,5.852800000000000000e+04,5.876400000000000000e+04,5.900000000000000000e+04,5.923600000000000000e+04,5.947200000000000000e+04,5.970800000000000000e+04,5.994400000000000000e+04,6.018000000000000000e+04,6.041600000000000000e+04,6.065200000000000000e+04,6.088800000000000000e+04,6.112400000000000000e+04,6.136000000000000000e+04,6.159600000000000000e+04,6.183200000000000000e+04,6.206800000000000000e+04,6.230400000000000000e+04,6.254000000000000000e+04,6.277600000000000000e+04,6.301200000000000000e+04,6.324800000000000000e+04,6.348400000000000000e+04,6.372000000000000000e+04,6.395600000000000000e+04,6.419200000000000000e+04,6.442800000000000000e+04,6.466400000000000000e+04,6.490000000000000000e+04,6.513600000000000000e+04,6.537200000000000000e+04,6.560800000000000000e+04,6.584400000000000000e+04,6.608000000000000000e+04,6.631600000000000000e+04,6.655200000000000000e+04,6.678800000000000000e+04,6.702400000000000000e+04,6.726000000000000000e+04,6.749600000000000000e+04,6.773200000000000000e+04,6.796800000000000000e+04,6.820400000000000000e+04,6.844000000000000000e+04,6.867600000000000000e+04,6.891200000000000000e+04,6.914800000000000000e+04,6.938400000000000000e+04,6.962000000000000000e+04,6.985600000000000000e+04,7.009200000000000000e+04,7.032800000000000000e+04,7.056400000000000000e+04
0.000000000000000000e+00,2.370000000000000000e+02,4.740000000000000000e+02,7.110000000000000000e+02,9.480000000000000000e+02,1.185000000000000000e+03,1.422000000000000000e+03,1.659000000000000000e+03,1.896000000000000000e+03,2.133000000000000000e+03,2.370000000000000000e+03,2.607000000000000000e+03,2.844000000000000000e+03,3.081000000000000000e+03,3.318000000000000000e+03,3.555000000000000000e+03,3.792000000000000000e+03,4.029000000000000000e+03,4.266000000000000000e+03,4.503000000000000000e+03,4.740000000000000000e+03,4.977000000000000000e+03,5.214000000000000000e+03,5.451000000000000000e+03,5.688000000000000000e+03,5.925000000000000000e+03,6.162000000000000000e+03,6.399000000000000000e+03,6.636000000000000000e+03,6.873000000000000000e+03,7.110000000000000000e+03,7.347000000000000000e+03,7.584000000000000000e+03,7.821000000000000000e+03,8.058000000000000000e+03,8.295000000000000000e+03,8.532000000000000000e+03,8.769000000000000000e+03,9.006000000000000000e+03,9.243000000000000000e+03,9.480000000000000000e+03,9.717000000000000000e+03,9.954000000000000000e+03,1.019100000000000000e+04,1.042800000000000000e+04,1.066500000000000000e+04,1.090200000000000000e+04,1.113900000000000000e+04,1.137600000000000000e+04,1.161300000000000000e+04,1.185000000000000000e+04,1.208700000000000000e+04,1.232400000000000000e+04,1.256100000000000000e+04,1.279800000000000000e+04,1.303500000000000000e+04,1.327200000000000000e+04,1.350900000000000000e+04,1.374600000000000000e+04,1.398300000000000000e+04,1.422000000000000000e+04,1.445700000000000000e+04,1.469400000000000000e+04,1.493100000000000000e+04,1.516800000000000000e+04,1.540500000000000000e+04,1.564200000000000000e+04,1.587900000000000000e+04,1.611600000000000000e+04,1.635300000000000000e+04,1.659000000000000000e+04,1.682700000000000000e+04,1.706400000000000000e+04,1.730100000000000000e+04,1.753800000000000000e+04,1.777500000000000000e+04,1.801200000000000000e+04,1.824900000000000000e+04,1.848600000000000000e+04,1.872300000000000000e+04,1.896000000000000000e+04,1.919700000000000000e+04,1.943400000000000000e+04,1.967100000000000000e+04,1.990800000000000000e+04,2.014500000000000000e+04,2.038200000000000000e+04,2.061900000000000000e+04,2.085600000000000000e+04,2.109300000000000000e+04,2.133000000000000000e+04,2.156700000000000000e+04,2.180400000000000000e+04,2.204100000000000000e+04,2.227800000000000000e+04,2.251500000000000000e+04,2.275200000000000000e+04,2.298900000000000000e+04,2.322600000000000000e+04,2.346300000000000000e+04,2.370000000000000000e+04,2.393700000000000000e+04,2.417400000000000000e+04,2.441100000000000000e+04,2.464800000000000000e+04,2.488500000000000000e+04,2.512200000000000000e+04,2.535900000000000000e+04,2.559600000000000000e+04,2.583300000000000000e+04,2.607000000000000000e+04,2.630700000000000000e+04,2.654400000000000000e+04,2.678100000000000000e+04,2.701800000000000000e+04,2.725500000000000000e+04,2.749200000000000000e+04,2.772900000000000000e+04,2.796600000000000000e+04,2.820300000000000000e+04,2.844000000000000000e+04,2.867700000000000000e+04,2.891400000000000000e+04,2.915100000000000000e+04,2.938800000000000000e+04,2.962500000000000000e+04,2.986200000000000000e+04,3.009900000000000000e+04,3.033600000000000000e+04,3.057300000000000000e+04,3.081000000000000000e+04,3.104700000000000000e+04,3.128400000000000000e+04,3.152100000000000000e+04,3.175800000000000000e+04,3.199500000000000000e+04,3.223200000000000000e+04,3.246900000000000000e+04,3.270600000000000000e+04,3.294300000000000000e+04,3.318000000000000000e+04,3.341700000000000000e+04,3.365400000000000000e+04,3.389100000000000000e+04,3.412800000000000000e+04,3.436500000000000000e+04,3.460200000000000000e+04,3.483900000000000000e+04,3.507600000000000000e+04,3.531300000000000000e+04,3.555000000000000000e+04,3.578700000000000000e+04,3.602400000000000000e+04,3.626100000000000000e+04,3.649800000000000000e+04,3.673500000000000000e+04,3.697200000000000000e+04,3.720900000000000000e+04,3.744600000000000000e+04,3.768300000000000000e+04,3.792000000000000000e+04,3.815700000000000000e+04,3.839400000000000000e+04,3.863100000000000000e+04,3.886800000000000000e+04,3.910500000000000000e+04,3.934200000000000000e+04,3.957900000000000000e+04,3.981600000000000000e+04,4.005300000000000000e+04,4.029000000000000000e+04,4.052700000000000000e+04,4.076400000000000000e+04,4.100100000000000000e+04,4.123800000000000000e+04,4.147500000000000000e+04,4.171200000000000000e+04,4.194900000000000000e+04,4.218600000000000000e+04,4.242300000000000000e+04,4.266000000000000000e+04,4.289700000000000000e+04,4.313400000000000000e+04,4.337100000000000000e+04,4.360800000000000000e+04,4.384500000000000000e+04,4.408200000000000000e+04,4.431900000000000000e+04,4.455600000000000000e+04,4.479300000000000000e+04,4.503000000000000000e+04,4.526700000000000000e+04,4.550400000000000000e+04,4.574100000000000000e+04,4.597800000000000000e+04,4.621500000000000000e+04,4.645200000000000000e+04,4.668900000000000000e+04,4.692600000000000000e+04,4.716300000000000000e+04,4.740000000000000000e+04,4.763700000000000000e+04,4.787400000000000000e+04,4.811100000000000000e+04,4.834800000000000000e+04,4.858500000000000000e+04,4.882200000000000000e+04,4.905900000000000000e+04,4.929600000000000000e+04,4.953300000000000000e+04,4.977000000000000000e+04,5.000700000000000000e+04,5.024400000000000000e+04,5.048100000000000000e+04,5.071800000000000000e+04,5.095500000000000000e+04,5.119200000000000000e+04,5.142900000000000000e+04,5.166600000000000000e+04,5.190300000000000000e+04,5.214000000000000000e+04,5.237700000000000000e+04,5.261400000000000000e+04,5.285100000000000000e+04,5.308800000000000000e+04,5.332500000000000000e+04,5.356200000000000000e+04,5.379900000000000000e+04,5.403600000000000000e+04,5.427300000000000000e+04,5.451000000000000000e+04,5.474700000000000000e+04,5.498400000000000000e+04,5.522100000000000000e+04,5.545800000000000000e+04,5.569500000000000000e+04,5.593200000000000000e+04,5.616900000000000000e+04,5.640600000000000000e+04,5.664300000000000000e+04,5.688000000000000000e+04,5.711700000000000000e+04,5.735400000000000000e+04,5.759100000000000000e+04,5.782800000000000000e+04,5.806500000000000000e+04,5.830200000000000000e+04,5.853900000000000000e+04,5.877600000000000000e+04,5.901300000000000000e+04,5.925000000000000000e+04,5.948700000000000000e+04,5.972400000000000000e+04,5.996100000000000000e+04,6.019800000000000000e+04,6.043500000000000000e+04,6.067200000000000000e+04,6.090900000000000000e+04,6.114600000000000000e+04,6.138300000000000000e+04,6.162000000000000000e+04,6.185700000000000000e+04,6.209400000000000000e+04,6.233100000000000000e+04,6.256800000000000000e+04,6.280500000000000000e+04,6.304200000000000000e+04,6.327900000000000000e+04,6.351600000000000000e+04,6.375300000000000000e+04,6.399000000000000000e+04,6.422700000000000000e+04,6.446400000000000000e+04,6.470100000000000000e+04,6.493800000000000000e+04,6.517500000000000000e+04,6.541200000000000000e+04,6.564900000000000000e+04,6.588600000000000000e+04,6.612300000000000000e+04,6.636000000000000000e+04,6.659700000000000000e+04,6.683400000000000000e+04,6.707100000000000000e+04,6.730800000000000000e+04,6.754500000000000000e+04,6.778200000000000000e+04,6.801900000000000000e+04,6.825600000000000000e+04,6.849300000000000000e+04,6.873000000000000000e+04,6.896700000000000000e+04,6.920400000000000000e+04,6.944100000000000000e+04,6.967800000000000000e+04,6.991500000000000000e+04,7.015200000000000000e+04,7.038900000000000000e+04,7.062600000000000000e+04,7.086300000000000000e+04
0.000000000000000000e+00,2.380000000000000000e+02,4.760000000000000000e+02,7.140000000000000000e+02,9.520000000000000000e+02,1.190000000000000000e+03,1.428000000000000000e+03,1.666000000000000000e+03,1.904000000000000000e+03,2.142000000000000000e+03,2.380000000000000000e+03,2.618000000000000000e+03,2.856000000000000000e+03,3.094000000000000000e+03,3.332000000000000000e+03,3.570000000000000000e+03,3.808000000000000000e+03,4.046000000000000000e+03,4.284000000000000000e+03,4.522000000000000000e+03,4.760000000000000000e+03,4.998000000000000000e+03,5.236000000000000000e+03,5.474000000000000000e+03,5.712000000000000000e+03,5.950000000000000000e+03,6.188000000000000000e+03,6.426000000000000000e+03,6.664000000000000000e+03,6.902000000000000000e+03,7.140000000000000000e+03,7.378000000000000000e+03,7.616000000000000000e+03,7.854000000000000000e+03,8.092000000000000000e+03,8.330000000000000000e+03,8.568000000000000000e+03,8.806000000000000000e+03,9.044000000000000000e+03,9.282000000000000000e+03,9.520000000000000000e+03,9.758000000000000000e+03,9.996000000000000000e+03,1.023400000000000000e+04,1.047200000000000000e+04,1.071000000000000000e+04,1.094800000000000000e+04,1.118600000000000000e+04,1.142400000000000000e+04,1.166200000000000000e+04,1.190000000000000000e+04,1.213800000000000000e+04,1.237600000000000000e+04,1.261400000000000000e+04,1.285200000000000000e+04,1.309000000000000000e+04,1.332800000000000000e+04,1.356600000000000000e+04,1.380400000000000000e+04,1.404200000000000000e+04,1.428000000000000000e+04,1.451800000000000000e+04,1.475600000000000000e+04,1.499400000000000000e+04,1.523200000000000000e+04,1.547000000000000000e+04,1.570800000000000000e+04,1.594600000000000000e+04,1.618400000000000000e+04,1.642200000000000000e+04,1.666000000000000000e+04,1.689800000000000000e+04,1.713600000000000000e+04,1.737400000000000000e+04,1.761200000000000000e+04,1.785000000000000000e+04,1.808800000000000000e+04,1.832600000000000000e+04,1.856400000000000000e+04,1.880200000000000000e+04,1.904000000000000000e+04,1.927800000000000000e+04,1.951600000000000000e+04,1.975400000000000000e+04,1.999200000000000000e+04,2.023000000000000000e+04,2.046800000000000000e+04,2.070600000000000000e+04,2.094400000000000000e+04,2.118200000000000000e+04,2.142000000000000000e+04,2.165800000000000000e+04,2.189600000000000000e+04,2.213400000000000000e+04,2.237200000000000000e+04,2.261000000000000000e+04,2.284800000000000000e+04,2.308600000000000000e+04,2.332400000000000000e+04,2.356200000000000000e+04,2.380000000000000000e+04,2.403800000000000000e+04,2.427600000000000000e+04,2.451400000000000000e+04,2.475200000000000000e+04,2.499000000000000000e+04,2.522800000000000000e+04,2.546600000000000000e+04,2.570400000000000000e+04,2.594200000000000000e+04,2.618000000000000000e+04,2.641800000000000000e+04,2.665600000000000000e+04,2.689400000000000000e+04,2.713200000000000000e+04,2.737000000000000000e+04,2.760800000000000000e+04,2.784600000000000000e+04,2.808400000000000000e+04,2.832200000000000000e+04,2.856000000000000000e+04,2.879800000000000000e+04,2.903600000000000000e+04,2.927400000000000000e+04,2.951200000000000000e+04,2.975000000000000000e+04,2.998800000000000000e+04,3.022600000000000000e+04,3.046400000000000000e+04,3.070200000000000000e+04,3.094000000000000000e+04,3.117800000000000000e+04,3.141600000000000000e+04,3.165400000000000000e+04,3.189200000000000000e+04,3.213000000000000000e+04,3.236800000000000000e+04,3.260600000000000000e+04,3.284400000000000000e+04,3.308200000000000000e+04,3.332000000000000000e+04,3.355800000000000000e+04,3.379600000000000000e+04,3.403400000000000000e+04,3.427200000000000000e+04,3.451000000000000000e+04,3.474800000000000000e+04,3.498600000000000000e+04,3.522400000000000000e+04,3.546200000000000000e+04,3.570000000000000000e+04,3.593800000000000000e+04,3.617600000000000000e+04,3.641400000000000000e+04,3.665200000000000000e+04,3.689000000000000000e+04,3.712800000000000000e+04,3.736600000000000000e+04,3.760400000000000000e+04,3.784200000000000000e+04,3.808000000000000000e+04,3.831800000000000000e+04,3.855600000000000000e+04,3.879400000000000000e+04,3.903200000000000000e+04,3.927000000000000000e+04,3.950800000000000000e+04,3.974600000000000000e+04,3.998400000000000000e+04,4.022200000000000000e+04,4.046000000000000000e+04,4.069800000000000000e+04,4.093600000000000000e+04,4.117400000000000000e+04,4.141200000000000000e+04,4.165000000000000000e+04,4.188800000000000000e+04,4.212600000000000000e+04,4.236400000000000000e+04,4.260200000000000000e+04,4.284000000000000000e+04,4.307800000000000000e+04,4.331600000000000000e+04,4.355400000000000000e+04,4.379200000000000000e+04,4.403000000000000000e+04,4.426800000000000000e+04,4.450600000000000000e+04,4.474400000000000000e+04,4.498200000000000000e+04,4.522000000000000000e+04,4.545800000000000000e+04,4.569600000000000000e+04,4.593400000000000000e+04,4.617200000000000000e+04,4.641000000000000000e+04,4.664800000000000000e+04,4.688600000000000000e+04,4.712400000000000000e+04,4.736200000000000000e+04,4.760000000000000000e+04,4.783800000000000000e+04,4.807600000000000000e+04,4.831400000000000000e+04,4.855200000000000000e+04,4.879000000000000000e+04,4.902800000000000000e+04,4.926600000000000000e+04,4.950400000000000000e+04,4.974200000000000000e+04,4.998000000000000000e+04,5.021800000000000000e+04,5.045600000000000000e+04,5.069400000000000000e+04,5.093200000000000000e+04,5.117000000000000000e+04,5.140800000000000000e+04,5.164600000000000000e+04,5.188400000000000000e+04,5.212200000000000000e+04,5.236000000000000000e+04,5.259800000000000000e+04,5.283600000000000000e+04,5.307400000000000000e+04,5.331200000000000000e+04,5.355000000000000000e+04,5.378800000000000000e+04,5.402600000000000000e+04,5.426400000000000000e+04,5.450200000000000000e+04,5.474000000000000000e+04,5.497800000000000000e+04,5.521600000000000000e+04,5.545400000000000000e+04,5.569200000000000000e+04,5.593000000000000000e+04,5.616800000000000000e+04,5.640600000000000000e+04,5.664400000000000000e+04,5.688200000000000000e+04,5.712000000000000000e+04,5.735800000000000000e+04,5.759600000000000000e+04,5.783400000000000000e+04,5.807200000000000000e+04,5.831000000000000000e+04,5.854800000000000000e+04,5.878600000000000000e+04,5.902400000000000000e+04,5.926200000000000000e+04,5.950000000000000000e+04,5.973800000000000000e+04,5.997600000000000000e+04,6.021400000000000000e+04,6.045200000000000000e+04,6.069000000000000000e+04,6.092800000000000000e+04,6.116600000000000000e+04,6.140400000000000000e+04,6.164200000000000000e+04,6.188000000000000000e+04,6.211800000000000000e+04,6.235600000000000000e+04,6.259400000000000000e+04,6.283200000000000000e+04,6.307000000000000000e+04,6.330800000000000000e+04,6.354600000000000000e+04,6.378400000000000000e+04,6.402200000000000000e+04,6.426000000000000000e+04,6.449800000000000000e+04,6.473600000000000000e+04,6.497400000000000000e+04,6.521200000000000000e+04,6.545000000000000000e+04,6.568800000000000000e+04,6.592600000000000000e+04,6.616400000000000000e+04,6.640200000000000000e+04,6.664000000000000000e+04,6.687800000000000000e+04,6.711600000000000000e+04,6.735400000000000000e+04,6.759200000000000000e+04,6.783000000000000000e+04,6.806800000000000000e+04,6.830600000000000000e+04,6.854400000000000000e+04,6.878200000000000000e+04,6.902000000000000000e+04,6.925800000000000000e+04,6.949600000000000000e+04,6.973400000000000000e+04,6.997200000000000000e+04,7.021000000000000000e+04,7.044800000000000000e+04,7.068600000000000000e+04,7.092400000000000000e+04,7.116200000000000000e+04
0.000000000000000000e+00,2.390000000000000000e+02,4.780000000000000000e+02,7.170000000000000000e+02,9.560000000000000000e+02,1.195000000000000000e+03,1.434000000000000000e+03,1.673000000000000000e+03,1.912000000000000000e+03,2.151000000000000000e+03,2.390000000000000000e+03,2.629000000000000000e+03,2.868000000000000000e+03,3.107000000000000000e+03,3.346000000000000000e+03,3.585000000000000000e+03,3.824000000000000000e+03,4.063000000000000000e+03,4.302000000000000000e+03,4.541000000000000000e+03,4.780000000000000000e+03,5.019000000000000000e+03,5.258000000000000000e+03,5.497000000000000000e+03,5.736000000000000000e+03,5.975000000000000000e+03,6.214000000000000000e+03,6.453000000000000000e+03,6.692000000000000000e+03,6.931000000000000000e+03,7.170000000000000000e+03,7.409000000000000000e+03,7.648000000000000000e+03,7.887000000000000000e+03,8.126000000000000000e+03,8.365000000000000000e+03,8.604000000000000000e+03,8.843000000000000000e+03,9.082000000000000000e+03,9.321000000000000000e+03,9.560000000000000000e+03,9.799000000000000000e+03,1.003800000000000000e+04,1.027700000000000000e+04,1.051600000000000000e+04,1.075500000000000000e+04,1.099400000000000000e+04,1.123300000000000000e+04,1.147200000000000000e+04,1.171100000000000000e+04,1.195000000000000000e+04,1.218900000000000000e+04,1.242800000000000000e+04,1.266700000000000000e+04,1.290600000000000000e+04,1.314500000000000000e+04,1.338400000000000000e+04,1.362300000000000000e+04,1.386200000000000000e+04,1.410100000000000000e+04,1.434000000000000000e+04,1.457900000000000000e+04,1.481800000000000000e+04,1.505700000000000000e+04,1.529600000000000000e+04,1.553500000000000000e+04,1.577400000000000000e+04,1.601300000000000000e+04,1.625200000000000000e+04,1.649100000000000000e+04,1.673000000000000000e+04,1.696900000000000000e+04,1.720800000000000000e+04,1.744700000000000000e+04,1.768600000000000000e+04,1.792500000000000000e+04,1.816400000000000000e+04,1.840300000000000000e+04,1.864200000000000000e+04,1.888100000000000000e+04,1.912000000000000000e+04,1.935900000000000000e+04,1.959800000000000000e+04,1.983700000000000000e+04,2.007600000000000000e+04,2.031500000000000000e+04,2.055400000000000000e+04,2.079300000000000000e+04,2.103200000000000000e+04,2.127100000000000000e+04,2.151000000000000000e+04,2.174900000000000000e+04,2.198800000000000000e+04,2.222700000000000000e+04,2.246600000000000000e+04,2.270500000000000000e+04,2.294400000000000000e+04,2.318300000000000000e+04,2.342200000000000000e+04,2.366100000000000000e+04,2.390000000000000000e+04,2.413900000000000000e+04,2.437800000000000000e+04,2.461700000000000000e+04,2.485600000000000000e+04,2.509500000000000000e+04,2.533400000000000000e+04,2.557300000000000000e+04,2.581200000000000000e+04,2.605100000000000000e+04,2.629000000000000000e+04,2.652900000000000000e+04,2.676800000000000000e+04,2.700700000000000000e+04,2.724600000000000000e+04,2.748500000000000000e+04,2.772400000000000000e+04,2.796300000000000000e+04,2.820200000000000000e+04,2.844100000000000000e+04,2.868000000000000000e+04,2.891900000000000000e+04,2.915800000000000000e+04,2.939700000000000000e+04,2.963600000000000000e+04,2.987500000000000000e+04,3.011400000000000000e+04,3.035300000000000000e+04,3.059200000000000000e+04,3.083100000000000000e+04,3.107000000000000000e+04,3.130900000000000000e+04,3.154800000000000000e+04,3.178700000000000000e+04,3.202600000000000000e+04,3.226500000000000000e+04,3.250400000000000000e+04,3.274300000000000000e+04,3.298200000000000000e+04,3.322100000000000000e+04,3.346000000000000000e+04,3.369900000000000000e+04,3.393800000000000000e+04,3.417700000000000000e+04,3.441600000000000000e+04,3.465500000000000000e+04,3.489400000000000000e+04,3.513300000000000000e+04,3.537200000000000000e+04,3.561100000000000000e+04,3.585000000000000000e+04,3.608900000000000000e+04,3.632800000000000000e+04,3.656700000000000000e+04,3.680600000000000000e+04,3.704500000000000000e+04,3.728400000000000000e+04,3.752300000000000000e+04,3.776200000000000000e+04,3.800100000000000000e+04,3.824000000000000000e+04,3.847900000000000000e+04,3.871800000000000000e+04,3.895700000000000000e+04,3.919600000000000000e+04,3.943500000000000000e+04,3.967400000000000000e+04,3.991300000000000000e+04,4.015200000000000000e+04,4.039100000000000000e+04,4.063000000000000000e+04,4.086900000000000000e+04,4.110800000000000000e+04,4.134700000000000000e+04,4.158600000000000000e+04,4.182500000000000000e+04,4.206400000000000000e+04,4.230300000000000000e+04,4.254200000000000000e+04,4.278100000000000000e+04,4.302000000000000000e+04,4.325900000000000000e+04,4.349800000000000000e+04,4.373700000000000000e+04,4.397600000000000000e+04,4.421500000000000000e+04,4.445400000000000000e+04,4.469300000000000000e+04,4.493200000000000000e+04,4.517100000000000000e+04,4.541000000000000000e+04,4.564900000000000000e+04,4.588800000000000000e+04,4.612700000000000000e+04,4.636600000000000000e+04,4.660500000000000000e+04,4.684400000000000000e+04,4.708300000000000000e+04,4.732200000000000000e+04,4.756100000000000000e+04,4.780000000000000000e+04,4.803900000000000000e+04,4.827800000000000000e+04,4.851700000000000000e+04,4.875600000000000000e+04,4.899500000000000000e+04,4.923400000000000000e+04,4.947300000000000000e+04,4.971200000000000000e+04,4.995100000000000000e+04,5.019000000000000000e+04,5.042900000000000000e+04,5.066800000000000000e+04,5.090700000000000000e+04,5.114600000000000000e+04,5.138500000000000000e+04,5.162400000000000000e+04,5.186300000000000000e+04,5.210200000000000000e+04,5.234100000000000000e+04,5.258000000000000000e+04,5.281900000000000000e+04,5.305800000000000000e+04,5.329700000000000000e+04,5.353600000000000000e+04,5.377500000000000000e+04,5.401400000000000000e+04,5.425300000000000000e+04,5.449200000000000000e+04,5.473100000000000000e+04,5.497000000000000000e+04,5.520900000000000000e+04,5.544800000000000000e+04,5.568700000000000000e+04,5.592600000000000000e+04,5.616500000000000000e+04,5.640400000000000000e+04,5.664300000000000000e+04,5.688200000000000000e+04,5.712100000000000000e+04,5.736000000000000000e+04,5.759900000000000000e+04,5.783800000000000000e+04,5.807700000000000000e+04,5.831600000000000000e+04,5.855500000000000000e+04,5.879400000000000000e+04,5.903300000000000000e+04,5.927200000000000000e+04,5.951100000000000000e+04,5.975000000000000000e+04,5.998900000000000000e+04,6.022800000000000000e+04,6.046700000000000000e+04,6.070600000000000000e+04,6.094500000000000000e+04,6.118400000000000000e+04,6.142300000000000000e+04,6.166200000000000000e+04,6.190100000000000000e+04,6.214000000000000000e+04,6.237900000000000000e+04,6.261800000000000000e+04,6.285700000000000000e+04,6.309600000000000000e+04,6.333500000000000000e+04,6.357400000000000000e+04,6.381300000000000000e+04,6.405200000000000000e+04,6.429100000000000000e+04,6.453000000000000000e+04,6.476900000000000000e+04,6.500800000000000000e+04,6.524700000000000000e+04,6.548600000000000000e+04,6.572500000000000000e+04,6.596400000000000000e+04,6.620300000000000000e+04,6.644200000000000000e+04,6.668100000000000000e+04,6.692000000000000000e+04,6.715900000000000000e+04,6.739800000000000000e+04,6.763700000000000000e+04,6.787600000000000000e+04,6.811500000000000000e+04,6.835400000000000000e+04,6.859300000000000000e+04,6.883200000000000000e+04,6.907100000000000000e+04,6.931000000000000000e+04,6.954900000000000000e+04,6.978800000000000000e+04,7.002700000000000000e+04,7.026600000000000000e+04,7.050500000000000000e+04,7.074400000000000000e+04,7.098300000000000000e+04,7.122200000000000000e+04,7.146100000000000000e+04
0.000000000000000000e+00,2.400000000000000000e+02,4.800000000000000000e+02,7.200000000000000000e+02,9.600000000000000000e+02,1.200000000000000000e+03,1.440000000000000000e+03,1.680000000000000000e+03,1.920000000000000000e+03,2.160000000000000000e+03,2.400000000000000000e+03,2.640000000000000000e+03,2.880000000000000000e+03,3.120000000000000000e+03,3.360000000000000000e+03,3.600000000000000000e+03,3.840000000000000000e+03,4.080000000000000000e+03,4.320000000000000000e+03,4.560000000000000000e+03,4.800000000000000000e+03,5.040000000000000000e+03,5.280000000000000000e+03,5.520000000000000000e+03,5.760000000000000000e+03,6.000000000000000000e+03,6.240000000000000000e+03,6.480000000000000000e+03,6.720000000000000000e+03,6.960000000000000000e+03,7.200000000000000000e+03,7.440000000000000000e+03,7.680000000000000000e+03,7.920000000000000000e+03,8.160000000000000000e+03,8.400000000000000000e+03,8.640000000000000000e+03,8.880000000000000000e+03,9.120000000000000000e+03,9.360000000000000000e+03,9.600000000000000000e+03,9.840000000000000000e+03,1.008000000000000000e+04,1.032000000000000000e+04,1.056000000000000000e+04,1.080000000000000000e+04,1.104000000000000000e+04,1.128000000000000000e+04,1.152000000000000000e+04,1.176000000000000000e+04,1.200000000000000000e+04,1.224000000000000000e+04,1.248000000000000000e+04,1.272000000000000000e+04,1.296000000000000000e+04,1.320000000000000000e+04,1.344000000000000000e+04,1.368000000000000000e+04,1.392000000000000000e+04,1.416000000000000000e+04,1.440000000000000000e+04,1.464000000000000000e+04,1.488000000000000000e+04,1.512000000000000000e+04,1.536000000000000000e+04,1.560000000000000000e+04,1.584000000000000000e+04,1.608000000000000000e+04,1.632000000000000000e+04,1.656000000000000000e+04,1.680000000000000000e+04,1.704000000000000000e+04,1.728000000000000000e+04,1.752000000000000000e+04,1.776000000000000000e+04,1.800000000000000000e+04,1.824000000000000000e+04,1.848000000000000000e+04,1.872000000000000000e+04,1.896000000000000000e+04,1.920000000000000000e+04,1.944000000000000000e+04,1.968000000000000000e+04,1.992000000000000000e+04,2.016000000000000000e+04,2.040000000000000000e+04,2.064000000000000000e+04,2.088000000000000000e+04,2.112000000000000000e+04,2.136000000000000000e+04,2.160000000000000000e+04,2.184000000000000000e+04,2.208000000000000000e+04,2.232000000000000000e+04,2.256000000000000000e+04,2.280000000000000000e+04,2.304000000000000000e+04,2.328000000000000000e+04,2.352000000000000000e+04,2.376000000000000000e+04,2.400000000000000000e+04,2.424000000000000000e+04,2.448000000000000000e+04,2.472000000000000000e+04,2.496000000000000000e+04,2.520000000000000000e+04,2.544000000000000000e+04,2.568000000000000000e+04,2.592000000000000000e+04,2.616000000000000000e+04,2.640000000000000000e+04,2.664000000000000000e+04,2.688000000000000000e+04,2.712000000000000000e+04,2.736000000000000000e+04,2.760000000000000000e+04,2.784000000000000000e+04,2.808000000000000000e+04,2.832000000000000000e+04,2.856000000000000000e+04,2.880000000000000000e+04,2.904000000000000000e+04,2.928000000000000000e+04,2.952000000000000000e+04,2.976000000000000000e+04,3.000000000000000000e+04,3.024000000000000000e+04,3.048000000000000000e+04,3.072000000000000000e+04,3.096000000000000000e+04,3.120000000000000000e+04,3.144000000000000000e+04,3.168000000000000000e+04,3.192000000000000000e+04,3.216000000000000000e+04,3.240000000000000000e+04,3.264000000000000000e+04,3.288000000000000000e+04,3.312000000000000000e+04,3.336000000000000000e+04,3.360000000000000000e+04,3.384000000000000000e+04,3.408000000000000000e+04,3.432000000000000000e+04,3.456000000000000000e+04,3.480000000000000000e+04,3.504000000000000000e+04,3.528000000000000000e+04,3.552000000000000000e+04,3.576000000000000000e+04,3.600000000000000000e+04,3.624000000000000000e+04,3.648000000000000000e+04,3.672000000000000000e+04,3.696000000000000000e+04,3.720000000000000000e+04,3.744000000000000000e+04,3.768000000000000000e+04,3.792000000000000000e+04,3.816000000000000000e+04,3.840000000000000000e+04,3.864000000000000000e+04,3.888000000000000000e+04,3.912000000000000000e+04,3.936000000000000000e+04,3.960000000000000000e+04,3.984000000000000000e+04,4.008000000000000000e+04,4.032000000000000000e+04,4.056000000000000000e+04,4.080000000000000000e+04,4.104000000000000000e+04,4.128000000000000000e+04,4.152000000000000000e+04,4.176000000000000000e+04,4.200000000000000000e+04,4.224000000000000000e+04,4.248000000000000000e+04,4.272000000000000000e+04,4.296000000000000000e+04,4.320000000000000000e+04,4.344000000000000000e+04,4.368000000000000000e+04,4.392000000000000000e+04,4.416000000000000000e+04,4.440000000000000000e+04,4.464000000000000000e+04,4.488000000000000000e+04,4.512000000000000000e+04,4.536000000000000000e+04,4.560000000000000000e+04,4.584000000000000000e+04,4.608000000000000000e+04,4.632000000000000000e+04,4.656000000000000000e+04,4.680000000000000000e+04,4.704000000000000000e+04,4.728000000000000000e+04,4.752000000000000000e+04,4.776000000000000000e+04,4.800000000000000000e+04,4.824000000000000000e+04,4.848000000000000000e+04,4.872000000000000000e+04,4.896000000000000000e+04,4.920000000000000000e+04,4.944000000000000000e+04,4.968000000000000000e+04,4.992000000000000000e+04,5.016000000000000000e+04,5.040000000000000000e+04,5.064000000000000000e+04,5.088000000000000000e+04,5.112000000000000000e+04,5.136000000000000000e+04,5.160000000000000000e+04,5.184000000000000000e+04,5.208000000000000000e+04,5.232000000000000000e+04,5.256000000000000000e+04,5.280000000000000000e+04,5.304000000000000000e+04,5.328000000000000000e+04,5.352000000000000000e+04,5.376000000000000000e+04,5.400000000000000000e+04,5.424000000000000000e+04,5.448000000000000000e+04,5.472000000000000000e+04,5.496000000000000000e+04,5.520000000000000000e+04,5.544000000000000000e+04,5.568000000000000000e+04,5.592000000000000000e+04,5.616000000000000000e+04,5.640000000000000000e+04,5.664000000000000000e+04,5.688000000000000000e+04,5.712000000000000000e+04,5.736000000000000000e+04,5.760000000000000000e+04,5.784000000000000000e+04,5.808000000000000000e+04,5.832000000000000000e+04,5.856000000000000000e+04,5.880000000000000000e+04,5.904000000000000000e+04,5.928000000000000000e+04,5.952000000000000000e+04,5.976000000000000000e+04,6.000000000000000000e+04,6.024000000000000000e+04,6.048000000000000000e+04,6.072000000000000000e+04,6.096000000000000000e+04,6.120000000000000000e+04,6.144000000000000000e+04,6.168000000000000000e+04,6.192000000000000000e+04,6.216000000000000000e+04,6.240000000000000000e+04,6.264000000000000000e+04,6.288000000000000000e+04,6.312000000000000000e+04,6.336000000000000000e+04,6.360000000000000000e+04,6.384000000000000000e+04,6.408000000000000000e+04,6.432000000000000000e+04,6.456000000000000000e+04,6.480000000000000000e+04,6.504000000000000000e+04,6.528000000000000000e+04,6.552000000000000000e+04,6.576000000000000000e+04,6.600000000000000000e+04,6.624000000000000000e+04,6.648000000000000000e+04,6.672000000000000000e+04,6.696000000000000000e+04,6.720000000000000000e+04,6.744000000000000000e+04,6.768000000000000000e+04,6.792000000000000000e+04,6.816000000000000000e+04,6.840000000000000000e+04,6.864000000000000000e+04,6.888000000000000000e+04,6.912000000000000000e+04,6.936000000000000000e+04,6.960000000000000000e+04,6.984000000000000000e+04,7.008000000000000000e+04,7.032000000000000000e+04,7.056000000000000000e+04,7.080000000000000000e+04,7.104000000000000000e+04,7.128000000000000000e+04,7.152000000000000000e+04,7.176000000000000000e+04
0.000000000000000000e+00,2.410000000000000000e+02,4.820000000000000000e+02,7.230000000000000000e+02,9.640000000000000000e+02,1.205000000000000000e+03,1.446000000000000000e+03,1.687000000000000000e+03,1.928000000000000000e+03,2.169000000000000000e+03,2.410000000000000000e+03,2.651000000000000000e+03,2.892000000000000000e+03,3.133000000000000000e+03,3.374000000000000000e+03,3.615000000000000000e+03,3.856000000000000000e+03,4.097000000000000000e+03,4.338000000000000000e+03,4.579000000000000000e+03,4.820000000000000000e+03,5.061000000000000000e+03,5.302000000000000000e+03,5.543000000000000000e+03,5.784000000000000000e+03,6.025000000000000000e+03,6.266000000000000000e+03,6.507000000000000000e+03,6.748000000000000000e+03,6.989000000000000000e+03,7.230000000000000000e+03,7.471000000000000000e+03,7.712000000000000000e+03,7.953000000000000000e+03,8.194000000000000000e+03,8.435000000000000000e+03,8.676000000000000000e+03,8.917000000000000000e+03,9.158000000000000000e+03,9.399000000000000000e+03,9.640000000000000000e+03,9.881000000000000000e+03,1.012200000000000000e+04,1.036300000000000000e+04,1.060400000000000000e+04,1.084500000000000000e+04,1.108600000000000000e+04,1.132700000000000000e+04,1.156800000000000000e+04,1.180900000000000000e+04,1.205000000000000000e+04,1.229100000000000000e+04,1.253200000000000000e+04,1.277300000000000000e+04,1.301400000000000000e+04,1.325500000000000000e+04,1.349600000000000000e+04,1.373700000000000000e+04,1.397800000000000000e+04,1.421900000000000000e+04,1.446000000000000000e+04,1.470100000000000000e+04,1.494200000000000000e+04,1.518300000000000000e+04,1.542400000000000000e+04,1.566500000000000000e+04,1.590600000000000000e+04,1.614700000000000000e+04,1.638800000000000000e+04,1.662900000000000000e+04,1.687000000000000000e+04,1.711100000000000000e+04,1.735200000000000000e+04,1.759300000000000000e+04,1.783400000000000000e+04,1.807500000000000000e+04,1.831600000000000000e+04,1.855700000000000000e+04,1.879800000000000000e+04,1.903900000000000000e+04,1.928000000000000000e+04,1.952100000000000000e+04,1.976200000000000000e+04,2.000300000000000000e+04,2.024400000000000000e+04,2.048500000000000000e+04,2.072600000000000000e+04,2.096700000000000000e+04,2.120800000000000000e+04,2.144900000000000000e+04,2.169000000000000000e+04,2.193100000000000000e+04,2.217200000000000000e+04,2.241300000000000000e+04,2.265400000000000000e+04,2.289500000000000000e+04,2.313600000000000000e+04,2.337700000000000000e+04,2.361800000000000000e+04,2.385900000000000000e+04,2.410000000000000000e+04,2.434100000000000000e+04,2.458200000000000000e+04,2.482300000000000000e+04,2.506400000000000000e+04,2.530500000000000000e+04,2.554600000000000000e+04,2.578700000000000000e+04,2.602800000000000000e+04,2.626900000000000000e+04,2.651000000000000000e+04,2.675100000000000000e+04,2.699200000000000000e+04,2.723300000000000000e+04,2.747400000000000000e+04,2.771500000000000000e+04,2.795600000000000000e+04,2.819700000000000000e+04,2.843800000000000000e+04,2.867900000000000000e+04,2.892000000000000000e+04,2.916100000000000000e+04,2.940200000000000000e+04,2.964300000000000000e+04,2.988400000000000000e+04,3.012500000000000000e+04,3.036600000000000000e+04,3.060700000000000000e+04,3.084800000000000000e+04,3.108900000000000000e+04,3.133000000000000000e+04,3.157100000000000000e+04,3.181200000000000000e+04,3.205300000000000000e+04,3.229400000000000000e+04,3.253500000000000000e+04,3.277600000000000000e+04,3.301700000000000000e+04,3.325800000000000000e+04,3.349900000000000000e+04,3.374000000000000000e+04,3.398100000000000000e+04,3.422200000000000000e+04,3.446300000000000000e+04,3.470400000000000000e+04,3.494500000000000000e+04,3.518600000000000000e+04,3.542700000000000000e+04,3.566800000000000000e+04,3.590900000000000000e+04,3.615000000000000000e+04,3.639100000000000000e+04,3.663200000000000000e+04,3.687300000000000000e+04,3.711400000000000000e+04,3.735500000000000000e+04,3.759600000000000000e+04,3.783700000000000000e+04,3.807800000000000000e+04,3.831900000000000000e+04,3.856000000000000000e+04,3.880100000000000000e+04,3.904200000000000000e+04,3.928300000000000000e+04,3.952400000000000000e+04,3.976500000000000000e+04,4.000600000000000000e+04,4.024700000000000000e+04,4.048800000000000000e+04,4.072900000000000000e+04,4.097000000000000000e+04,4.121100000000000000e+04,4.145200000000000000e+04,4.169300000000000000e+04,4.193400000000000000e+04,4.217500000000000000e+04,4.241600000000000000e+04,4.265700000000000000e+04,4.289800000000000000e+04,4.313900000000000000e+04,4.338000000000000000e+04,4.362100000000000000e+04,4.386200000000000000e+04,4.410300000000000000e+04,4.434400000000000000e+04,4.458500000000000000e+04,4.482600000000000000e+04,4.506700000000000000e+04,4.530800000000000000e+04,4.554900000000000000e+04,4.579000000000000000e+04,4.603100000000000000e+04,4.627200000000000000e+04,4.651300000000000000e+04,4.675400000000000000e+04,4.699500000000000000e+04,4.723600000000000000e+04,4.747700000000000000e+04,4.771800000000000000e+04,4.795900000000000000e+04,4.820000000000000000e+04,4.844100000000000000e+04,4.868200000000000000e+04,4.892300000000000000e+04,4.916400000000000000e+04,4.940500000000000000e+04,4.964600000000000000e+04,4.988700000000000000e+04,5.012800000000000000e+04,5.036900000000000000e+04,5.061000000000000000e+04,5.085100000000000000e+04,5.109200000000000000e+04,5.133300000000000000e+04,5.157400000000000000e+04,5.181500000000000000e+04,5.205600000000000000e+04,5.229700000000000000e+04,5.253800000000000000e+04,5.277900000000000000e+04,5.302000000000000000e+04,5.326100000000000000e+04,5.350200000000000000e+04,5.374300000000000000e+04,5.398400000000000000e+04,5.422500000000000000e+04,5.446600000000000000e+04,5.470700000000000000e+04,5.494800000000000000e+04,5.518900000000000000e+04,5.543000000000000000e+04,5.567100000000000000e+04,5.591200000000000000e+04,5.615300000000000000e+04,5.639400000000000000e+04,5.663500000000000000e+04,5.687600000000000000e+04,5.711700000000000000e+04,5.735800000000000000e+04,5.759900000000000000e+04,5.784000000000000000e+04,5.808100000000000000e+04,5.832200000000000000e+04,5.856300000000000000e+04,5.880400000000000000e+04,5.904500000000000000e+04,5.928600000000000000e+04,5.952700000000000000e+04,5.976800000000000000e+04,6.000900000000000000e+04,6.025000000000000000e+04,6.049100000000000000e+04,6.073200000000000000e+04,6.097300000000000000e+04,6.121400000000000000e+04,6.145500000000000000e+04,6.169600000000000000e+04,6.193700000000000000e+04,6.217800000000000000e+04,6.241900000000000000e+04,6.266000000000000000e+04,6.290100000000000000e+04,6.314200000000000000e+04,6.338300000000000000e+04,6.362400000000000000e+04,6.386500000000000000e+04,6.410600000000000000e+04,6.434700000000000000e+04,6.458800000000000000e+04,6.482900000000000000e+04,6.507000000000000000e+04,6.531100000000000000e+04,6.555200000000000000e+04,6.579300000000000000e+04,6.603400000000000000e+04,6.627500000000000000e+04,6.651600000000000000e+04,6.675700000000000000e+04,6.699800000000000000e+04,6.723900000000000000e+04,6.748000000000000000e+04,6.772100000000000000e+04,6.796200000000000000e+04,6.820300000000000000e+04,6.844400000000000000e+04,6.868500000000000000e+04,6.892600000000000000e+04,6.916700000000000000e+04,6.940800000000000000e+04,6.964900000000000000e+04,6.989000000000000000e+04,7.013100000000000000e+04,7.037200000000000000e+04,7.061300000000000000e+04,7.085400000000000000e+04,7.109500000000000000e+04,7.133600000000000000e+04,7.157700000000000000e+04,7.181800000000000000e+04,7.205900000000000000e+04
0.000000000000000000e+00,2.420000000000000000e+02,4.840000000000000000e+02,7.260000000000000000e+02,9.680000000000000000e+02,1.210000000000000000e+03,1.452000000000000000e+03,1.694000000000000000e+03,1.936000000000000000e+03,2.178000000000000000e+03,2.420000000000000000e+03,2.662000000000000000e+03,2.904000000000000000e+03,3.146000000000000000e+03,3.388000000000000000e+03,3.630000000000000000e+03,3.872000000000000000e+03,4.114000000000000000e+03,4.356000000000000000e+03,4.598000000000000000e+03,4.840000000000000000e+03,5.082000000000000000e+03,5.324000000000000000e+03,5.566000000000000000e+03,5.808000000000000000e+03,6.050000000000000000e+03,6.292000000000000000e+03,6.534000000000000000e+03,6.776000000000000000e+03,7.018000000000000000e+03,7.260000000000000000e+03,7.502000000000000000e+03,7.744000000000000000e+03,7.986000000000000000e+03,8.228000000000000000e+03,8.470000000000000000e+03,8.712000000000000000e+03,8.954000000000000000e+03,9.196000000000000000e+03,9.438000000000000000e+03,9.680000000000000000e+03,9.922000000000000000e+03,1.016400000000000000e+04,1.040600000000000000e+04,1.064800000000000000e+04,1.089000000000000000e+04,1.113200000000000000e+04,1.137400000000000000e+04,1.161600000000000000e+04,1.185800000000000000e+04,1.210000000000000000e+04,1.234200000000000000e+04,1.258400000000000000e+04,1.282600000000000000e+04,1.306800000000000000e+04,1.331000000000000000e+04,1.355200000000000000e+04,1.379400000000000000e+04,1.403600000000000000e+04,1.427800000000000000e+04,1.452000000000000000e+04,1.476200000000000000e+04,1.500400000000000000e+04,1.524600000000000000e+04,1.548800000000000000e+04,1.573000000000000000e+04,1.597200000000000000e+04,1.621400000000000000e+04,1.645600000000000000e+04,1.669800000000000000e+04,1.694000000000000000e+04,1.718200000000000000e+04,1.742400000000000000e+04,1.766600000000000000e+04,1.790800000000000000e+04,1.815000000000000000e+04,1.839200000000000000e+04,1.863400000000000000e+04,1.887600000000000000e+04,1.911800000000000000e+04,1.936000000000000000e+04,1.960200000000000000e+04,1.984400000000000000e+04,2.008600000000000000e+04,2.032800000000000000e+04,2.057000000000000000e+04,2.081200000000000000e+04,2.105400000000000000e+04,2.129600000000000000e+04,2.153800000000000000e+04,2.178000000000000000e+04,2.202200000000000000e+04,2.226400000000000000e+04,2.250600000000000000e+04,2.274800000000000000e+04,2.299000000000000000e+04,2.323200000000000000e+04,2.347400000000000000e+04,2.371600000000000000e+04,2.395800000000000000e+04,2.420000000000000000e+04,2.444200000000000000e+04,2.468400000000000000e+04,2.492600000000000000e+04,2.516800000000000000e+04,2.541000000000000000e+04,2.565200000000000000e+04,2.589400000000000000e+04,2.613600000000000000e+04,2.637800000000000000e+04,2.662000000000000000e+04,2.686200000000000000e+04,2.710400000000000000e+04,2.734600000000000000e+04,2.758800000000000000e+04,2.783000000000000000e+04,2.807200000000000000e+04,2.831400000000000000e+04,2.855600000000000000e+04,2.879800000000000000e+04,2.904000000000000000e+04,2.928200000000000000e+04,2.952400000000000000e+04,2.976600000000000000e+04,3.000800000000000000e+04,3.025000000000000000e+04,3.049200000000000000e+04,3.073400000000000000e+04,3.097600000000000000e+04,3.121800000000000000e+04,3.146000000000000000e+04,3.170200000000000000e+04,3.194400000000000000e+04,3.218600000000000000e+04,3.242800000000000000e+04,3.267000000000000000e+04,3.291200000000000000e+04,3.315400000000000000e+04,3.339600000000000000e+04,3.363800000000000000e+04,3.388000000000000000e+04,3.412200000000000000e+04,3.436400000000000000e+04,3.460600000000000000e+04,3.484800000000000000e+04,3.509000000000000000e+04,3.533200000000000000e+04,3.557400000000000000e+04,3.581600000000000000e+04,3.605800000000000000e+04,3.630000000000000000e+04,3.654200000000000000e+04,3.678400000000000000e+04,3.702600000000000000e+04,3.726800000000000000e+04,3.751000000000000000e+04,3.775200000000000000e+04,3.799400000000000000e+04,3.823600000000000000e+04,3.847800000000000000e+04,3.872000000000000000e+04,3.896200000000000000e+04,3.920400000000000000e+04,3.944600000000000000e+04,3.968800000000000000e+04,3.993000000000000000e+04,4.017200000000000000e+04,4.041400000000000000e+04,4.065600000000000000e+04,4.089800000000000000e+04,4.114000000000000000e+04,4.138200000000000000e+04,4.162400000000000000e+04,4.186600000000000000e+04,4.210800000000000000e+04,4.235000000000000000e+04,4.259200000000000000e+04,4.283400000000000000e+04,4.307600000000000000e+04,4.331800000000000000e+04,4.356000000000000000e+04,4.380200000000000000e+04,4.404400000000000000e+04,4.428600000000000000e+04,4.452800000000000000e+04,4.477000000000000000e+04,4.501200000000000000e+04,4.525400000000000000e+04,4.549600000000000000e+04,4.573800000000000000e+04,4.598000000000000000e+04,4.622200000000000000e+04,4.646400000000000000e+04,4.670600000000000000e+04,4.694800000000000000e+04,4.719000000000000000e+04,4.743200000000000000e+04,4.767400000000000000e+04,4.791600000000000000e+04,4.815800000000000000e+04,4.840000000000000000e+04,4.864200000000000000e+04,4.888400000000000000e+04,4.912600000000000000e+04,4.936800000000000000e+04,4.961000000000000000e+04,4.985200000000000000e+04,5.009400000000000000e+04,5.033600000000000000e+04,5.057800000000000000e+04,5.082000000000000000e+04,5.106200000000000000e+04,5.130400000000000000e+04,5.154600000000000000e+04,5.178800000000000000e+04,5.203000000000000000e+04,5.227200000000000000e+04,5.251400000000000000e+04,5.275600000000000000e+04,5.299800000000000000e+04,5.324000000000000000e+04,5.348200000000000000e+04,5.372400000000000000e+04,5.396600000000000000e+04,5.420800000000000000e+04,5.445000000000000000e+04,5.469200000000000000e+04,5.493400000000000000e+04,5.517600000000000000e+04,5.541800000000000000e+04,5.566000000000000000e+04,5.590200000000000000e+04,5.614400000000000000e+04,5.638600000000000000e+04,5.662800000000000000e+04,5.687000000000000000e+04,5.711200000000000000e+04,5.735400000000000000e+04,5.759600000000000000e+04,5.783800000000000000e+04,5.808000000000000000e+04,5.832200000000000000e+04,5.856400000000000000e+04,5.880600000000000000e+04,5.904800000000000000e+04,5.929000000000000000e+04,5.953200000000000000e+04,5.977400000000000000e+04,6.001600000000000000e+04,6.025800000000000000e+04,6.050000000000000000e+04,6.074200000000000000e+04,6.098400000000000000e+04,6.122600000000000000e+04,6.146800000000000000e+04,6.171000000000000000e+04,6.195200000000000000e+04,6.219400000000000000e+04,6.243600000000000000e+04,6.267800000000000000e+04,6.292000000000000000e+04,6.316200000000000000e+04,6.340400000000000000e+04,6.364600000000000000e+04,6.388800000000000000e+04,6.413000000000000000e+04,6.437200000000000000e+04,6.461400000000000000e+04,6.485600000000000000e+04,6.509800000000000000e+04,6.534000000000000000e+04,6.558200000000000000e+04,6.582400000000000000e+04,6.606600000000000000e+04,6.630800000000000000e+04,6.655000000000000000e+04,6.679200000000000000e+04,6.703400000000000000e+04,6.727600000000000000e+04,6.751800000000000000e+04,6.776000000000000000e+04,6.800200000000000000e+04,6.824400000000000000e+04,6.848600000000000000e+04,6.872800000000000000e+04,6.897000000000000000e+04,6.921200000000000000e+04,6.945400000000000000e+04,6.969600000000000000e+04,6.993800000000000000e+04,7.018000000000000000e+04,7.042200000000000000e+04,7.066400000000000000e+04,7.090600000000000000e+04,7.114800000000000000e+04,7.139000000000000000e+04,7.163200000000000000e+04,7.187400000000000000e+04,7.211600000000000000e+04,7.235800000000000000e+04
0.000000000000000000e+00,2.430000000000000000e+02,4.860000000000000000e+02,7.290000000000000000e+02,9.720000000000000000e+02,1.215000000000000000e+03,1.458000000000000000e+03,1.701000000000000000e+03,1.944000000000000000e+03,2.187000000000000000e+03,2.430000000000000000e+03,2.673000000000000000e+03,2.916000000000000000e+03,3.159000000000000000e+03,3.402000000000000000e+03,3.645000000000000000e+03,3.888000000000000000e+03,4.131000000000000000e+03,4.374000000000000000e+03,4.617000000000000000e+03,4.860000000000000000e+03,5.103000000000000000e+03,5.346000000000000000e+03,5.589000000000000000e+03,5.832000000000000000e+03,6.075000000000000000e+03,6.318000000000000000e+03,6.561000000000000000e+03,6.804000000000000000e+03,7.047000000000000000e+03,7.290000000000000000e+03,7.533000000000000000e+03,7.776000000000000000e+03,8.019000000000000000e+03,8.262000000000000000e+03,8.505000000000000000e+03,8.748000000000000000e+03,8.991000000000000000e+03,9.234000000000000000e+03,9.477000000000000000e+03,9.720000000000000000e+03,9.963000000000000000e+03,1.020600000000000000e+04,1.044900000000000000e+04,1.069200000000000000e+04,1.093500000000000000e+04,1.117800000000000000e+04,1.142100000000000000e+04,1.166400000000000000e+04,1.190700000000000000e+04,1.215000000000000000e+04,1.239300000000000000e+04,1.263600000000000000e+04,1.287900000000000000e+04,1.312200000000000000e+04,1.336500000000000000e+04,1.360800000000000000e+04,1.385100000000000000e+04,1.409400000000000000e+04,1.433700000000000000e+04,1.458000000000000000e+04,1.482300000000000000e+04,1.506600000000000000e+04,1.530900000000000000e+04,1.555200000000000000e+04,1.579500000000000000e+04,1.603800000000000000e+04,1.628100000000000000e+04,1.652400000000000000e+04,1.676700000000000000e+04,1.701000000000000000e+04,1.725300000000000000e+04,1.749600000000000000e+04,1.773900000000000000e+04,1.798200000000000000e+04,1.822500000000000000e+04,1.846800000000000000e+04,1.871100000000000000e+04,1.895400000000000000e+04,1.919700000000000000e+04,1.944000000000000000e+04,1.968300000000000000e+04,1.992600000000000000e+04,2.016900000000000000e+04,2.041200000000000000e+04,2.065500000000000000e+04,2.089800000000000000e+04,2.114100000000000000e+04,2.138400000000000000e+04,2.162700000000000000e+04,2.187000000000000000e+04,2.211300000000000000e+04,2.235600000000000000e+04,2.259900000000000000e+04,2.284200000000000000e+04,2.308500000000000000e+04,2.332800000000000000e+04,2.357100000000000000e+04,2.381400000000000000e+04,2.405700000000000000e+04,2.430000000000000000e+04,2.454300000000000000e+04,2.478600000000000000e+04,2.502900000000000000e+04,2.527200000000000000e+04,2.551500000000000000e+04,2.575800000000000000e+04,2.600100000000000000e+04,2.624400000000000000e+04,2.648700000000000000e+04,2.673000000000000000e+04,2.697300000000000000e+04,2.721600000000000000e+04,2.745900000000000000e+04,2.770200000000000000e+04,2.794500000000000000e+04,2.818800000000000000e+04,2.843100000000000000e+04,2.867400000000000000e+04,2.891700000000000000e+04,2.916000000000000000e+04,2.940300000000000000e+04,2.964600000000000000e+04,2.988900000000000000e+04,3.013200000000000000e+04,3.037500000000000000e+04,3.061800000000000000e+04,3.086100000000000000e+04,3.110400000000000000e+04,3.134700000000000000e+04,3.159000000000000000e+04,3.183300000000000000e+04,3.207600000000000000e+04,3.231900000000000000e+04,3.256200000000000000e+04,3.280500000000000000e+04,3.304800000000000000e+04,3.329100000000000000e+04,3.353400000000000000e+04,3.377700000000000000e+04,3.402000000000000000e+04,3.426300000000000000e+04,3.450600000000000000e+04,3.474900000000000000e+04,3.499200000000000000e+04,3.523500000000000000e+04,3.547800000000000000e+04,3.572100000000000000e+04,3.596400000000000000e+04,3.620700000000000000e+04,3.645000000000000000e+04,3.669300000000000000e+04,3.693600000000000000e+04,3.717900000000000000e+04,3.742200000000000000e+04,3.766500000000000000e+04,3.790800000000000000e+04,3.815100000000000000e+04,3.839400000000000000e+04,3.863700000000000000e+04,3.888000000000000000e+04,3.912300000000000000e+04,3.936600000000000000e+04,3.960900000000000000e+04,3.985200000000000000e+04,4.009500000000000000e+04,4.033800000000000000e+04,4.058100000000000000e+04,4.082400000000000000e+04,4.106700000000000000e+04,4.131000000000000000e+04,4.155300000000000000e+04,4.179600000000000000e+04,4.203900000000000000e+04,4.228200000000000000e+04,4.252500000000000000e+04,4.276800000000000000e+04,4.301100000000000000e+04,4.325400000000000000e+04,4.349700000000000000e+04,4.374000000000000000e+04,4.398300000000000000e+04,4.422600000000000000e+04,4.446900000000000000e+04,4.471200000000000000e+04,4.495500000000000000e+04,4.519800000000000000e+04,4.544100000000000000e+04,4.568400000000000000e+04,4.592700000000000000e+04,4.617000000000000000e+04,4.641300000000000000e+04,4.665600000000000000e+04,4.689900000000000000e+04,4.714200000000000000e+04,4.738500000000000000e+04,4.762800000000000000e+04,4.787100000000000000e+04,4.811400000000000000e+04,4.835700000000000000e+04,4.860000000000000000e+04,4.884300000000000000e+04,4.908600000000000000e+04,4.932900000000000000e+04,4.957200000000000000e+04,4.981500000000000000e+04,5.005800000000000000e+04,5.030100000000000000e+04,5.054400000000000000e+04,5.078700000000000000e+04,5.103000000000000000e+04,5.127300000000000000e+04,5.151600000000000000e+04,5.175900000000000000e+04,5.200200000000000000e+04,5.224500000000000000e+04,5.248800000000000000e+04,5.273100000000000000e+04,5.297400000000000000e+04,5.321700000000000000e+04,5.346000000000000000e+04,5.370300000000000000e+04,5.394600000000000000e+04,5.418900000000000000e+04,5.443200000000000000e+04,5.467500000000000000e+04,5.491800000000000000e+04,5.516100000000000000e+04,5.540400000000000000e+04,5.564700000000000000e+04,5.589000000000000000e+04,5.613300000000000000e+04,5.637600000000000000e+04,5.661900000000000000e+04,5.686200000000000000e+04,5.710500000000000000e+04,5.734800000000000000e+04,5.759100000000000000e+04,5.783400000000000000e+04,5.807700000000000000e+04,5.832000000000000000e+04,5.856300000000000000e+04,5.880600000000000000e+04,5.904900000000000000e+04,5.929200000000000000e+04,5.953500000000000000e+04,5.977800000000000000e+04,6.002100000000000000e+04,6.026400000000000000e+04,6.050700000000000000e+04,6.075000000000000000e+04,6.099300000000000000e+04,6.123600000000000000e+04,6.147900000000000000e+04,6.172200000000000000e+04,6.196500000000000000e+04,6.220800000000000000e+04,6.245100000000000000e+04,6.269400000000000000e+04,6.293700000000000000e+04,6.318000000000000000e+04,6.342300000000000000e+04,6.366600000000000000e+04,6.390900000000000000e+04,6.415200000000000000e+04,6.439500000000000000e+04,6.463800000000000000e+04,6.488100000000000000e+04,6.512400000000000000e+04,6.536700000000000000e+04,6.561000000000000000e+04,6.585300000000000000e+04,6.609600000000000000e+04,6.633900000000000000e+04,6.658200000000000000e+04,6.682500000000000000e+04,6.706800000000000000e+04,6.731100000000000000e+04,6.755400000000000000e+04,6.779700000000000000e+04,6.804000000000000000e+04,6.828300000000000000e+04,6.852600000000000000e+04,6.876900000000000000e+04,6.901200000000000000e+04,6.925500000000000000e+04,6.949800000000000000e+04,6.974100000000000000e+04,6.998400000000000000e+04,7.022700000000000000e+04,7.047000000000000000e+04,7.071300000000000000e+04,7.095600000000000000e+04,7.119900000000000000e+04,7.144200000000000000e+04,7.168500000000000000e+04,7.192800000000000000e+04,7.217100000000000000e+04,7.241400000000000000e+04,7.265700000000000000e+04
0.000000000000000000e+00,2.440000000000000000e+02,4.880000000000000000e+02,7.320000000000000000e+02,9.760000000000000000e+02,1.220000000000000000e+03,1.464000000000000000e+03,1.708000000000000000e+03,1.952000000000000000e+03,2.196000000000000000e+03,2.440000000000000000e+03,2.684000000000000000e+03,2.928000000000000000e+03,3.172000000000000000e+03,3.416000000000000000e+03,3.660000000000000000e+03,3.904000000000000000e+03,4.148000000000000000e+03,4.392000000000000000e+03,4.636000000000000000e+03,4.880000000000000000e+03,5.124000000000000000e+03,5.368000000000000000e+03,5.612000000000000000e+03,5.856000000000000000e+03,6.100000000000000000e+03,6.344000000000000000e+03,6.588000000000000000e+03,6.832000000000000000e+03,7.076000000000000000e+03,7.320000000000000000e+03,7.564000000000000000e+03,7.808000000000000000e+03,8.052000000000000000e+03,8.296000000000000000e+03,8.540000000000000000e+03,8.784000000000000000e+03,9.028000000000000000e+03,9.272000000000000000e+03,9.516000000000000000e+03,9.760000000000000000e+03,1.000400000000000000e+04,1.024800000000000000e+04,1.049200000000000000e+04,1.073600000000000000e+04,1.098000000000000000e+04,1.122400000000000000e+04,1.146800000000000000e+04,1.171200000000000000e+04,1.195600000000000000e+04,1.220000000000000000e+04,1.244400000000000000e+04,1.268800000000000000e+04,1.293200000000000000e+04,1.317600000000000000e+04,1.342000000000000000e+04,1.366400000000000000e+04,1.390800000000000000e+04,1.415200000000000000e+04,1.439600000000000000e+04,1.464000000000000000e+04,1.488400000000000000e+04,1.512800000000000000e+04,1.537200000000000000e+04,1.561600000000000000e+04,1.586000000000000000e+04,1.610400000000000000e+04,1.634800000000000000e+04,1.659200000000000000e+04,1.683600000000000000e+04,1.708000000000000000e+04,1.732400000000000000e+04,1.756800000000000000e+04,1.781200000000000000e+04,1.805600000000000000e+04,1.830000000000000000e+04,1.854400000000000000e+04,1.878800000000000000e+04,1.903200000000000000e+04,1.927600000000000000e+04,1.952000000000000000e+04,1.976400000000000000e+04,2.000800000000000000e+04,2.025200000000000000e+04,2.049600000000000000e+04,2.074000000000000000e+04,2.098400000000000000e+04,2.122800000000000000e+04,2.147200000000000000e+04,2.171600000000000000e+04,2.196000000000000000e+04,2.220400000000000000e+04,2.244800000000000000e+04,2.269200000000000000e+04,2.293600000000000000e+04,2.318000000000000000e+04,2.342400000000000000e+04,2.366800000000000000e+04,2.391200000000000000e+04,2.415600000000000000e+04,2.440000000000000000e+04,2.464400000000000000e+04,2.488800000000000000e+04,2.513200000000000000e+04,2.537600000000000000e+04,2.562000000000000000e+04,2.586400000000000000e+04,2.610800000000000000e+04,2.635200000000000000e+04,2.659600000000000000e+04,2.684000000000000000e+04,2.708400000000000000e+04,2.732800000000000000e+04,2.757200000000000000e+04,2.781600000000000000e+04,2.806000000000000000e+04,2.830400000000000000e+04,2.854800000000000000e+04,2.879200000000000000e+04,2.903600000000000000e+04,2.928000000000000000e+04,2.952400000000000000e+04,2.976800000000000000e+04,3.001200000000000000e+04,3.025600000000000000e+04,3.050000000000000000e+04,3.074400000000000000e+04,3.098800000000000000e+04,3.123200000000000000e+04,3.147600000000000000e+04,3.172000000000000000e+04,3.196400000000000000e+04,3.220800000000000000e+04,3.245200000000000000e+04,3.269600000000000000e+04,3.294000000000000000e+04,3.318400000000000000e+04,3.342800000000000000e+04,3.367200000000000000e+04,3.391600000000000000e+04,3.416000000000000000e+04,3.440400000000000000e+04,3.464800000000000000e+04,3.489200000000000000e+04,3.513600000000000000e+04,3.538000000000000000e+04,3.562400000000000000e+04,3.586800000000000000e+04,3.611200000000000000e+04,3.635600000000000000e+04,3.660000000000000000e+04,3.684400000000000000e+04,3.708800000000000000e+04,3.733200000000000000e+04,3.757600000000000000e+04,3.782000000000000000e+04,3.806400000000000000e+04,3.830800000000000000e+04,3.855200000000000000e+04,3.879600000000000000e+04,3.904000000000000000e+04,3.928400000000000000e+04,3.952800000000000000e+04,3.977200000000000000e+04,4.001600000000000000e+04,4.026000000000000000e+04,4.050400000000000000e+04,4.074800000000000000e+04,4.099200000000000000e+04,4.123600000000000000e+04,4.148000000000000000e+04,4.172400000000000000e+04,4.196800000000000000e+04,4.221200000000000000e+04,4.245600000000000000e+04,4.270000000000000000e+04,4.294400000000000000e+04,4.318800000000000000e+04,4.343200000000000000e+04,4.367600000000000000e+04,4.392000000000000000e+04,4.416400000000000000e+04,4.440800000000000000e+04,4.465200000000000000e+04,4.489600000000000000e+04,4.514000000000000000e+04,4.538400000000000000e+04,4.562800000000000000e+04,4.587200000000000000e+04,4.611600000000000000e+04,4.636000000000000000e+04,4.660400000000000000e+04,4.684800000000000000e+04,4.709200000000000000e+04,4.733600000000000000e+04,4.758000000000000000e+04,4.782400000000000000e+04,4.806800000000000000e+04,4.831200000000000000e+04,4.855600000000000000e+04,4.880000000000000000e+04,4.904400000000000000e+04,4.928800000000000000e+04,4.953200000000000000e+04,4.977600000000000000e+04,5.002000000000000000e+04,5.026400000000000000e+04,5.050800000000000000e+04,5.075200000000000000e+04,5.099600000000000000e+04,5.124000000000000000e+04,5.148400000000000000e+04,5.172800000000000000e+04,5.197200000000000000e+04,5.221600000000000000e+04,5.246000000000000000e+04,5.270400000000000000e+04,5.294800000000000000e+04,5.319200000000000000e+04,5.343600000000000000e+04,5.368000000000000000e+04,5.392400000000000000e+04,5.416800000000000000e+04,5.441200000000000000e+04,5.465600000000000000e+04,5.490000000000000000e+04,5.514400000000000000e+04,5.538800000000000000e+04,5.563200000000000000e+04,5.587600000000000000e+04,5.612000000000000000e+04,5.636400000000000000e+04,5.660800000000000000e+04,5.685200000000000000e+04,5.709600000000000000e+04,5.734000000000000000e+04,5.758400000000000000e+04,5.782800000000000000e+04,5.807200000000000000e+04,5.831600000000000000e+04,5.856000000000000000e+04,5.880400000000000000e+04,5.904800000000000000e+04,5.929200000000000000e+04,5.953600000000000000e+04,5.978000000000000000e+04,6.002400000000000000e+04,6.026800000000000000e+04,6.051200000000000000e+04,6.075600000000000000e+04,6.100000000000000000e+04,6.124400000000000000e+04,6.148800000000000000e+04,6.173200000000000000e+04,6.197600000000000000e+04,6.222000000000000000e+04,6.246400000000000000e+04,6.270800000000000000e+04,6.295200000000000000e+04,6.319600000000000000e+04,6.344000000000000000e+04,6.368400000000000000e+04,6.392800000000000000e+04,6.417200000000000000e+04,6.441600000000000000e+04,6.466000000000000000e+04,6.490400000000000000e+04,6.514800000000000000e+04,6.539200000000000000e+04,6.563600000000000000e+04,6.588000000000000000e+04,6.612400000000000000e+04,6.636800000000000000e+04,6.661200000000000000e+04,6.685600000000000000e+04,6.710000000000000000e+04,6.734400000000000000e+04,6.758800000000000000e+04,6.783200000000000000e+04,6.807600000000000000e+04,6.832000000000000000e+04,6.856400000000000000e+04,6.880800000000000000e+04,6.905200000000000000e+04,6.929600000000000000e+04,6.954000000000000000e+04,6.978400000000000000e+04,7.002800000000000000e+04,7.027200000000000000e+04,7.051600000000000000e+04,7.076000000000000000e+04,7.100400000000000000e+04,7.124800000000000000e+04,7.149200000000000000e+04,7.173600000000000000e+04,7.198000000000000000e+04,7.222400000000000000e+04,7.246800000000000000e+04,7.271200000000000000e+04,7.295600000000000000e+04
0.000000000000000000e+00,2.450000000000000000e+02,4.900000000000000000e+02,7.350000000000000000e+02,9.800000000000000000e+02,1.225000000000000000e+03,1.470000000000000000e+03,1.715000000000000000e+03,1.960000000000000000e+03,2.205000000000000000e+03,2.450000000000000000e+03,2.695000000000000000e+03,2.940000000000000000e+03,3.185000000000000000e+03,3.430000000000000000e+03,3.675000000000000000e+03,3.920000000000000000e+03,4.165000000000000000e+03,4.410000000000000000e+03,4.655000000000000000e+03,4.900000000000000000e+03,5.145000000000000000e+03,5.390000000000000000e+03,5.635000000000000000e+03,5.880000000000000000e+03,6.125000000000000000e+03,6.370000000000000000e+03,6.615000000000000000e+03,6.860000000000000000e+03,7.105000000000000000e+03,7.350000000000000000e+03,7.595000000000000000e+03,7.840000000000000000e+03,8.085000000000000000e+03,8.330000000000000000e+03,8.575000000000000000e+03,8.820000000000000000e+03,9.065000000000000000e+03,9.310000000000000000e+03,9.555000000000000000e+03,9.800000000000000000e+03,1.004500000000000000e+04,1.029000000000000000e+04,1.053500000000000000e+04,1.078000000000000000e+04,1.102500000000000000e+04,1.127000000000000000e+04,1.151500000000000000e+04,1.176000000000000000e+04,1.200500000000000000e+04,1.225000000000000000e+04,1.249500000000000000e+04,1.274000000000000000e+04,1.298500000000000000e+04,1.323000000000000000e+04,1.347500000000000000e+04,1.372000000000000000e+04,1.396500000000000000e+04,1.421000000000000000e+04,1.445500000000000000e+04,1.470000000000000000e+04,1.494500000000000000e+04,1.519000000000000000e+04,1.543500000000000000e+04,1.568000000000000000e+04,1.592500000000000000e+04,1.617000000000000000e+04,1.641500000000000000e+04,1.666000000000000000e+04,1.690500000000000000e+04,1.715000000000000000e+04,1.739500000000000000e+04,1.764000000000000000e+04,1.788500000000000000e+04,1.813000000000000000e+04,1.837500000000000000e+04,1.862000000000000000e+04,1.886500000000000000e+04,1.911000000000000000e+04,1.935500000000000000e+04,1.960000000000000000e+04,1.984500000000000000e+04,2.009000000000000000e+04,2.033500000000000000e+04,2.058000000000000000e+04,2.082500000000000000e+04,2.107000000000000000e+04,2.131500000000000000e+04,2.156000000000000000e+04,2.180500000000000000e+04,2.205000000000000000e+04,2.229500000000000000e+04,2.254000000000000000e+04,2.278500000000000000e+04,2.303000000000000000e+04,2.327500000000000000e+04,2.352000000000000000e+04,2.376500000000000000e+04,2.401000000000000000e+04,2.425500000000000000e+04,2.450000000000000000e+04,2.474500000000000000e+04,2.499000000000000000e+04,2.523500000000000000e+04,2.548000000000000000e+04,2.572500000000000000e+04,2.597000000000000000e+04,2.621500000000000000e+04,2.646000000000000000e+04,2.670500000000000000e+04,2.695000000000000000e+04,2.719500000000000000e+04,2.744000000000000000e+04,2.768500000000000000e+04,2.793000000000000000e+04,2.817500000000000000e+04,2.842000000000000000e+04,2.866500000000000000e+04,2.891000000000000000e+04,2.915500000000000000e+04,2.940000000000000000e+04,2.964500000000000000e+04,2.989000000000000000e+04,3.013500000000000000e+04,3.038000000000000000e+04,3.062500000000000000e+04,3.087000000000000000e+04,3.111500000000000000e+04,3.136000000000000000e+04,3.160500000000000000e+04,3.185000000000000000e+04,3.209500000000000000e+04,3.234000000000000000e+04,3.258500000000000000e+04,3.283000000000000000e+04,3.307500000000000000e+04,3.332000000000000000e+04,3.356500000000000000e+04,3.381000000000000000e+04,3.405500000000000000e+04,3.430000000000000000e+04,3.454500000000000000e+04,3.479000000000000000e+04,3.503500000000000000e+04,3.528000000000000000e+04,3.552500000000000000e+04,3.577000000000000000e+04,3.601500000000000000e+04,3.626000000000000000e+04,3.650500000000000000e+04,3.675000000000000000e+04,3.699500000000000000e+04,3.724000000000000000e+04,3.748500000000000000e+04,3.773000000000000000e+04,3.797500000000000000e+04,3.822000000000000000e+04,3.846500000000000000e+04,3.871000000000000000e+04,3.895500000000000000e+04,3.920000000000000000e+04,3.944500000000000000e+04,3.969000000000000000e+04,3.993500000000000000e+04,4.018000000000000000e+04,4.042500000000000000e+04,4.067000000000000000e+04,4.091500000000000000e+04,4.116000000000000000e+04,4.140500000000000000e+04,4.165000000000000000e+04,4.189500000000000000e+04,4.214000000000000000e+04,4.238500000000000000e+04,4.263000000000000000e+04,4.287500000000000000e+04,4.312000000000000000e+04,4.336500000000000000e+04,4.361000000000000000e+04,4.385500000000000000e+04,4.410000000000000000e+04,4.434500000000000000e+04,4.459000000000000000e+04,4.483500000000000000e+04,4.508000000000000000e+04,4.532500000000000000e+04,4.557000000000000000e+04,4.581500000000000000e+04,4.606000000000000000e+04,4.630500000000000000e+04,4.655000000000000000e+04,4.679500000000000000e+04,4.704000000000000000e+04,4.728500000000000000e+04,4.753000000000000000e+04,4.777500000000000000e+04,4.802000000000000000e+04,4.826500000000000000e+04,4.851000000000000000e+04,4.875500000000000000e+04,4.900000000000000000e+04,4.924500000000000000e+04,4.949000000000000000e+04,4.973500000000000000e+04,4.998000000000000000e+04,5.022500000000000000e+04,5.047000000000000000e+04,5.071500000000000000e+04,5.096000000000000000e+04,5.120500000000000000e+04,5.145000000000000000e+04,5.169500000000000000e+04,5.194000000000000000e+04,5.218500000000000000e+04,5.243000000000000000e+04,5.267500000000000000e+04,5.292000000000000000e+04,5.316500000000000000e+04,5.341000000000000000e+04,5.365500000000000000e+04,5.390000000000000000e+04,5.414500000000000000e+04,5.439000000000000000e+04,5.463500000000000000e+04,5.488000000000000000e+04,5.512500000000000000e+04,5.537000000000000000e+04,5.561500000000000000e+04,5.586000000000000000e+04,5.610500000000000000e+04,5.635000000000000000e+04,5.659500000000000000e+04,5.684000000000000000e+04,5.708500000000000000e+04,5.733000000000000000e+04,5.757500000000000000e+04,5.782000000000000000e+04,5.806500000000000000e+04,5.831000000000000000e+04,5.855500000000000000e+04,5.880000000000000000e+04,5.904500000000000000e+04,5.929000000000000000e+04,5.953500000000000000e+04,5.978000000000000000e+04,6.002500000000000000e+04,6.027000000000000000e+04,6.051500000000000000e+04,6.076000000000000000e+04,6.100500000000000000e+04,6.125000000000000000e+04,6.149500000000000000e+04,6.174000000000000000e+04,6.198500000000000000e+04,6.223000000000000000e+04,6.247500000000000000e+04,6.272000000000000000e+04,6.296500000000000000e+04,6.321000000000000000e+04,6.345500000000000000e+04,6.370000000000000000e+04,6.394500000000000000e+04,6.419000000000000000e+04,6.443500000000000000e+04,6.468000000000000000e+04,6.492500000000000000e+04,6.517000000000000000e+04,6.541500000000000000e+04,6.566000000000000000e+04,6.590500000000000000e+04,6.615000000000000000e+04,6.639500000000000000e+04,6.664000000000000000e+04,6.688500000000000000e+04,6.713000000000000000e+04,6.737500000000000000e+04,6.762000000000000000e+04,6.786500000000000000e+04,6.811000000000000000e+04,6.835500000000000000e+04,6.860000000000000000e+04,6.884500000000000000e+04,6.909000000000000000e+04,6.933500000000000000e+04,6.958000000000000000e+04,6.982500000000000000e+04,7.007000000000000000e+04,7.031500000000000000e+04,7.056000000000000000e+04,7.080500000000000000e+04,7.105000000000000000e+04,7.129500000000000000e+04,7.154000000000000000e+04,7.178500000000000000e+04,7.203000000000000000e+04,7.227500000000000000e+04,7.252000000000000000e+04,7.276500000000000000e+04,7.301000000000000000e+04,7.325500000000000000e+04
0.000000000000000000e+00,2.460000000000000000e+02,4.920000000000000000e+02,7.380000000000000000e+02,9.840000000000000000e+02,1.230000000000000000e+03,1.476000000000000000e+03,1.722000000000000000e+03,1.968000000000000000e+03,2.214000000000000000e+03,2.460000000000000000e+03,2.706000000000000000e+03,2.952000000000000000e+03,3.198000000000000000e+03,3.444000000000000000e+03,3.690000000000000000e+03,3.936000000000000000e+03,4.182000000000000000e+03,4.428000000000000000e+03,4.674000000000000000e+03,4.920000000000000000e+03,5.166000000000000000e+03,5.412000000000000000e+03,5.658000000000000000e+03,5.904000000000000000e+03,6.150000000000000000e+03,6.396000000000000000e+03,6.642000000000000000e+03,6.888000000000000000e+03,7.134000000000000000e+03,7.380000000000000000e+03,7.626000000000000000e+03,7.872000000000000000e+03,8.118000000000000000e+03,8.364000000000000000e+03,8.610000000000000000e+03,8.856000000000000000e+03,9.102000000000000000e+03,9.348000000000000000e+03,9.594000000000000000e+03,9.840000000000000000e+03,1.008600000000000000e+04,1.033200000000000000e+04,1.057800000000000000e+04,1.082400000000000000e+04,1.107000000000000000e+04,1.131600000000000000e+04,1.156200000000000000e+04,1.180800000000000000e+04,1.205400000000000000e+04,1.230000000000000000e+04,1.254600000000000000e+04,1.279200000000000000e+04,1.303800000000000000e+04,1.328400000000000000e+04,1.353000000000000000e+04,1.377600000000000000e+04,1.402200000000000000e+04,1.426800000000000000e+04,1.451400000000000000e+04,1.476000000000000000e+04,1.500600000000000000e+04,1.525200000000000000e+04,1.549800000000000000e+04,1.574400000000000000e+04,1.599000000000000000e+04,1.623600000000000000e+04,1.648200000000000000e+04,1.672800000000000000e+04,1.697400000000000000e+04,1.722000000000000000e+04,1.746600000000000000e+04,1.771200000000000000e+04,1.795800000000000000e+04,1.820400000000000000e+04,1.845000000000000000e+04,1.869600000000000000e+04,1.894200000000000000e+04,1.918800000000000000e+04,1.943400000000000000e+04,1.968000000000000000e+04,1.992600000000000000e+04,2.017200000000000000e+04,2.041800000000000000e+04,2.066400000000000000e+04,2.091000000000000000e+04,2.115600000000000000e+04,2.140200000000000000e+04,2.164800000000000000e+04,2.189400000000000000e+04,2.214000000000000000e+04,2.238600000000000000e+04,2.263200000000000000e+04,2.287800000000000000e+04,2.312400000000000000e+04,2.337000000000000000e+04,2.361600000000000000e+04,2.386200000000000000e+04,2.410800000000000000e+04,2.435400000000000000e+04,2.460000000000000000e+04,2.484600000000000000e+04,2.509200000000000000e+04,2.533800000000000000e+04,2.558400000000000000e+04,2.583000000000000000e+04,2.607600000000000000e+04,2.632200000000000000e+04,2.656800000000000000e+04,2.681400000000000000e+04,2.706000000000000000e+04,2.730600000000000000e+04,2.755200000000000000e+04,2.779800000000000000e+04,2.804400000000000000e+04,2.829000000000000000e+04,2.853600000000000000e+04,2.878200000000000000e+04,2.902800000000000000e+04,2.927400000000000000e+04,2.952000000000000000e+04,2.976600000000000000e+04,3.001200000000000000e+04,3.025800000000000000e+04,3.050400000000000000e+04,3.075000000000000000e+04,3.099600000000000000e+04,3.124200000000000000e+04,3.148800000000000000e+04,3.173400000000000000e+04,3.198000000000000000e+04,3.222600000000000000e+04,3.247200000000000000e+04,3.271800000000000000e+04,3.296400000000000000e+04,3.321000000000000000e+04,3.345600000000000000e+04,3.370200000000000000e+04,3.394800000000000000e+04,3.419400000000000000e+04,3.444000000000000000e+04,3.468600000000000000e+04,3.493200000000000000e+04,3.517800000000000000e+04,3.542400000000000000e+04,3.567000000000000000e+04,3.591600000000000000e+04,3.616200000000000000e+04,3.640800000000000000e+04,3.665400000000000000e+04,3.690000000000000000e+04,3.714600000000000000e+04,3.739200000000000000e+04,3.763800000000000000e+04,3.788400000000000000e+04,3.813000000000000000e+04,3.837600000000000000e+04,3.862200000000000000e+04,3.886800000000000000e+04,3.911400000000000000e+04,3.936000000000000000e+04,3.960600000000000000e+04,3.985200000000000000e+04,4.009800000000000000e+04,4.034400000000000000e+04,4.059000000000000000e+04,4.083600000000000000e+04,4.108200000000000000e+04,4.132800000000000000e+04,4.157400000000000000e+04,4.182000000000000000e+04,4.206600000000000000e+04,4.231200000000000000e+04,4.255800000000000000e+04,4.280400000000000000e+04,4.305000000000000000e+04,4.329600000000000000e+04,4.354200000000000000e+04,4.378800000000000000e+04,4.403400000000000000e+04,4.428000000000000000e+04,4.452600000000000000e+04,4.477200000000000000e+04,4.501800000000000000e+04,4.526400000000000000e+04,4.551000000000000000e+04,4.575600000000000000e+04,4.600200000000000000e+04,4.624800000000000000e+04,4.649400000000000000e+04,4.674000000000000000e+04,4.698600000000000000e+04,4.723200000000000000e+04,4.747800000000000000e+04,4.772400000000000000e+04,4.797000000000000000e+04,4.821600000000000000e+04,4.846200000000000000e+04,4.870800000000000000e+04,4.895400000000000000e+04,4.920000000000000000e+04,4.944600000000000000e+04,4.969200000000000000e+04,4.993800000000000000e+04,5.018400000000000000e+04,5.043000000000000000e+04,5.067600000000000000e+04,5.092200000000000000e+04,5.116800000000000000e+04,5.141400000000000000e+04,5.166000000000000000e+04,5.190600000000000000e+04,5.215200000000000000e+04,5.239800000000000000e+04,5.264400000000000000e+04,5.289000000000000000e+04,5.313600000000000000e+04,5.338200000000000000e+04,5.362800000000000000e+04,5.387400000000000000e+04,5.412000000000000000e+04,5.436600000000000000e+04,5.461200000000000000e+04,5.485800000000000000e+04,5.510400000000000000e+04,5.535000000000000000e+04,5.559600000000000000e+04,5.584200000000000000e+04,5.608800000000000000e+04,5.633400000000000000e+04,5.658000000000000000e+04,5.682600000000000000e+04,5.707200000000000000e+04,5.731800000000000000e+04,5.756400000000000000e+04,5.781000000000000000e+04,5.805600000000000000e+04,5.830200000000000000e+04,5.854800000000000000e+04,5.879400000000000000e+04,5.904000000000000000e+04,5.928600000000000000e+04,5.953200000000000000e+04,5.977800000000000000e+04,6.002400000000000000e+04,6.027000000000000000e+04,6.051600000000000000e+04,6.076200000000000000e+04,6.100800000000000000e+04,6.125400000000000000e+04,6.150000000000000000e+04,6.174600000000000000e+04,6.199200000000000000e+04,6.223800000000000000e+04,6.248400000000000000e+04,6.273000000000000000e+04,6.297600000000000000e+04,6.322200000000000000e+04,6.346800000000000000e+04,6.371400000000000000e+04,6.396000000000000000e+04,6.420600000000000000e+04,6.445200000000000000e+04,6.469800000000000000e+04,6.494400000000000000e+04,6.519000000000000000e+04,6.543600000000000000e+04,6.568200000000000000e+04,6.592800000000000000e+04,6.617400000000000000e+04,6.642000000000000000e+04,6.666600000000000000e+04,6.691200000000000000e+04,6.715800000000000000e+04,6.740400000000000000e+04,6.765000000000000000e+04,6.789600000000000000e+04,6.814200000000000000e+04,6.838800000000000000e+04,6.863400000000000000e+04,6.888000000000000000e+04,6.912600000000000000e+04,6.937200000000000000e+04,6.961800000000000000e+04,6.986400000000000000e+04,7.011000000000000000e+04,7.035600000000000000e+04,7.060200000000000000e+04,7.084800000000000000e+04,7.109400000000000000e+04,7.134000000000000000e+04,7.158600000000000000e+04,7.183200000000000000e+04,7.207800000000000000e+04,7.232400000000000000e+04,7.257000000000000000e+04,7.281600000000000000e+04,7.306200000000000000e+04,7.330800000000000000e+04,7.355400000000000000e+04
0.000000000000000000e+00,2.470000000000000000e+02,4.940000000000000000e+02,7.410000000000000000e+02,9.880000000000000000e+02,1.235000000000000000e+03,1.482000000000000000e+03,1.729000000000000000e+03,1.976000000000000000e+03,2.223000000000000000e+03,2.470000000000000000e+03,2.717000000000000000e+03,2.964000000000000000e+03,3.211000000000000000e+03,3.458000000000000000e+03,3.705000000000000000e+03,3.952000000000000000e+03,4.199000000000000000e+03,4.446000000000000000e+03,4.693000000000000000e+03,4.940000000000000000e+03,5.187000000000000000e+03,5.434000000000000000e+03,5.681000000000000000e+03,5.928000000000000000e+03,6.175000000000000000e+03,6.422000000000000000e+03,6.669000000000000000e+03,6.916000000000000000e+03,7.163000000000000000e+03,7.410000000000000000e+03,7.657000000000000000e+03,7.904000000000000000e+03,8.151000000000000000e+03,8.398000000000000000e+03,8.645000000000000000e+03,8.892000000000000000e+03,9.139000000000000000e+03,9.386000000000000000e+03,9.633000000000000000e+03,9.880000000000000000e+03,1.012700000000000000e+04,1.037400000000000000e+04,1.062100000000000000e+04,1.086800000000000000e+04,1.111500000000000000e+04,1.136200000000000000e+04,1.160900000000000000e+04,1.185600000000000000e+04,1.210300000000000000e+04,1.235000000000000000e+04,1.259700000000000000e+04,1.284400000000000000e+04,1.309100000000000000e+04,1.333800000000000000e+04,1.358500000000000000e+04,1.383200000000000000e+04,1.407900000000000000e+04,1.432600000000000000e+04,1.457300000000000000e+04,1.482000000000000000e+04,1.506700000000000000e+04,1.531400000000000000e+04,1.556100000000000000e+04,1.580800000000000000e+04,1.605500000000000000e+04,1.630200000000000000e+04,1.654900000000000000e+04,1.679600000000000000e+04,1.704300000000000000e+04,1.729000000000000000e+04,1.753700000000000000e+04,1.778400000000000000e+04,1.803100000000000000e+04,1.827800000000000000e+04,1.852500000000000000e+04,1.877200000000000000e+04,1.901900000000000000e+04,1.926600000000000000e+04,1.951300000000000000e+04,1.976000000000000000e+04,2.000700000000000000e+04,2.025400000000000000e+04,2.050100000000000000e+04,2.074800000000000000e+04,2.099500000000000000e+04,2.124200000000000000e+04,2.148900000000000000e+04,2.173600000000000000e+04,2.198300000000000000e+04,2.223000000000000000e+04,2.247700000000000000e+04,2.272400000000000000e+04,2.297100000000000000e+04,2.321800000000000000e+04,2.346500000000000000e+04,2.371200000000000000e+04,2.395900000000000000e+04,2.420600000000000000e+04,2.445300000000000000e+04,2.470000000000000000e+04,2.494700000000000000e+04,2.519400000000000000e+04,2.544100000000000000e+04,2.568800000000000000e+04,2.593500000000000000e+04,2.618200000000000000e+04,2.642900000000000000e+04,2.667600000000000000e+04,2.692300000000000000e+04,2.717000000000000000e+04,2.741700000000000000e+04,2.766400000000000000e+04,2.791100000000000000e+04,2.815800000000000000e+04,2.840500000000000000e+04,2.865200000000000000e+04,2.889900000000000000e+04,2.914600000000000000e+04,2.939300000000000000e+04,2.964000000000000000e+04,2.988700000000000000e+04,3.013400000000000000e+04,3.038100000000000000e+04,3.062800000000000000e+04,3.087500000000000000e+04,3.112200000000000000e+04,3.136900000000000000e+04,3.161600000000000000e+04,3.186300000000000000e+04,3.211000000000000000e+04,3.235700000000000000e+04,3.260400000000000000e+04,3.285100000000000000e+04,3.309800000000000000e+04,3.334500000000000000e+04,3.359200000000000000e+04,3.383900000000000000e+04,3.408600000000000000e+04,3.433300000000000000e+04,3.458000000000000000e+04,3.482700000000000000e+04,3.507400000000000000e+04,3.532100000000000000e+04,3.556800000000000000e+04,3.581500000000000000e+04,3.606200000000000000e+04,3.630900000000000000e+04,3.655600000000000000e+04,3.680300000000000000e+04,3.705000000000000000e+04,3.729700000000000000e+04,3.754400000000000000e+04,3.779100000000000000e+04,3.803800000000000000e+04,3.828500000000000000e+04,3.853200000000000000e+04,3.877900000000000000e+04,3.902600000000000000e+04,3.927300000000000000e+04,3.952000000000000000e+04,3.976700000000000000e+04,4.001400000000000000e+04,4.026100000000000000e+04,4.050800000000000000e+04,4.075500000000000000e+04,4.100200000000000000e+04,4.124900000000000000e+04,4.149600000000000000e+04,4.174300000000000000e+04,4.199000000000000000e+04,4.223700000000000000e+04,4.248400000000000000e+04,4.273100000000000000e+04,4.297800000000000000e+04,4.322500000000000000e+04,4.347200000000000000e+04,4.371900000000000000e+04,4.396600000000000000e+04,4.421300000000000000e+04,4.446000000000000000e+04,4.470700000000000000e+04,4.495400000000000000e+04,4.520100000000000000e+04,4.544800000000000000e+04,4.569500000000000000e+04,4.594200000000000000e+04,4.618900000000000000e+04,4.643600000000000000e+04,4.668300000000000000e+04,4.693000000000000000e+04,4.717700000000000000e+04,4.742400000000000000e+04,4.767100000000000000e+04,4.791800000000000000e+04,4.816500000000000000e+04,4.841200000000000000e+04,4.865900000000000000e+04,4.890600000000000000e+04,4.915300000000000000e+04,4.940000000000000000e+04,4.964700000000000000e+04,4.989400000000000000e+04,5.014100000000000000e+04,5.038800000000000000e+04,5.063500000000000000e+04,5.088200000000000000e+04,5.112900000000000000e+04,5.137600000000000000e+04,5.162300000000000000e+04,5.187000000000000000e+04,5.211700000000000000e+04,5.236400000000000000e+04,5.261100000000000000e+04,5.285800000000000000e+04,5.310500000000000000e+04,5.335200000000000000e+04,5.359900000000000000e+04,5.384600000000000000e+04,5.409300000000000000e+04,5.434000000000000000e+04,5.458700000000000000e+04,5.483400000000000000e+04,5.508100000000000000e+04,5.532800000000000000e+04,5.557500000000000000e+04,5.582200000000000000e+04,5.606900000000000000e+04,5.631600000000000000e+04,5.656300000000000000e+04,5.681000000000000000e+04,5.705700000000000000e+04,5.730400000000000000e+04,5.755100000000000000e+04,5.779800000000000000e+04,5.804500000000000000e+04,5.829200000000000000e+04,5.853900000000000000e+04,5.878600000000000000e+04,5.903300000000000000e+04,5.928000000000000000e+04,5.952700000000000000e+04,5.977400000000000000e+04,6.002100000000000000e+04,6.026800000000000000e+04,6.051500000000000000e+04,6.076200000000000000e+04,6.100900000000000000e+04,6.125600000000000000e+04,6.150300000000000000e+04,6.175000000000000000e+04,6.199700000000000000e+04,6.224400000000000000e+04,6.249100000000000000e+04,6.273800000000000000e+04,6.298500000000000000e+04,6.323200000000000000e+04,6.347900000000000000e+04,6.372600000000000000e+04,6.397300000000000000e+04,6.422000000000000000e+04,6.446700000000000000e+04,6.471400000000000000e+04,6.496100000000000000e+04,6.520800000000000000e+04,6.545500000000000000e+04,6.570200000000000000e+04,6.594900000000000000e+04,6.619600000000000000e+04,6.644300000000000000e+04,6.669000000000000000e+04,6.693700000000000000e+04,6.718400000000000000e+04,6.743100000000000000e+04,6.767800000000000000e+04,6.792500000000000000e+04,6.817200000000000000e+04,6.841900000000000000e+04,6.866600000000000000e+04,6.891300000000000000e+04,6.916000000000000000e+04,6.940700000000000000e+04,6.965400000000000000e+04,6.990100000000000000e+04,7.014800000000000000e+04,7.039500000000000000e+04,7.064200000000000000e+04,7.088900000000000000e+04,7.113600000000000000e+04,7.138300000000000000e+04,7.163000000000000000e+04,7.187700000000000000e+04,7.212400000000000000e+04,7.237100000000000000e+04,7.261800000000000000e+04,7.286500000000000000e+04,7.311200000000000000e+04,7.335900000000000000e+04,7.360600000000000000e+04,7.385300000000000000e+04
0.000000000000000000e+00,2.480000000000000000e+02,4.960000000000000000e+02,7.440000000000000000e+02,9.920000000000000000e+02,1.240000000000000000e+03,1.488000000000000000e+03,1.736000000000000000e+03,1.984000000000000000e+03,2.232000000000000000e+03,2.480000000000000000e+03,2.728000000000000000e+03,2.976000000000000000e+03,3.224000000000000000e+03,3.472000000000000000e+03,3.720000000000000000e+03,3.968000000000000000e+03,4.216000000000000000e+03,4.464000000000000000e+03,4.712000000000000000e+03,4.960000000000000000e+03,5.208000000000000000e+03,5.456000000000000000e+03,5.704000000000000000e+03,5.952000000000000000e+03,6.200000000000000000e+03,6.448000000000000000e+03,6.696000000000000000e+03,6.944000000000000000e+03,7.192000000000000000e+03,7.440000000000000000e+03,7.688000000000000000e+03,7.936000000000000000e+03,8.184000000000000000e+03,8.432000000000000000e+03,8.680000000000000000e+03,8.928000000000000000e+03,9.176000000000000000e+03,9.424000000000000000e+03,9.672000000000000000e+03,9.920000000000000000e+03,1.016800000000000000e+04,1.041600000000000000e+04,1.066400000000000000e+04,1.091200000000000000e+04,1.116000000000000000e+04,1.140800000000000000e+04,1.165600000000000000e+04,1.190400000000000000e+04,1.215200000000000000e+04,1.240000000000000000e+04,1.264800000000000000e+04,1.289600000000000000e+04,1.314400000000000000e+04,1.339200000000000000e+04,1.364000000000000000e+04,1.388800000000000000e+04,1.413600000000000000e+04,1.438400000000000000e+04,1.463200000000000000e+04,1.488000000000000000e+04,1.512800000000000000e+04,1.537600000000000000e+04,1.562400000000000000e+04,1.587200000000000000e+04,1.612000000000000000e+04,1.636800000000000000e+04,1.661600000000000000e+04,1.686400000000000000e+04,1.711200000000000000e+04,1.736000000000000000e+04,1.760800000000000000e+04,1.785600000000000000e+04,1.810400000000000000e+04,1.835200000000000000e+04,1.860000000000000000e+04,1.884800000000000000e+04,1.909600000000000000e+04,1.934400000000000000e+04,1.959200000000000000e+04,1.984000000000000000e+04,2.008800000000000000e+04,2.033600000000000000e+04,2.058400000000000000e+04,2.083200000000000000e+04,2.108000000000000000e+04,2.132800000000000000e+04,2.157600000000000000e+04,2.182400000000000000e+04,2.207200000000000000e+04,2.232000000000000000e+04,2.256800000000000000e+04,2.281600000000000000e+04,2.306400000000000000e+04,2.331200000000000000e+04,2.356000000000000000e+04,2.380800000000000000e+04,2.405600000000000000e+04,2.430400000000000000e+04,2.455200000000000000e+04,2.480000000000000000e+04,2.504800000000000000e+04,2.529600000000000000e+04,2.554400000000000000e+04,2.579200000000000000e+04,2.604000000000000000e+04,2.628800000000000000e+04,2.653600000000000000e+04,2.678400000000000000e+04,2.703200000000000000e+04,2.728000000000000000e+04,2.752800000000000000e+04,2.777600000000000000e+04,2.802400000000000000e+04,2.827200000000000000e+04,2.852000000000000000e+04,2.876800000000000000e+04,2.901600000000000000e+04,2.926400000000000000e+04,2.951200000000000000e+04,2.976000000000000000e+04,3.000800000000000000e+04,3.025600000000000000e+04,3.050400000000000000e+04,3.075200000000000000e+04,3.100000000000000000e+04,3.124800000000000000e+04,3.149600000000000000e+04,3.174400000000000000e+04,3.199200000000000000e+04,3.224000000000000000e+04,3.248800000000000000e+04,3.273600000000000000e+04,3.298400000000000000e+04,3.323200000000000000e+04,3.348000000000000000e+04,3.372800000000000000e+04,3.397600000000000000e+04,3.422400000000000000e+04,3.447200000000000000e+04,3.472000000000000000e+04,3.496800000000000000e+04,3.521600000000000000e+04,3.546400000000000000e+04,3.571200000000000000e+04,3.596000000000000000e+04,3.620800000000000000e+04,3.645600000000000000e+04,3.670400000000000000e+04,3.695200000000000000e+04,3.720000000000000000e+04,3.744800000000000000e+04,3.769600000000000000e+04,3.794400000000000000e+04,3.819200000000000000e+04,3.844000000000000000e+04,3.868800000000000000e+04,3.893600000000000000e+04,3.918400000000000000e+04,3.943200000000000000e+04,3.968000000000000000e+04,3.992800000000000000e+04,4.017600000000000000e+04,4.042400000000000000e+04,4.067200000000000000e+04,4.092000000000000000e+04,4.116800000000000000e+04,4.141600000000000000e+04,4.166400000000000000e+04,4.191200000000000000e+04,4.216000000000000000e+04,4.240800000000000000e+04,4.265600000000000000e+04,4.290400000000000000e+04,4.315200000000000000e+04,4.340000000000000000e+04,4.364800000000000000e+04,4.389600000000000000e+04,4.414400000000000000e+04,4.439200000000000000e+04,4.464000000000000000e+04,4.488800000000000000e+04,4.513600000000000000e+04,4.538400000000000000e+04,4.563200000000000000e+04,4.588000000000000000e+04,4.612800000000000000e+04,4.637600000000000000e+04,4.662400000000000000e+04,4.687200000000000000e+04,4.712000000000000000e+04,4.736800000000000000e+04,4.761600000000000000e+04,4.786400000000000000e+04,4.811200000000000000e+04,4.836000000000000000e+04,4.860800000000000000e+04,4.885600000000000000e+04,4.910400000000000000e+04,4.935200000000000000e+04,4.960000000000000000e+04,4.984800000000000000e+04,5.009600000000000000e+04,5.034400000000000000e+04,5.059200000000000000e+04,5.084000000000000000e+04,5.108800000000000000e+04,5.133600000000000000e+04,5.158400000000000000e+04,5.183200000000000000e+04,5.208000000000000000e+04,5.232800000000000000e+04,5.257600000000000000e+04,5.282400000000000000e+04,5.307200000000000000e+04,5.332000000000000000e+04,5.356800000000000000e+04,5.381600000000000000e+04,5.406400000000000000e+04,5.431200000000000000e+04,5.456000000000000000e+04,5.480800000000000000e+04,5.505600000000000000e+04,5.530400000000000000e+04,5.555200000000000000e+04,5.580000000000000000e+04,5.604800000000000000e+04,5.629600000000000000e+04,5.654400000000000000e+04,5.679200000000000000e+04,5.704000000000000000e+04,5.728800000000000000e+04,5.753600000000000000e+04,5.778400000000000000e+04,5.803200000000000000e+04,5.828000000000000000e+04,5.852800000000000000e+04,5.877600000000000000e+04,5.902400000000000000e+04,5.927200000000000000e+04,5.952000000000000000e+04,5.976800000000000000e+04,6.001600000000000000e+04,6.026400000000000000e+04,6.051200000000000000e+04,6.076000000000000000e+04,6.100800000000000000e+04,6.125600000000000000e+04,6.150400000000000000e+04,6.175200000000000000e+04,6.200000000000000000e+04,6.224800000000000000e+04,6.249600000000000000e+04,6.274400000000000000e+04,6.299200000000000000e+04,6.324000000000000000e+04,6.348800000000000000e+04,6.373600000000000000e+04,6.398400000000000000e+04,6.423200000000000000e+04,6.448000000000000000e+04,6.472800000000000000e+04,6.497600000000000000e+04,6.522400000000000000e+04,6.547200000000000000e+04,6.572000000000000000e+04,6.596800000000000000e+04,6.621600000000000000e+04,6.646400000000000000e+04,6.671200000000000000e+04,6.696000000000000000e+04,6.720800000000000000e+04,6.745600000000000000e+04,6.770400000000000000e+04,6.795200000000000000e+04,6.820000000000000000e+04,6.844800000000000000e+04,6.869600000000000000e+04,6.894400000000000000e+04,6.919200000000000000e+04,6.944000000000000000e+04,6.968800000000000000e+04,6.993600000000000000e+04,7.018400000000000000e+04,7.043200000000000000e+04,7.068000000000000000e+04,7.092800000000000000e+04,7.117600000000000000e+04,7.142400000000000000e+04,7.167200000000000000e+04,7.192000000000000000e+04,7.216800000000000000e+04,7.241600000000000000e+04,7.266400000000000000e+04,7.291200000000000000e+04,7.316000000000000000e+04,7.340800000000000000e+04,7.365600000000000000e+04,7.390400000000000000e+04,7.415200000000000000e+04
0.000000000000000000e+00,2.490000000000000000e+02,4.980000000000000000e+02,7.470000000000000000e+02,9.960000000000000000e+02,1.245000000000000000e+03,1.494000000000000000e+03,1.743000000000000000e+03,1.992000000000000000e+03,2.241000000000000000e+03,2.490000000000000000e+03,2.739000000000000000e+03,2.988000000000000000e+03,3.237000000000000000e+03,3.486000000000000000e+03,3.735000000000000000e+03,3.984000000000000000e+03,4.233000000000000000e+03,4.482000000000000000e+03,4.731000000000000000e+03,4.980000000000000000e+03,5.229000000000000000e+03,5.478000000000000000e+03,5.727000000000000000e+03,5.976000000000000000e+03,6.225000000000000000e+03,6.474000000000000000e+03,6.723000000000000000e+03,6.972000000000000000e+03,7.221000000000000000e+03,7.470000000000000000e+03,7.719000000000000000e+03,7.968000000000000000e+03,8.217000000000000000e+03,8.466000000000000000e+03,8.715000000000000000e+03,8.964000000000000000e+03,9.213000000000000000e+03,9.462000000000000000e+03,9.711000000000000000e+03,9.960000000000000000e+03,1.020900000000000000e+04,1.045800000000000000e+04,1.070700000000000000e+04,1.095600000000000000e+04,1.120500000000000000e+04,1.145400000000000000e+04,1.170300000000000000e+04,1.195200000000000000e+04,1.220100000000000000e+04,1.245000000000000000e+04,1.269900000000000000e+04,1.294800000000000000e+04,1.319700000000000000e+04,1.344600000000000000e+04,1.369500000000000000e+04,1.394400000000000000e+04,1.419300000000000000e+04,1.444200000000000000e+04,1.469100000000000000e+04,1.494000000000000000e+04,1.518900000000000000e+04,1.543800000000000000e+04,1.568700000000000000e+04,1.593600000000000000e+04,1.618500000000000000e+04,1.643400000000000000e+04,1.668300000000000000e+04,1.693200000000000000e+04,1.718100000000000000e+04,1.743000000000000000e+04,1.767900000000000000e+04,1.792800000000000000e+04,1.817700000000000000e+04,1.842600000000000000e+04,1.867500000000000000e+04,1.892400000000000000e+04,1.917300000000000000e+04,1.942200000000000000e+04,1.967100000000000000e+04,1.992000000000000000e+04,2.016900000000000000e+04,2.041800000000000000e+04,2.066700000000000000e+04,2.091600000000000000e+04,2.116500000000000000e+04,2.141400000000000000e+04,2.166300000000000000e+04,2.191200000000000000e+04,2.216100000000000000e+04,2.241000000000000000e+04,2.265900000000000000e+04,2.290800000000000000e+04,2.315700000000000000e+04,2.340600000000000000e+04,2.365500000000000000e+04,2.390400000000000000e+04,2.415300000000000000e+04,2.440200000000000000e+04,2.465100000000000000e+04,2.490000000000000000e+04,2.514900000000000000e+04,2.539800000000000000e+04,2.564700000000000000e+04,2.589600000000000000e+04,2.614500000000000000e+04,2.639400000000000000e+04,2.664300000000000000e+04,2.689200000000000000e+04,2.714100000000000000e+04,2.739000000000000000e+04,2.763900000000000000e+04,2.788800000000000000e+04,2.813700000000000000e+04,2.838600000000000000e+04,2.863500000000000000e+04,2.888400000000000000e+04,2.913300000000000000e+04,2.938200000000000000e+04,2.963100000000000000e+04,2.988000000000000000e+04,3.012900000000000000e+04,3.037800000000000000e+04,3.062700000000000000e+04,3.087600000000000000e+04,3.112500000000000000e+04,3.137400000000000000e+04,3.162300000000000000e+04,3.187200000000000000e+04,3.212100000000000000e+04,3.237000000000000000e+04,3.261900000000000000e+04,3.286800000000000000e+04,3.311700000000000000e+04,3.336600000000000000e+04,3.361500000000000000e+04,3.386400000000000000e+04,3.411300000000000000e+04,3.436200000000000000e+04,3.461100000000000000e+04,3.486000000000000000e+04,3.510900000000000000e+04,3.535800000000000000e+04,3.560700000000000000e+04,3.585600000000000000e+04,3.610500000000000000e+04,3.635400000000000000e+04,3.660300000000000000e+04,3.685200000000000000e+04,3.710100000000000000e+04,3.735000000000000000e+04,3.759900000000000000e+04,3.784800000000000000e+04,3.809700000000000000e+04,3.834600000000000000e+04,3.859500000000000000e+04,3.884400000000000000e+04,3.909300000000000000e+04,3.934200000000000000e+04,3.959100000000000000e+04,3.984000000000000000e+04,4.008900000000000000e+04,4.033800000000000000e+04,4.058700000000000000e+04,4.083600000000000000e+04,4.108500000000000000e+04,4.133400000000000000e+04,4.158300000000000000e+04,4.183200000000000000e+04,4.208100000000000000e+04,4.233000000000000000e+04,4.257900000000000000e+04,4.282800000000000000e+04,4.307700000000000000e+04,4.332600000000000000e+04,4.357500000000000000e+04,4.382400000000000000e+04,4.407300000000000000e+04,4.432200000000000000e+04,4.457100000000000000e+04,4.482000000000000000e+04,4.506900000000000000e+04,4.531800000000000000e+04,4.556700000000000000e+04,4.581600000000000000e+04,4.606500000000000000e+04,4.631400000000000000e+04,4.656300000000000000e+04,4.681200000000000000e+04,4.706100000000000000e+04,4.731000000000000000e+04,4.755900000000000000e+04,4.780800000000000000e+04,4.805700000000000000e+04,4.830600000000000000e+04,4.855500000000000000e+04,4.880400000000000000e+04,4.905300000000000000e+04,4.930200000000000000e+04,4.955100000000000000e+04,4.980000000000000000e+04,5.004900000000000000e+04,5.029800000000000000e+04,5.054700000000000000e+04,5.079600000000000000e+04,5.104500000000000000e+04,5.129400000000000000e+04,5.154300000000000000e+04,5.179200000000000000e+04,5.204100000000000000e+04,5.229000000000000000e+04,5.253900000000000000e+04,5.278800000000000000e+04,5.303700000000000000e+04,5.328600000000000000e+04,5.353500000000000000e+04,5.378400000000000000e+04,5.403300000000000000e+04,5.428200000000000000e+04,5.453100000000000000e+04,5.478000000000000000e+04,5.502900000000000000e+04,5.527800000000000000e+04,5.552700000000000000e+04,5.577600000000000000e+04,5.602500000000000000e+04,5.627400000000000000e+04,5.652300000000000000e+04,5.677200000000000000e+04,5.702100000000000000e+04,5.727000000000000000e+04,5.751900000000000000e+04,5.776800000000000000e+04,5.801700000000000000e+04,5.826600000000000000e+04,5.851500000000000000e+04,5.876400000000000000e+04,5.901300000000000000e+04,5.926200000000000000e+04,5.951100000000000000e+04,5.976000000000000000e+04,6.000900000000000000e+04,6.025800000000000000e+04,6.050700000000000000e+04,6.075600000000000000e+04,6.100500000000000000e+04,6.125400000000000000e+04,6.150300000000000000e+04,6.175200000000000000e+04,6.200100000000000000e+04,6.225000000000000000e+04,6.249900000000000000e+04,6.274800000000000000e+04,6.299700000000000000e+04,6.324600000000000000e+04,6.349500000000000000e+04,6.374400000000000000e+04,6.399300000000000000e+04,6.424200000000000000e+04,6.449100000000000000e+04,6.474000000000000000e+04,6.498900000000000000e+04,6.523800000000000000e+04,6.548700000000000000e+04,6.573600000000000000e+04,6.598500000000000000e+04,6.623400000000000000e+04,6.648300000000000000e+04,6.673200000000000000e+04,6.698100000000000000e+04,6.723000000000000000e+04,6.747900000000000000e+04,6.772800000000000000e+04,6.797700000000000000e+04,6.822600000000000000e+04,6.847500000000000000e+04,6.872400000000000000e+04,6.897300000000000000e+04,6.922200000000000000e+04,6.947100000000000000e+04,6.972000000000000000e+04,6.996900000000000000e+04,7.021800000000000000e+04,7.046700000000000000e+04,7.071600000000000000e+04,7.096500000000000000e+04,7.121400000000000000e+04,7.146300000000000000e+04,7.171200000000000000e+04,7.196100000000000000e+04,7.221000000000000000e+04,7.245900000000000000e+04,7.270800000000000000e+04,7.295700000000000000e+04,7.320600000000000000e+04,7.345500000000000000e+04,7.370400000000000000e+04,7.395300000000000000e+04,7.420200000000000000e+04,7.445100000000000000e+04
0.000000000000000000e+00,2.500000000000000000e+02,5.000000000000000000e+02,7.500000000000000000e+02,1.000000000000000000e+03,1.250000000000000000e+03,1.500000000000000000e+03,1.750000000000000000e+03,2.000000000000000000e+03,2.250000000000000000e+03,2.500000000000000000e+03,2.750000000000000000e+03,3.000000000000000000e+03,3.250000000000000000e+03,3.500000000000000000e+03,3.750000000000000000e+03,4.000000000000000000e+03,4.250000000000000000e+03,4.500000000000000000e+03,4.750000000000000000e+03,5.000000000000000000e+03,5.250000000000000000e+03,5.500000000000000000e+03,5.750000000000000000e+03,6.000000000000000000e+03,6.250000000000000000e+03,6.500000000000000000e+03,6.750000000000000000e+03,7.000000000000000000e+03,7.250000000000000000e+03,7.500000000000000000e+03,7.750000000000000000e+03,8.000000000000000000e+03,8.250000000000000000e+03,8.500000000000000000e+03,8.750000000000000000e+03,9.000000000000000000e+03,9.250000000000000000e+03,9.500000000000000000e+03,9.750000000000000000e+03,1.000000000000000000e+04,1.025000000000000000e+04,1.050000000000000000e+04,1.075000000000000000e+04,1.100000000000000000e+04,1.125000000000000000e+04,1.150000000000000000e+04,1.175000000000000000e+04,1.200000000000000000e+04,1.225000000000000000e+04,1.250000000000000000e+04,1.275000000000000000e+04,1.300000000000000000e+04,1.325000000000000000e+04,1.350000000000000000e+04,1.375000000000000000e+04,1.400000000000000000e+04,1.425000000000000000e+04,1.450000000000000000e+04,1.475000000000000000e+04,1.500000000000000000e+04,1.525000000000000000e+04,1.550000000000000000e+04,1.575000000000000000e+04,1.600000000000000000e+04,1.625000000000000000e+04,1.650000000000000000e+04,1.675000000000000000e+04,1.700000000000000000e+04,1.725000000000000000e+04,1.750000000000000000e+04,1.775000000000000000e+04,1.800000000000000000e+04,1.825000000000000000e+04,1.850000000000000000e+04,1.875000000000000000e+04,1.900000000000000000e+04,1.925000000000000000e+04,1.950000000000000000e+04,1.975000000000000000e+04,2.000000000000000000e+04,2.025000000000000000e+04,2.050000000000000000e+04,2.075000000000000000e+04,2.100000000000000000e+04,2.125000000000000000e+04,2.150000000000000000e+04,2.175000000000000000e+04,2.200000000000000000e+04,2.225000000000000000e+04,2.250000000000000000e+04,2.275000000000000000e+04,2.300000000000000000e+04,2.325000000000000000e+04,2.350000000000000000e+04,2.375000000000000000e+04,2.400000000000000000e+04,2.425000000000000000e+04,2.450000000000000000e+04,2.475000000000000000e+04,2.500000000000000000e+04,2.525000000000000000e+04,2.550000000000000000e+04,2.575000000000000000e+04,2.600000000000000000e+04,2.625000000000000000e+04,2.650000000000000000e+04,2.675000000000000000e+04,2.700000000000000000e+04,2.725000000000000000e+04,2.750000000000000000e+04,2.775000000000000000e+04,2.800000000000000000e+04,2.825000000000000000e+04,2.850000000000000000e+04,2.875000000000000000e+04,2.900000000000000000e+04,2.925000000000000000e+04,2.950000000000000000e+04,2.975000000000000000e+04,3.000000000000000000e+04,3.025000000000000000e+04,3.050000000000000000e+04,3.075000000000000000e+04,3.100000000000000000e+04,3.125000000000000000e+04,3.150000000000000000e+04,3.175000000000000000e+04,3.200000000000000000e+04,3.225000000000000000e+04,3.250000000000000000e+04,3.275000000000000000e+04,3.300000000000000000e+04,3.325000000000000000e+04,3.350000000000000000e+04,3.375000000000000000e+04,3.400000000000000000e+04,3.425000000000000000e+04,3.450000000000000000e+04,3.475000000000000000e+04,3.500000000000000000e+04,3.525000000000000000e+04,3.550000000000000000e+04,3.575000000000000000e+04,3.600000000000000000e+04,3.625000000000000000e+04,3.650000000000000000e+04,3.675000000000000000e+04,3.700000000000000000e+04,3.725000000000000000e+04,3.750000000000000000e+04,3.775000000000000000e+04,3.800000000000000000e+04,3.825000000000000000e+04,3.850000000000000000e+04,3.875000000000000000e+04,3.900000000000000000e+04,3.925000000000000000e+04,3.950000000000000000e+04,3.975000000000000000e+04,4.000000000000000000e+04,4.025000000000000000e+04,4.050000000000000000e+04,4.075000000000000000e+04,4.100000000000000000e+04,4.125000000000000000e+04,4.150000000000000000e+04,4.175000000000000000e+04,4.200000000000000000e+04,4.225000000000000000e+04,4.250000000000000000e+04,4.275000000000000000e+04,4.300000000000000000e+04,4.325000000000000000e+04,4.350000000000000000e+04,4.375000000000000000e+04,4.400000000000000000e+04,4.425000000000000000e+04,4.450000000000000000e+04,4.475000000000000000e+04,4.500000000000000000e+04,4.525000000000000000e+04,4.550000000000000000e+04,4.575000000000000000e+04,4.600000000000000000e+04,4.625000000000000000e+04,4.650000000000000000e+04,4.675000000000000000e+04,4.700000000000000000e+04,4.725000000000000000e+04,4.750000000000000000e+04,4.775000000000000000e+04,4.800000000000000000e+04,4.825000000000000000e+04,4.850000000000000000e+04,4.875000000000000000e+04,4.900000000000000000e+04,4.925000000000000000e+04,4.950000000000000000e+04,4.975000000000000000e+04,5.000000000000000000e+04,5.025000000000000000e+04,5.050000000000000000e+04,5.075000000000000000e+04,5.100000000000000000e+04,5.125000000000000000e+04,5.150000000000000000e+04,5.175000000000000000e+04,5.200000000000000000e+04,5.225000000000000000e+04,5.250000000000000000e+04,5.275000000000000000e+04,5.300000000000000000e+04,5.325000000000000000e+04,5.350000000000000000e+04,5.375000000000000000e+04,5.400000000000000000e+04,5.425000000000000000e+04,5.450000000000000000e+04,5.475000000000000000e+04,5.500000000000000000e+04,5.525000000000000000e+04,5.550000000000000000e+04,5.575000000000000000e+04,5.600000000000000000e+04,5.625000000000000000e+04,5.650000000000000000e+04,5.675000000000000000e+04,5.700000000000000000e+04,5.725000000000000000e+04,5.750000000000000000e+04,5.775000000000000000e+04,5.800000000000000000e+04,5.825000000000000000e+04,5.850000000000000000e+04,5.875000000000000000e+04,5.900000000000000000e+04,5.925000000000000000e+04,5.950000000000000000e+04,5.975000000000000000e+04,6.000000000000000000e+04,6.025000000000000000e+04,6.050000000000000000e+04,6.075000000000000000e+04,6.100000000000000000e+04,6.125000000000000000e+04,6.150000000000000000e+04,6.175000000000000000e+04,6.200000000000000000e+04,6.225000000000000000e+04,6.250000000000000000e+04,6.275000000000000000e+04,6.300000000000000000e+04,6.325000000000000000e+04,6.350000000000000000e+04,6.375000000000000000e+04,6.400000000000000000e+04,6.425000000000000000e+04,6.450000000000000000e+04,6.475000000000000000e+04,6.500000000000000000e+04,6.525000000000000000e+04,6.550000000000000000e+04,6.575000000000000000e+04,6.600000000000000000e+04,6.625000000000000000e+04,6.650000000000000000e+04,6.675000000000000000e+04,6.700000000000000000e+04,6.725000000000000000e+04,6.750000000000000000e+04,6.775000000000000000e+04,6.800000000000000000e+04,6.825000000000000000e+04,6.850000000000000000e+04,6.875000000000000000e+04,6.900000000000000000e+04,6.925000000000000000e+04,6.950000000000000000e+04,6.975000000000000000e+04,7.000000000000000000e+04,7.025000000000000000e+04,7.050000000000000000e+04,7.075000000000000000e+04,7.100000000000000000e+04,7.125000000000000000e+04,7.150000000000000000e+04,7.175000000000000000e+04,7.200000000000000000e+04,7.225000000000000000e+04,7.250000000000000000e+04,7.275000000000000000e+04,7.300000000000000000e+04,7.325000000000000000e+04,7.350000000000000000e+04,7.375000000000000000e+04,7.400000000000000000e+04,7.425000000000000000e+04,7.450000000000000000e+04,7.475000000000000000e+04
0.000000000000000000e+00,2.510000000000000000e+02,5.020000000000000000e+02,7.530000000000000000e+02,1.004000000000000000e+03,1.255000000000000000e+03,1.506000000000000000e+03,1.757000000000000000e+03,2.008000000000000000e+03,2.259000000000000000e+03,2.510000000000000000e+03,2.761000000000000000e+03,3.012000000000000000e+03,3.263000000000000000e+03,3.514000000000000000e+03,3.765000000000000000e+03,4.016000000000000000e+03,4.267000000000000000e+03,4.518000000000000000e+03,4.769000000000000000e+03,5.020000000000000000e+03,5.271000000000000000e+03,5.522000000000000000e+03,5.773000000000000000e+03,6.024000000000000000e+03,6.275000000000000000e+03,6.526000000000000000e+03,6.777000000000000000e+03,7.028000000000000000e+03,7.279000000000000000e+03,7.530000000000000000e+03,7.781000000000000000e+03,8.032000000000000000e+03,8.283000000000000000e+03,8.534000000000000000e+03,8.785000000000000000e+03,9.036000000000000000e+03,9.287000000000000000e+03,9.538000000000000000e+03,9.789000000000000000e+03,1.004000000000000000e+04,1.029100000000000000e+04,1.054200000000000000e+04,1.079300000000000000e+04,1.104400000000000000e+04,1.129500000000000000e+04,1.154600000000000000e+04,1.179700000000000000e+04,1.204800000000000000e+04,1.229900000000000000e+04,1.255000000000000000e+04,1.280100000000000000e+04,1.305200000000000000e+04,1.330300000000000000e+04,1.355400000000000000e+04,1.380500000000000000e+04,1.405600000000000000e+04,1.430700000000000000e+04,1.455800000000000000e+04,1.480900000000000000e+04,1.506000000000000000e+04,1.531100000000000000e+04,1.556200000000000000e+04,1.581300000000000000e+04,1.606400000000000000e+04,1.631500000000000000e+04,1.656600000000000000e+04,1.681700000000000000e+04,1.706800000000000000e+04,1.731900000000000000e+04,1.757000000000000000e+04,1.782100000000000000e+04,1.807200000000000000e+04,1.832300000000000000e+04,1.857400000000000000e+04,1.882500000000000000e+04,1.907600000000000000e+04,1.932700000000000000e+04,1.957800000000000000e+04,1.982900000000000000e+04,2.008000000000000000e+04,2.033100000000000000e+04,2.058200000000000000e+04,2.083300000000000000e+04,2.108400000000000000e+04,2.133500000000000000e+04,2.158600000000000000e+04,2.183700000000000000e+04,2.208800000000000000e+04,2.233900000000000000e+04,2.259000000000000000e+04,2.284100000000000000e+04,2.309200000000000000e+04,2.334300000000000000e+04,2.359400000000000000e+04,2.384500000000000000e+04,2.409600000000000000e+04,2.434700000000000000e+04,2.459800000000000000e+04,2.484900000000000000e+04,2.510000000000000000e+04,2.535100000000000000e+04,2.560200000000000000e+04,2.585300000000000000e+04,2.610400000000000000e+04,2.635500000000000000e+04,2.660600000000000000e+04,2.685700000000000000e+04,2.710800000000000000e+04,2.735900000000000000e+04,2.761000000000000000e+04,2.786100000000000000e+04,2.811200000000000000e+04,2.836300000000000000e+04,2.861400000000000000e+04,2.886500000000000000e+04,2.911600000000000000e+04,2.936700000000000000e+04,2.961800000000000000e+04,2.986900000000000000e+04,3.012000000000000000e+04,3.037100000000000000e+04,3.062200000000000000e+04,3.087300000000000000e+04,3.112400000000000000e+04,3.137500000000000000e+04,3.162600000000000000e+04,3.187700000000000000e+04,3.212800000000000000e+04,3.237900000000000000e+04,3.263000000000000000e+04,3.288100000000000000e+04,3.313200000000000000e+04,3.338300000000000000e+04,3.363400000000000000e+04,3.388500000000000000e+04,3.413600000000000000e+04,3.438700000000000000e+04,3.463800000000000000e+04,3.488900000000000000e+04,3.514000000000000000e+04,3.539100000000000000e+04,3.564200000000000000e+04,3.589300000000000000e+04,3.614400000000000000e+04,3.639500000000000000e+04,3.664600000000000000e+04,3.689700000000000000e+04,3.714800000000000000e+04,3.739900000000000000e+04,3.765000000000000000e+04,3.790100000000000000e+04,3.815200000000000000e+04,3.840300000000000000e+04,3.865400000000000000e+04,3.890500000000000000e+04,3.915600000000000000e+04,3.940700000000000000e+04,3.965800000000000000e+04,3.990900000000000000e+04,4.016000000000000000e+04,4.041100000000000000e+04,4.066200000000000000e+04,4.091300000000000000e+04,4.116400000000000000e+04,4.141500000000000000e+04,4.166600000000000000e+04,4.191700000000000000e+04,4.216800000000000000e+04,4.241900000000000000e+04,4.267000000000000000e+04,4.292100000000000000e+04,4.317200000000000000e+04,4.342300000000000000e+04,4.367400000000000000e+04,4.392500000000000000e+04,4.417600000000000000e+04,4.442700000000000000e+04,4.467800000000000000e+04,4.492900000000000000e+04,4.518000000000000000e+04,4.543100000000000000e+04,4.568200000000000000e+04,4.593300000000000000e+04,4.618400000000000000e+04,4.643500000000000000e+04,4.668600000000000000e+04,4.693700000000000000e+04,4.718800000000000000e+04,4.743900000000000000e+04,4.769000000000000000e+04,4.794100000000000000e+04,4.819200000000000000e+04,4.844300000000000000e+04,4.869400000000000000e+04,4.894500000000000000e+04,4.919600000000000000e+04,4.944700000000000000e+04,4.969800000000000000e+04,4.994900000000000000e+04,5.020000000000000000e+04,5.045100000000000000e+04,5.070200000000000000e+04,5.095300000000000000e+04,5.120400000000000000e+04,5.145500000000000000e+04,5.170600000000000000e+04,5.195700000000000000e+04,5.220800000000000000e+04,5.245900000000000000e+04,5.271000000000000000e+04,5.296100000000000000e+04,5.321200000000000000e+04,5.346300000000000000e+04,5.371400000000000000e+04,5.396500000000000000e+04,5.421600000000000000e+04,5.446700000000000000e+04,5.471800000000000000e+04,5.496900000000000000e+04,5.522000000000000000e+04,5.547100000000000000e+04,5.572200000000000000e+04,5.597300000000000000e+04,5.622400000000000000e+04,5.647500000000000000e+04,5.672600000000000000e+04,5.697700000000000000e+04,5.722800000000000000e+04,5.747900000000000000e+04,5.773000000000000000e+04,5.798100000000000000e+04,5.823200000000000000e+04,5.848300000000000000e+04,5.873400000000000000e+04,5.898500000000000000e+04,5.923600000000000000e+04,5.948700000000000000e+04,5.973800000000000000e+04,5.998900000000000000e+04,6.024000000000000000e+04,6.049100000000000000e+04,6.074200000000000000e+04,6.099300000000000000e+04,6.124400000000000000e+04,6.149500000000000000e+04,6.174600000000000000e+04,6.199700000000000000e+04,6.224800000000000000e+04,6.249900000000000000e+04,6.275000000000000000e+04,6.300100000000000000e+04,6.325200000000000000e+04,6.350300000000000000e+04,6.375400000000000000e+04,6.400500000000000000e+04,6.425600000000000000e+04,6.450700000000000000e+04,6.475800000000000000e+04,6.500900000000000000e+04,6.526000000000000000e+04,6.551100000000000000e+04,6.576200000000000000e+04,6.601300000000000000e+04,6.626400000000000000e+04,6.651500000000000000e+04,6.676600000000000000e+04,6.701700000000000000e+04,6.726800000000000000e+04,6.751900000000000000e+04,6.777000000000000000e+04,6.802100000000000000e+04,6.827200000000000000e+04,6.852300000000000000e+04,6.877400000000000000e+04,6.902500000000000000e+04,6.927600000000000000e+04,6.952700000000000000e+04,6.977800000000000000e+04,7.002900000000000000e+04,7.028000000000000000e+04,7.053100000000000000e+04,7.078200000000000000e+04,7.103300000000000000e+04,7.128400000000000000e+04,7.153500000000000000e+04,7.178600000000000000e+04,7.203700000000000000e+04,7.228800000000000000e+04,7.253900000000000000e+04,7.279000000000000000e+04,7.304100000000000000e+04,7.329200000000000000e+04,7.354300000000000000e+04,7.379400000000000000e+04,7.404500000000000000e+04,7.429600000000000000e+04,7.454700000000000000e+04,7.479800000000000000e+04,7.504900000000000000e+04
0.000000000000000000e+00,2.520000000000000000e+02,5.040000000000000000e+02,7.560000000000000000e+02,1.008000000000000000e+03,1.260000000000000000e+03,1.512000000000000000e+03,1.764000000000000000e+03,2.016000000000000000e+03,2.268000000000000000e+03,2.520000000000000000e+03,2.772000000000000000e+03,3.024000000000000000e+03,3.276000000000000000e+03,3.528000000000000000e+03,3.780000000000000000e+03,4.032000000000000000e+03,4.284000000000000000e+03,4.536000000000000000e+03,4.788000000000000000e+03,5.040000000000000000e+03,5.292000000000000000e+03,5.544000000000000000e+03,5.796000000000000000e+03,6.048000000000000000e+03,6.300000000000000000e+03,6.552000000000000000e+03,6.804000000000000000e+03,7.056000000000000000e+03,7.308000000000000000e+03,7.560000000000000000e+03,7.812000000000000000e+03,8.064000000000000000e+03,8.316000000000000000e+03,8.568000000000000000e+03,8.820000000000000000e+03,9.072000000000000000e+03,9.324000000000000000e+03,9.576000000000000000e+03,9.828000000000000000e+03,1.008000000000000000e+04,1.033200000000000000e+04,1.058400000000000000e+04,1.083600000000000000e+04,1.108800000000000000e+04,1.134000000000000000e+04,1.159200000000000000e+04,1.184400000000000000e+04,1.209600000000000000e+04,1.234800000000000000e+04,1.260000000000000000e+04,1.285200000000000000e+04,1.310400000000000000e+04,1.335600000000000000e+04,1.360800000000000000e+04,1.386000000000000000e+04,1.411200000000000000e+04,1.436400000000000000e+04,1.461600000000000000e+04,1.486800000000000000e+04,1.512000000000000000e+04,1.537200000000000000e+04,1.562400000000000000e+04,1.587600000000000000e+04,1.612800000000000000e+04,1.638000000000000000e+04,1.663200000000000000e+04,1.688400000000000000e+04,1.713600000000000000e+04,1.738800000000000000e+04,1.764000000000000000e+04,1.789200000000000000e+04,1.814400000000000000e+04,1.839600000000000000e+04,1.864800000000000000e+04,1.890000000000000000e+04,1.915200000000000000e+04,1.940400000000000000e+04,1.965600000000000000e+04,1.990800000000000000e+04,2.016000000000000000e+04,2.041200000000000000e+04,2.066400000000000000e+04,2.091600000000000000e+04,2.116800000000000000e+04,2.142000000000000000e+04,2.167200000000000000e+04,2.192400000000000000e+04,2.217600000000000000e+04,2.242800000000000000e+04,2.268000000000000000e+04,2.293200000000000000e+04,2.318400000000000000e+04,2.343600000000000000e+04,2.368800000000000000e+04,2.394000000000000000e+04,2.419200000000000000e+04,2.444400000000000000e+04,2.469600000000000000e+04,2.494800000000000000e+04,2.520000000000000000e+04,2.545200000000000000e+04,2.570400000000000000e+04,2.595600000000000000e+04,2.620800000000000000e+04,2.646000000000000000e+04,2.671200000000000000e+04,2.696400000000000000e+04,2.721600000000000000e+04,2.746800000000000000e+04,2.772000000000000000e+04,2.797200000000000000e+04,2.822400000000000000e+04,2.847600000000000000e+04,2.872800000000000000e+04,2.898000000000000000e+04,2.923200000000000000e+04,2.948400000000000000e+04,2.973600000000000000e+04,2.998800000000000000e+04,3.024000000000000000e+04,3.049200000000000000e+04,3.074400000000000000e+04,3.099600000000000000e+04,3.124800000000000000e+04,3.150000000000000000e+04,3.175200000000000000e+04,3.200400000000000000e+04,3.225600000000000000e+04,3.250800000000000000e+04,3.276000000000000000e+04,3.301200000000000000e+04,3.326400000000000000e+04,3.351600000000000000e+04,3.376800000000000000e+04,3.402000000000000000e+04,3.427200000000000000e+04,3.452400000000000000e+04,3.477600000000000000e+04,3.502800000000000000e+04,3.528000000000000000e+04,3.553200000000000000e+04,3.578400000000000000e+04,3.603600000000000000e+04,3.628800000000000000e+04,3.654000000000000000e+04,3.679200000000000000e+04,3.704400000000000000e+04,3.729600000000000000e+04,3.754800000000000000e+04,3.780000000000000000e+04,3.805200000000000000e+04,3.830400000000000000e+04,3.855600000000000000e+04,3.880800000000000000e+04,3.906000000000000000e+04,3.931200000000000000e+04,3.956400000000000000e+04,3.981600000000000000e+04,4.006800000000000000e+04,4.032000000000000000e+04,4.057200000000000000e+04,4.082400000000000000e+04,4.107600000000000000e+04,4.132800000000000000e+04,4.158000000000000000e+04,4.183200000000000000e+04,4.208400000000000000e+04,4.233600000000000000e+04,4.258800000000000000e+04,4.284000000000000000e+04,4.309200000000000000e+04,4.334400000000000000e+04,4.359600000000000000e+04,4.384800000000000000e+04,4.410000000000000000e+04,4.435200000000000000e+04,4.460400000000000000e+04,4.485600000000000000e+04,4.510800000000000000e+04,4.536000000000000000e+04,4.561200000000000000e+04,4.586400000000000000e+04,4.611600000000000000e+04,4.636800000000000000e+04,4.662000000000000000e+04,4.687200000000000000e+04,4.712400000000000000e+04,4.737600000000000000e+04,4.762800000000000000e+04,4.788000000000000000e+04,4.813200000000000000e+04,4.838400000000000000e+04,4.863600000000000000e+04,4.888800000000000000e+04,4.914000000000000000e+04,4.939200000000000000e+04,4.964400000000000000e+04,4.989600000000000000e+04,5.014800000000000000e+04,5.040000000000000000e+04,5.065200000000000000e+04,5.090400000000000000e+04,5.115600000000000000e+04,5.140800000000000000e+04,5.166000000000000000e+04,5.191200000000000000e+04,5.216400000000000000e+04,5.241600000000000000e+04,5.266800000000000000e+04,5.292000000000000000e+04,5.317200000000000000e+04,5.342400000000000000e+04,5.367600000000000000e+04,5.392800000000000000e+04,5.418000000000000000e+04,5.443200000000000000e+04,5.468400000000000000e+04,5.493600000000000000e+04,5.518800000000000000e+04,5.544000000000000000e+04,5.569200000000000000e+04,5.594400000000000000e+04,5.619600000000000000e+04,5.644800000000000000e+04,5.670000000000000000e+04,5.695200000000000000e+04,5.720400000000000000e+04,5.745600000000000000e+04,5.770800000000000000e+04,5.796000000000000000e+04,5.821200000000000000e+04,5.846400000000000000e+04,5.871600000000000000e+04,5.896800000000000000e+04,5.922000000000000000e+04,5.947200000000000000e+04,5.972400000000000000e+04,5.997600000000000000e+04,6.022800000000000000e+04,6.048000000000000000e+04,6.073200000000000000e+04,6.098400000000000000e+04,6.123600000000000000e+04,6.148800000000000000e+04,6.174000000000000000e+04,6.199200000000000000e+04,6.224400000000000000e+04,6.249600000000000000e+04,6.274800000000000000e+04,6.300000000000000000e+04,6.325200000000000000e+04,6.350400000000000000e+04,6.375600000000000000e+04,6.400800000000000000e+04,6.426000000000000000e+04,6.451200000000000000e+04,6.476400000000000000e+04,6.501600000000000000e+04,6.526800000000000000e+04,6.552000000000000000e+04,6.577200000000000000e+04,6.602400000000000000e+04,6.627600000000000000e+04,6.652800000000000000e+04,6.678000000000000000e+04,6.703200000000000000e+04,6.728400000000000000e+04,6.753600000000000000e+04,6.778800000000000000e+04,6.804000000000000000e+04,6.829200000000000000e+04,6.854400000000000000e+04,6.879600000000000000e+04,6.904800000000000000e+04,6.930000000000000000e+04,6.955200000000000000e+04,6.980400000000000000e+04,7.005600000000000000e+04,7.030800000000000000e+04,7.056000000000000000e+04,7.081200000000000000e+04,7.106400000000000000e+04,7.131600000000000000e+04,7.156800000000000000e+04,7.182000000000000000e+04,7.207200000000000000e+04,7.232400000000000000e+04,7.257600000000000000e+04,7.282800000000000000e+04,7.308000000000000000e+04,7.333200000000000000e+04,7.358400000000000000e+04,7.383600000000000000e+04,7.408800000000000000e+04,7.434000000000000000e+04,7.459200000000000000e+04,7.484400000000000000e+04,7.509600000000000000e+04,7.534800000000000000e+04
0.000000000000000000e+00,2.530000000000000000e+02,5.060000000000000000e+02,7.590000000000000000e+02,1.012000000000000000e+03,1.265000000000000000e+03,1.518000000000000000e+03,1.771000000000000000e+03,2.024000000000000000e+03,2.277000000000000000e+03,2.530000000000000000e+03,2.783000000000000000e+03,3.036000000000000000e+03,3.289000000000000000e+03,3.542000000000000000e+03,3.795000000000000000e+03,4.048000000000000000e+03,4.301000000000000000e+03,4.554000000000000000e+03,4.807000000000000000e+03,5.060000000000000000e+03,5.313000000000000000e+03,5.566000000000000000e+03,5.819000000000000000e+03,6.072000000000000000e+03,6.325000000000000000e+03,6.578000000000000000e+03,6.831000000000000000e+03,7.084000000000000000e+03,7.337000000000000000e+03,7.590000000000000000e+03,7.843000000000000000e+03,8.096000000000000000e+03,8.349000000000000000e+03,8.602000000000000000e+03,8.855000000000000000e+03,9.108000000000000000e+03,9.361000000000000000e+03,9.614000000000000000e+03,9.867000000000000000e+03,1.012000000000000000e+04,1.037300000000000000e+04,1.062600000000000000e+04,1.087900000000000000e+04,1.113200000000000000e+04,1.138500000000000000e+04,1.163800000000000000e+04,1.189100000000000000e+04,1.214400000000000000e+04,1.239700000000000000e+04,1.265000000000000000e+04,1.290300000000000000e+04,1.315600000000000000e+04,1.340900000000000000e+04,1.366200000000000000e+04,1.391500000000000000e+04,1.416800000000000000e+04,1.442100000000000000e+04,1.467400000000000000e+04,1.492700000000000000e+04,1.518000000000000000e+04,1.543300000000000000e+04,1.568600000000000000e+04,1.593900000000000000e+04,1.619200000000000000e+04,1.644500000000000000e+04,1.669800000000000000e+04,1.695100000000000000e+04,1.720400000000000000e+04,1.745700000000000000e+04,1.771000000000000000e+04,1.796300000000000000e+04,1.821600000000000000e+04,1.846900000000000000e+04,1.872200000000000000e+04,1.897500000000000000e+04,1.922800000000000000e+04,1.948100000000000000e+04,1.973400000000000000e+04,1.998700000000000000e+04,2.024000000000000000e+04,2.049300000000000000e+04,2.074600000000000000e+04,2.099900000000000000e+04,2.125200000000000000e+04,2.150500000000000000e+04,2.175800000000000000e+04,2.201100000000000000e+04,2.226400000000000000e+04,2.251700000000000000e+04,2.277000000000000000e+04,2.302300000000000000e+04,2.327600000000000000e+04,2.352900000000000000e+04,2.378200000000000000e+04,2.403500000000000000e+04,2.428800000000000000e+04,2.454100000000000000e+04,2.479400000000000000e+04,2.504700000000000000e+04,2.530000000000000000e+04,2.555300000000000000e+04,2.580600000000000000e+04,2.605900000000000000e+04,2.631200000000000000e+04,2.656500000000000000e+04,2.681800000000000000e+04,2.707100000000000000e+04,2.732400000000000000e+04,2.757700000000000000e+04,2.783000000000000000e+04,2.808300000000000000e+04,2.833600000000000000e+04,2.858900000000000000e+04,2.884200000000000000e+04,2.909500000000000000e+04,2.934800000000000000e+04,2.960100000000000000e+04,2.985400000000000000e+04,3.010700000000000000e+04,3.036000000000000000e+04,3.061300000000000000e+04,3.086600000000000000e+04,3.111900000000000000e+04,3.137200000000000000e+04,3.162500000000000000e+04,3.187800000000000000e+04,3.213100000000000000e+04,3.238400000000000000e+04,3.263700000000000000e+04,3.289000000000000000e+04,3.314300000000000000e+04,3.339600000000000000e+04,3.364900000000000000e+04,3.390200000000000000e+04,3.415500000000000000e+04,3.440800000000000000e+04,3.466100000000000000e+04,3.491400000000000000e+04,3.516700000000000000e+04,3.542000000000000000e+04,3.567300000000000000e+04,3.592600000000000000e+04,3.617900000000000000e+04,3.643200000000000000e+04,3.668500000000000000e+04,3.693800000000000000e+04,3.719100000000000000e+04,3.744400000000000000e+04,3.769700000000000000e+04,3.795000000000000000e+04,3.820300000000000000e+04,3.845600000000000000e+04,3.870900000000000000e+04,3.896200000000000000e+04,3.921500000000000000e+04,3.946800000000000000e+04,3.972100000000000000e+04,3.997400000000000000e+04,4.022700000000000000e+04,4.048000000000000000e+04,4.073300000000000000e+04,4.098600000000000000e+04,4.123900000000000000e+04,4.149200000000000000e+04,4.174500000000000000e+04,4.199800000000000000e+04,4.225100000000000000e+04,4.250400000000000000e+04,4.275700000000000000e+04,4.301000000000000000e+04,4.326300000000000000e+04,4.351600000000000000e+04,4.376900000000000000e+04,4.402200000000000000e+04,4.427500000000000000e+04,4.452800000000000000e+04,4.478100000000000000e+04,4.503400000000000000e+04,4.528700000000000000e+04,4.554000000000000000e+04,4.579300000000000000e+04,4.604600000000000000e+04,4.629900000000000000e+04,4.655200000000000000e+04,4.680500000000000000e+04,4.705800000000000000e+04,4.731100000000000000e+04,4.756400000000000000e+04,4.781700000000000000e+04,4.807000000000000000e+04,4.832300000000000000e+04,4.857600000000000000e+04,4.882900000000000000e+04,4.908200000000000000e+04,4.933500000000000000e+04,4.958800000000000000e+04,4.984100000000000000e+04,5.009400000000000000e+04,5.034700000000000000e+04,5.060000000000000000e+04,5.085300000000000000e+04,5.110600000000000000e+04,5.135900000000000000e+04,5.161200000000000000e+04,5.186500000000000000e+04,5.211800000000000000e+04,5.237100000000000000e+04,5.262400000000000000e+04,5.287700000000000000e+04,5.313000000000000000e+04,5.338300000000000000e+04,5.363600000000000000e+04,5.388900000000000000e+04,5.414200000000000000e+04,5.439500000000000000e+04,5.464800000000000000e+04,5.490100000000000000e+04,5.515400000000000000e+04,5.540700000000000000e+04,5.566000000000000000e+04,5.591300000000000000e+04,5.616600000000000000e+04,5.641900000000000000e+04,5.667200000000000000e+04,5.692500000000000000e+04,5.717800000000000000e+04,5.743100000000000000e+04,5.768400000000000000e+04,5.793700000000000000e+04,5.819000000000000000e+04,5.844300000000000000e+04,5.869600000000000000e+04,5.894900000000000000e+04,5.920200000000000000e+04,5.945500000000000000e+04,5.970800000000000000e+04,5.996100000000000000e+04,6.021400000000000000e+04,6.046700000000000000e+04,6.072000000000000000e+04,6.097300000000000000e+04,6.122600000000000000e+04,6.147900000000000000e+04,6.173200000000000000e+04,6.198500000000000000e+04,6.223800000000000000e+04,6.249100000000000000e+04,6.274400000000000000e+04,6.299700000000000000e+04,6.325000000000000000e+04,6.350300000000000000e+04,6.375600000000000000e+04,6.400900000000000000e+04,6.426200000000000000e+04,6.451500000000000000e+04,6.476800000000000000e+04,6.502100000000000000e+04,6.527400000000000000e+04,6.552700000000000000e+04,6.578000000000000000e+04,6.603300000000000000e+04,6.628600000000000000e+04,6.653900000000000000e+04,6.679200000000000000e+04,6.704500000000000000e+04,6.729800000000000000e+04,6.755100000000000000e+04,6.780400000000000000e+04,6.805700000000000000e+04,6.831000000000000000e+04,6.856300000000000000e+04,6.881600000000000000e+04,6.906900000000000000e+04,6.932200000000000000e+04,6.957500000000000000e+04,6.982800000000000000e+04,7.008100000000000000e+04,7.033400000000000000e+04,7.058700000000000000e+04,7.084000000000000000e+04,7.109300000000000000e+04,7.134600000000000000e+04,7.159900000000000000e+04,7.185200000000000000e+04,7.210500000000000000e+04,7.235800000000000000e+04,7.261100000000000000e+04,7.286400000000000000e+04,7.311700000000000000e+04,7.337000000000000000e+04,7.362300000000000000e+04,7.387600000000000000e+04,7.412900000000000000e+04,7.438200000000000000e+04,7.463500000000000000e+04,7.488800000000000000e+04,7.514100000000000000e+04,7.539400000000000000e+04,7.564700000000000000e+04
0.000000000000000000e+00,2.540000000000000000e+02,5.080000000000000000e+02,7.620000000000000000e+02,1.016000000000000000e+03,1.270000000000000000e+03,1.524000000000000000e+03,1.778000000000000000e+03,2.032000000000000000e+03,2.286000000000000000e+03,2.540000000000000000e+03,2.794000000000000000e+03,3.048000000000000000e+03,3.302000000000000000e+03,3.556000000000000000e+03,3.810000000000000000e+03,4.064000000000000000e+03,4.318000000000000000e+03,4.572000000000000000e+03,4.826000000000000000e+03,5.080000000000000000e+03,5.334000000000000000e+03,5.588000000000000000e+03,5.842000000000000000e+03,6.096000000000000000e+03,6.350000000000000000e+03,6.604000000000000000e+03,6.858000000000000000e+03,7.112000000000000000e+03,7.366000000000000000e+03,7.620000000000000000e+03,7.874000000000000000e+03,8.128000000000000000e+03,8.382000000000000000e+03,8.636000000000000000e+03,8.890000000000000000e+03,9.144000000000000000e+03,9.398000000000000000e+03,9.652000000000000000e+03,9.906000000000000000e+03,1.016000000000000000e+04,1.041400000000000000e+04,1.066800000000000000e+04,1.092200000000000000e+04,1.117600000000000000e+04,1.143000000000000000e+04,1.168400000000000000e+04,1.193800000000000000e+04,1.219200000000000000e+04,1.244600000000000000e+04,1.270000000000000000e+04,1.295400000000000000e+04,1.320800000000000000e+04,1.346200000000000000e+04,1.371600000000000000e+04,1.397000000000000000e+04,1.422400000000000000e+04,1.447800000000000000e+04,1.473200000000000000e+04,1.498600000000000000e+04,1.524000000000000000e+04,1.549400000000000000e+04,1.574800000000000000e+04,1.600200000000000000e+04,1.625600000000000000e+04,1.651000000000000000e+04,1.676400000000000000e+04,1.701800000000000000e+04,1.727200000000000000e+04,1.752600000000000000e+04,1.778000000000000000e+04,1.803400000000000000e+04,1.828800000000000000e+04,1.854200000000000000e+04,1.879600000000000000e+04,1.905000000000000000e+04,1.930400000000000000e+04,1.955800000000000000e+04,1.981200000000000000e+04,2.006600000000000000e+04,2.032000000000000000e+04,2.057400000000000000e+04,2.082800000000000000e+04,2.108200000000000000e+04,2.133600000000000000e+04,2.159000000000000000e+04,2.184400000000000000e+04,2.209800000000000000e+04,2.235200000000000000e+04,2.260600000000000000e+04,2.286000000000000000e+04,2.311400000000000000e+04,2.336800000000000000e+04,2.362200000000000000e+04,2.387600000000000000e+04,2.413000000000000000e+04,2.438400000000000000e+04,2.463800000000000000e+04,2.489200000000000000e+04,2.514600000000000000e+04,2.540000000000000000e+04,2.565400000000000000e+04,2.590800000000000000e+04,2.616200000000000000e+04,2.641600000000000000e+04,2.667000000000000000e+04,2.692400000000000000e+04,2.717800000000000000e+04,2.743200000000000000e+04,2.768600000000000000e+04,2.794000000000000000e+04,2.819400000000000000e+04,2.844800000000000000e+04,2.870200000000000000e+04,2.895600000000000000e+04,2.921000000000000000e+04,2.946400000000000000e+04,2.971800000000000000e+04,2.997200000000000000e+04,3.022600000000000000e+04,3.048000000000000000e+04,3.073400000000000000e+04,3.098800000000000000e+04,3.124200000000000000e+04,3.149600000000000000e+04,3.175000000000000000e+04,3.200400000000000000e+04,3.225800000000000000e+04,3.251200000000000000e+04,3.276600000000000000e+04,3.302000000000000000e+04,3.327400000000000000e+04,3.352800000000000000e+04,3.378200000000000000e+04,3.403600000000000000e+04,3.429000000000000000e+04,3.454400000000000000e+04,3.479800000000000000e+04,3.505200000000000000e+04,3.530600000000000000e+04,3.556000000000000000e+04,3.581400000000000000e+04,3.606800000000000000e+04,3.632200000000000000e+04,3.657600000000000000e+04,3.683000000000000000e+04,3.708400000000000000e+04,3.733800000000000000e+04,3.759200000000000000e+04,3.784600000000000000e+04,3.810000000000000000e+04,3.835400000000000000e+04,3.860800000000000000e+04,3.886200000000000000e+04,3.911600000000000000e+04,3.937000000000000000e+04,3.962400000000000000e+04,3.987800000000000000e+04,4.013200000000000000e+04,4.038600000000000000e+04,4.064000000000000000e+04,4.089400000000000000e+04,4.114800000000000000e+04,4.140200000000000000e+04,4.165600000000000000e+04,4.191000000000000000e+04,4.216400000000000000e+04,4.241800000000000000e+04,4.267200000000000000e+04,4.292600000000000000e+04,4.318000000000000000e+04,4.343400000000000000e+04,4.368800000000000000e+04,4.394200000000000000e+04,4.419600000000000000e+04,4.445000000000000000e+04,4.470400000000000000e+04,4.495800000000000000e+04,4.521200000000000000e+04,4.546600000000000000e+04,4.572000000000000000e+04,4.597400000000000000e+04,4.622800000000000000e+04,4.648200000000000000e+04,4.673600000000000000e+04,4.699000000000000000e+04,4.724400000000000000e+04,4.749800000000000000e+04,4.775200000000000000e+04,4.800600000000000000e+04,4.826000000000000000e+04,4.851400000000000000e+04,4.876800000000000000e+04,4.902200000000000000e+04,4.927600000000000000e+04,4.953000000000000000e+04,4.978400000000000000e+04,5.003800000000000000e+04,5.029200000000000000e+04,5.054600000000000000e+04,5.080000000000000000e+04,5.105400000000000000e+04,5.130800000000000000e+04,5.156200000000000000e+04,5.181600000000000000e+04,5.207000000000000000e+04,5.232400000000000000e+04,5.257800000000000000e+04,5.283200000000000000e+04,5.308600000000000000e+04,5.334000000000000000e+04,5.359400000000000000e+04,5.384800000000000000e+04,5.410200000000000000e+04,5.435600000000000000e+04,5.461000000000000000e+04,5.486400000000000000e+04,5.511800000000000000e+04,5.537200000000000000e+04,5.562600000000000000e+04,5.588000000000000000e+04,5.613400000000000000e+04,5.638800000000000000e+04,5.664200000000000000e+04,5.689600000000000000e+04,5.715000000000000000e+04,5.740400000000000000e+04,5.765800000000000000e+04,5.791200000000000000e+04,5.816600000000000000e+04,5.842000000000000000e+04,5.867400000000000000e+04,5.892800000000000000e+04,5.918200000000000000e+04,5.943600000000000000e+04,5.969000000000000000e+04,5.994400000000000000e+04,6.019800000000000000e+04,6.045200000000000000e+04,6.070600000000000000e+04,6.096000000000000000e+04,6.121400000000000000e+04,6.146800000000000000e+04,6.172200000000000000e+04,6.197600000000000000e+04,6.223000000000000000e+04,6.248400000000000000e+04,6.273800000000000000e+04,6.299200000000000000e+04,6.324600000000000000e+04,6.350000000000000000e+04,6.375400000000000000e+04,6.400800000000000000e+04,6.426200000000000000e+04,6.451600000000000000e+04,6.477000000000000000e+04,6.502400000000000000e+04,6.527800000000000000e+04,6.553200000000000000e+04,6.578600000000000000e+04,6.604000000000000000e+04,6.629400000000000000e+04,6.654800000000000000e+04,6.680200000000000000e+04,6.705600000000000000e+04,6.731000000000000000e+04,6.756400000000000000e+04,6.781800000000000000e+04,6.807200000000000000e+04,6.832600000000000000e+04,6.858000000000000000e+04,6.883400000000000000e+04,6.908800000000000000e+04,6.934200000000000000e+04,6.959600000000000000e+04,6.985000000000000000e+04,7.010400000000000000e+04,7.035800000000000000e+04,7.061200000000000000e+04,7.086600000000000000e+04,7.112000000000000000e+04,7.137400000000000000e+04,7.162800000000000000e+04,7.188200000000000000e+04,7.213600000000000000e+04,7.239000000000000000e+04,7.264400000000000000e+04,7.289800000000000000e+04,7.315200000000000000e+04,7.340600000000000000e+04,7.366000000000000000e+04,7.391400000000000000e+04,7.416800000000000000e+04,7.442200000000000000e+04,7.467600000000000000e+04,7.493000000000000000e+04,7.518400000000000000e+04,7.543800000000000000e+04,7.569200000000000000e+04,7.594600000000000000e+04
0.000000000000000000e+00,2.550000000000000000e+02,5.100000000000000000e+02,7.650000000000000000e+02,1.020000000000000000e+03,1.275000000000000000e+03,1.530000000000000000e+03,1.785000000000000000e+03,2.040000000000000000e+03,2.295000000000000000e+03,2.550000000000000000e+03,2.805000000000000000e+03,3.060000000000000000e+03,3.315000000000000000e+03,3.570000000000000000e+03,3.825000000000000000e+03,4.080000000000000000e+03,4.335000000000000000e+03,4.590000000000000000e+03,4.845000000000000000e+03,5.100000000000000000e+03,5.355000000000000000e+03,5.610000000000000000e+03,5.865000000000000000e+03,6.120000000000000000e+03,6.375000000000000000e+03,6.630000000000000000e+03,6.885000000000000000e+03,7.140000000000000000e+03,7.395000000000000000e+03,7.650000000000000000e+03,7.905000000000000000e+03,8.160000000000000000e+03,8.415000000000000000e+03,8.670000000000000000e+03,8.925000000000000000e+03,9.180000000000000000e+03,9.435000000000000000e+03,9.690000000000000000e+03,9.945000000000000000e+03,1.020000000000000000e+04,1.045500000000000000e+04,1.071000000000000000e+04,1.096500000000000000e+04,1.122000000000000000e+04,1.147500000000000000e+04,1.173000000000000000e+04,1.198500000000000000e+04,1.224000000000000000e+04,1.249500000000000000e+04,1.275000000000000000e+04,1.300500000000000000e+04,1.326000000000000000e+04,1.351500000000000000e+04,1.377000000000000000e+04,1.402500000000000000e+04,1.428000000000000000e+04,1.453500000000000000e+04,1.479000000000000000e+04,1.504500000000000000e+04,1.530000000000000000e+04,1.555500000000000000e+04,1.581000000000000000e+04,1.606500000000000000e+04,1.632000000000000000e+04,1.657500000000000000e+04,1.683000000000000000e+04,1.708500000000000000e+04,1.734000000000000000e+04,1.759500000000000000e+04,1.785000000000000000e+04,1.810500000000000000e+04,1.836000000000000000e+04,1.861500000000000000e+04,1.887000000000000000e+04,1.912500000000000000e+04,1.938000000000000000e+04,1.963500000000000000e+04,1.989000000000000000e+04,2.014500000000000000e+04,2.040000000000000000e+04,2.065500000000000000e+04,2.091000000000000000e+04,2.116500000000000000e+04,2.142000000000000000e+04,2.167500000000000000e+04,2.193000000000000000e+04,2.218500000000000000e+04,2.244000000000000000e+04,2.269500000000000000e+04,2.295000000000000000e+04,2.320500000000000000e+04,2.346000000000000000e+04,2.371500000000000000e+04,2.397000000000000000e+04,2.422500000000000000e+04,2.448000000000000000e+04,2.473500000000000000e+04,2.499000000000000000e+04,2.524500000000000000e+04,2.550000000000000000e+04,2.575500000000000000e+04,2.601000000000000000e+04,2.626500000000000000e+04,2.652000000000000000e+04,2.677500000000000000e+04,2.703000000000000000e+04,2.728500000000000000e+04,2.754000000000000000e+04,2.779500000000000000e+04,2.805000000000000000e+04,2.830500000000000000e+04,2.856000000000000000e+04,2.881500000000000000e+04,2.907000000000000000e+04,2.932500000000000000e+04,2.958000000000000000e+04,2.983500000000000000e+04,3.009000000000000000e+04,3.034500000000000000e+04,3.060000000000000000e+04,3.085500000000000000e+04,3.111000000000000000e+04,3.136500000000000000e+04,3.162000000000000000e+04,3.187500000000000000e+04,3.213000000000000000e+04,3.238500000000000000e+04,3.264000000000000000e+04,3.289500000000000000e+04,3.315000000000000000e+04,3.340500000000000000e+04,3.366000000000000000e+04,3.391500000000000000e+04,3.417000000000000000e+04,3.442500000000000000e+04,3.468000000000000000e+04,3.493500000000000000e+04,3.519000000000000000e+04,3.544500000000000000e+04,3.570000000000000000e+04,3.595500000000000000e+04,3.621000000000000000e+04,3.646500000000000000e+04,3.672000000000000000e+04,3.697500000000000000e+04,3.723000000000000000e+04,3.748500000000000000e+04,3.774000000000000000e+04,3.799500000000000000e+04,3.825000000000000000e+04,3.850500000000000000e+04,3.876000000000000000e+04,3.901500000000000000e+04,3.927000000000000000e+04,3.952500000000000000e+04,3.978000000000000000e+04,4.003500000000000000e+04,4.029000000000000000e+04,4.054500000000000000e+04,4.080000000000000000e+04,4.105500000000000000e+04,4.131000000000000000e+04,4.156500000000000000e+04,4.182000000000000000e+04,4.207500000000000000e+04,4.233000000000000000e+04,4.258500000000000000e+04,4.284000000000000000e+04,4.309500000000000000e+04,4.335000000000000000e+04,4.360500000000000000e+04,4.386000000000000000e+04,4.411500000000000000e+04,4.437000000000000000e+04,4.462500000000000000e+04,4.488000000000000000e+04,4.513500000000000000e+04,4.539000000000000000e+04,4.564500000000000000e+04,4.590000000000000000e+04,4.615500000000000000e+04,4.641000000000000000e+04,4.666500000000000000e+04,4.692000000000000000e+04,4.717500000000000000e+04,4.743000000000000000e+04,4.768500000000000000e+04,4.794000000000000000e+04,4.819500000000000000e+04,4.845000000000000000e+04,4.870500000000000000e+04,4.896000000000000000e+04,4.921500000000000000e+04,4.947000000000000000e+04,4.972500000000000000e+04,4.998000000000000000e+04,5.023500000000000000e+04,5.049000000000000000e+04,5.074500000000000000e+04,5.100000000000000000e+04,5.125500000000000000e+04,5.151000000000000000e+04,5.176500000000000000e+04,5.202000000000000000e+04,5.227500000000000000e+04,5.253000000000000000e+04,5.278500000000000000e+04,5.304000000000000000e+04,5.329500000000000000e+04,5.355000000000000000e+04,5.380500000000000000e+04,5.406000000000000000e+04,5.431500000000000000e+04,5.457000000000000000e+04,5.482500000000000000e+04,5.508000000000000000e+04,5.533500000000000000e+04,5.559000000000000000e+04,5.584500000000000000e+04,5.610000000000000000e+04,5.635500000000000000e+04,5.661000000000000000e+04,5.686500000000000000e+04,5.712000000000000000e+04,5.737500000000000000e+04,5.763000000000000000e+04,5.788500000000000000e+04,5.814000000000000000e+04,5.839500000000000000e+04,5.865000000000000000e+04,5.890500000000000000e+04,5.916000000000000000e+04,5.941500000000000000e+04,5.967000000000000000e+04,5.992500000000000000e+04,6.018000000000000000e+04,6.043500000000000000e+04,6.069000000000000000e+04,6.094500000000000000e+04,6.120000000000000000e+04,6.145500000000000000e+04,6.171000000000000000e+04,6.196500000000000000e+04,6.222000000000000000e+04,6.247500000000000000e+04,6.273000000000000000e+04,6.298500000000000000e+04,6.324000000000000000e+04,6.349500000000000000e+04,6.375000000000000000e+04,6.400500000000000000e+04,6.426000000000000000e+04,6.451500000000000000e+04,6.477000000000000000e+04,6.502500000000000000e+04,6.528000000000000000e+04,6.553500000000000000e+04,6.579000000000000000e+04,6.604500000000000000e+04,6.630000000000000000e+04,6.655500000000000000e+04,6.681000000000000000e+04,6.706500000000000000e+04,6.732000000000000000e+04,6.757500000000000000e+04,6.783000000000000000e+04,6.808500000000000000e+04,6.834000000000000000e+04,6.859500000000000000e+04,6.885000000000000000e+04,6.910500000000000000e+04,6.936000000000000000e+04,6.961500000000000000e+04,6.987000000000000000e+04,7.012500000000000000e+04,7.038000000000000000e+04,7.063500000000000000e+04,7.089000000000000000e+04,7.114500000000000000e+04,7.140000000000000000e+04,7.165500000000000000e+04,7.191000000000000000e+04,7.216500000000000000e+04,7.242000000000000000e+04,7.267500000000000000e+04,7.293000000000000000e+04,7.318500000000000000e+04,7.344000000000000000e+04,7.369500000000000000e+04,7.395000000000000000e+04,7.420500000000000000e+04,7.446000000000000000e+04,7.471500000000000000e+04,7.497000000000000000e+04,7.522500000000000000e+04,7.548000000000000000e+04,7.573500000000000000e+04,7.599000000000000000e+04,7.624500000000000000e+04
0.000000000000000000e+00,2.560000000000000000e+02,5.120000000000000000e+02,7.680000000000000000e+02,1.024000000000000000e+03,1.280000000000000000e+03,1.536000000000000000e+03,1.792000000000000000e+03,2.048000000000000000e+03,2.304000000000000000e+03,2.560000000000000000e+03,2.816000000000000000e+03,3.072000000000000000e+03,3.328000000000000000e+03,3.584000000000000000e+03,3.840000000000000000e+03,4.096000000000000000e+03,4.352000000000000000e+03,4.608000000000000000e+03,4.864000000000000000e+03,5.120000000000000000e+03,5.376000000000000000e+03,5.632000000000000000e+03,5.888000000000000000e+03,6.144000000000000000e+03,6.400000000000000000e+03,6.656000000000000000e+03,6.912000000000000000e+03,7.168000000000000000e+03,7.424000000000000000e+03,7.680000000000000000e+03,7.936000000000000000e+03,8.192000000000000000e+03,8.448000000000000000e+03,8.704000000000000000e+03,8.960000000000000000e+03,9.216000000000000000e+03,9.472000000000000000e+03,9.728000000000000000e+03,9.984000000000000000e+03,1.024000000000000000e+04,1.049600000000000000e+04,1.075200000000000000e+04,1.100800000000000000e+04,1.126400000000000000e+04,1.152000000000000000e+04,1.177600000000000000e+04,1.203200000000000000e+04,1.228800000000000000e+04,1.254400000000000000e+04,1.280000000000000000e+04,1.305600000000000000e+04,1.331200000000000000e+04,1.356800000000000000e+04,1.382400000000000000e+04,1.408000000000000000e+04,1.433600000000000000e+04,1.459200000000000000e+04,1.484800000000000000e+04,1.510400000000000000e+04,1.536000000000000000e+04,1.561600000000000000e+04,1.587200000000000000e+04,1.612800000000000000e+04,1.638400000000000000e+04,1.664000000000000000e+04,1.689600000000000000e+04,1.715200000000000000e+04,1.740800000000000000e+04,1.766400000000000000e+04,1.792000000000000000e+04,1.817600000000000000e+04,1.843200000000000000e+04,1.868800000000000000e+04,1.894400000000000000e+04,1.920000000000000000e+04,1.945600000000000000e+04,1.971200000000000000e+04,1.996800000000000000e+04,2.022400000000000000e+04,2.048000000000000000e+04,2.073600000000000000e+04,2.099200000000000000e+04,2.124800000000000000e+04,2.150400000000000000e+04,2.176000000000000000e+04,2.201600000000000000e+04,2.227200000000000000e+04,2.252800000000000000e+04,2.278400000000000000e+04,2.304000000000000000e+04,2.329600000000000000e+04,2.355200000000000000e+04,2.380800000000000000e+04,2.406400000000000000e+04,2.432000000000000000e+04,2.457600000000000000e+04,2.483200000000000000e+04,2.508800000000000000e+04,2.534400000000000000e+04,2.560000000000000000e+04,2.585600000000000000e+04,2.611200000000000000e+04,2.636800000000000000e+04,2.662400000000000000e+04,2.688000000000000000e+04,2.713600000000000000e+04,2.739200000000000000e+04,2.764800000000000000e+04,2.790400000000000000e+04,2.816000000000000000e+04,2.841600000000000000e+04,2.867200000000000000e+04,2.892800000000000000e+04,2.918400000000000000e+04,2.944000000000000000e+04,2.969600000000000000e+04,2.995200000000000000e+04,3.020800000000000000e+04,3.046400000000000000e+04,3.072000000000000000e+04,3.097600000000000000e+04,3.123200000000000000e+04,3.148800000000000000e+04,3.174400000000000000e+04,3.200000000000000000e+04,3.225600000000000000e+04,3.251200000000000000e+04,3.276800000000000000e+04,3.302400000000000000e+04,3.328000000000000000e+04,3.353600000000000000e+04,3.379200000000000000e+04,3.404800000000000000e+04,3.430400000000000000e+04,3.456000000000000000e+04,3.481600000000000000e+04,3.507200000000000000e+04,3.532800000000000000e+04,3.558400000000000000e+04,3.584000000000000000e+04,3.609600000000000000e+04,3.635200000000000000e+04,3.660800000000000000e+04,3.686400000000000000e+04,3.712000000000000000e+04,3.737600000000000000e+04,3.763200000000000000e+04,3.788800000000000000e+04,3.814400000000000000e+04,3.840000000000000000e+04,3.865600000000000000e+04,3.891200000000000000e+04,3.916800000000000000e+04,3.942400000000000000e+04,3.968000000000000000e+04,3.993600000000000000e+04,4.019200000000000000e+04,4.044800000000000000e+04,4.070400000000000000e+04,4.096000000000000000e+04,4.121600000000000000e+04,4.147200000000000000e+04,4.172800000000000000e+04,4.198400000000000000e+04,4.224000000000000000e+04,4.249600000000000000e+04,4.275200000000000000e+04,4.300800000000000000e+04,4.326400000000000000e+04,4.352000000000000000e+04,4.377600000000000000e+04,4.403200000000000000e+04,4.428800000000000000e+04,4.454400000000000000e+04,4.480000000000000000e+04,4.505600000000000000e+04,4.531200000000000000e+04,4.556800000000000000e+04,4.582400000000000000e+04,4.608000000000000000e+04,4.633600000000000000e+04,4.659200000000000000e+04,4.684800000000000000e+04,4.710400000000000000e+04,4.736000000000000000e+04,4.761600000000000000e+04,4.787200000000000000e+04,4.812800000000000000e+04,4.838400000000000000e+04,4.864000000000000000e+04,4.889600000000000000e+04,4.915200000000000000e+04,4.940800000000000000e+04,4.966400000000000000e+04,4.992000000000000000e+04,5.017600000000000000e+04,5.043200000000000000e+04,5.068800000000000000e+04,5.094400000000000000e+04,5.120000000000000000e+04,5.145600000000000000e+04,5.171200000000000000e+04,5.196800000000000000e+04,5.222400000000000000e+04,5.248000000000000000e+04,5.273600000000000000e+04,5.299200000000000000e+04,5.324800000000000000e+04,5.350400000000000000e+04,5.376000000000000000e+04,5.401600000000000000e+04,5.427200000000000000e+04,5.452800000000000000e+04,5.478400000000000000e+04,5.504000000000000000e+04,5.529600000000000000e+04,5.555200000000000000e+04,5.580800000000000000e+04,5.606400000000000000e+04,5.632000000000000000e+04,5.657600000000000000e+04,5.683200000000000000e+04,5.708800000000000000e+04,5.734400000000000000e+04,5.760000000000000000e+04,5.785600000000000000e+04,5.811200000000000000e+04,5.836800000000000000e+04,5.862400000000000000e+04,5.888000000000000000e+04,5.913600000000000000e+04,5.939200000000000000e+04,5.964800000000000000e+04,5.990400000000000000e+04,6.016000000000000000e+04,6.041600000000000000e+04,6.067200000000000000e+04,6.092800000000000000e+04,6.118400000000000000e+04,6.144000000000000000e+04,6.169600000000000000e+04,6.195200000000000000e+04,6.220800000000000000e+04,6.246400000000000000e+04,6.272000000000000000e+04,6.297600000000000000e+04,6.323200000000000000e+04,6.348800000000000000e+04,6.374400000000000000e+04,6.400000000000000000e+04,6.425600000000000000e+04,6.451200000000000000e+04,6.476800000000000000e+04,6.502400000000000000e+04,6.528000000000000000e+04,6.553600000000000000e+04,6.579200000000000000e+04,6.604800000000000000e+04,6.630400000000000000e+04,6.656000000000000000e+04,6.681600000000000000e+04,6.707200000000000000e+04,6.732800000000000000e+04,6.758400000000000000e+04,6.784000000000000000e+04,6.809600000000000000e+04,6.835200000000000000e+04,6.860800000000000000e+04,6.886400000000000000e+04,6.912000000000000000e+04,6.937600000000000000e+04,6.963200000000000000e+04,6.988800000000000000e+04,7.014400000000000000e+04,7.040000000000000000e+04,7.065600000000000000e+04,7.091200000000000000e+04,7.116800000000000000e+04,7.142400000000000000e+04,7.168000000000000000e+04,7.193600000000000000e+04,7.219200000000000000e+04,7.244800000000000000e+04,7.270400000000000000e+04,7.296000000000000000e+04,7.321600000000000000e+04,7.347200000000000000e+04,7.372800000000000000e+04,7.398400000000000000e+04,7.424000000000000000e+04,7.449600000000000000e+04,7.475200000000000000e+04,7.500800000000000000e+04,7.526400000000000000e+04,7.552000000000000000e+04,7.577600000000000000e+04,7.603200000000000000e+04,7.628800000000000000e+04,7.654400000000000000e+04
0.000000000000000000e+00,2.570000000000000000e+02,5.140000000000000000e+02,7.710000000000000000e+02,1.028000000000000000e+03,1.285000000000000000e+03,1.542000000000000000e+03,1.799000000000000000e+03,2.056000000000000000e+03,2.313000000000000000e+03,2.570000000000000000e+03,2.827000000000000000e+03,3.084000000000000000e+03,3.341000000000000000e+03,3.598000000000000000e+03,3.855000000000000000e+03,4.112000000000000000e+03,4.369000000000000000e+03,4.626000000000000000e+03,4.883000000000000000e+03,5.140000000000000000e+03,5.397000000000000000e+03,5.654000000000000000e+03,5.911000000000000000e+03,6.168000000000000000e+03,6.425000000000000000e+03,6.682000000000000000e+03,6.939000000000000000e+03,7.196000000000000000e+03,7.453000000000000000e+03,7.710000000000000000e+03,7.967000000000000000e+03,8.224000000000000000e+03,8.481000000000000000e+03,8.738000000000000000e+03,8.995000000000000000e+03,9.252000000000000000e+03,9.509000000000000000e+03,9.766000000000000000e+03,1.002300000000000000e+04,1.028000000000000000e+04,1.053700000000000000e+04,1.079400000000000000e+04,1.105100000000000000e+04,1.130800000000000000e+04,1.156500000000000000e+04,1.182200000000000000e+04,1.207900000000000000e+04,1.233600000000000000e+04,1.259300000000000000e+04,1.285000000000000000e+04,1.310700000000000000e+04,1.336400000000000000e+04,1.362100000000000000e+04,1.387800000000000000e+04,1.413500000000000000e+04,1.439200000000000000e+04,1.464900000000000000e+04,1.490600000000000000e+04,1.516300000000000000e+04,1.542000000000000000e+04,1.567700000000000000e+04,1.593400000000000000e+04,1.619100000000000000e+04,1.644800000000000000e+04,1.670500000000000000e+04,1.696200000000000000e+04,1.721900000000000000e+04,1.747600000000000000e+04,1.773300000000000000e+04,1.799000000000000000e+04,1.824700000000000000e+04,1.850400000000000000e+04,1.876100000000000000e+04,1.901800000000000000e+04,1.927500000000000000e+04,1.953200000000000000e+04,1.978900000000000000e+04,2.004600000000000000e+04,2.030300000000000000e+04,2.056000000000000000e+04,2.081700000000000000e+04,2.107400000000000000e+04,2.133100000000000000e+04,2.158800000000000000e+04,2.184500000000000000e+04,2.210200000000000000e+04,2.235900000000000000e+04,2.261600000000000000e+04,2.287300000000000000e+04,2.313000000000000000e+04,2.338700000000000000e+04,2.364400000000000000e+04,2.390100000000000000e+04,2.415800000000000000e+04,2.441500000000000000e+04,2.467200000000000000e+04,2.492900000000000000e+04,2.518600000000000000e+04,2.544300000000000000e+04,2.570000000000000000e+04,2.595700000000000000e+04,2.621400000000000000e+04,2.647100000000000000e+04,2.672800000000000000e+04,2.698500000000000000e+04,2.724200000000000000e+04,2.749900000000000000e+04,2.775600000000000000e+04,2.801300000000000000e+04,2.827000000000000000e+04,2.852700000000000000e+04,2.878400000000000000e+04,2.904100000000000000e+04,2.929800000000000000e+04,2.955500000000000000e+04,2.981200000000000000e+04,3.006900000000000000e+04,3.032600000000000000e+04,3.058300000000000000e+04,3.084000000000000000e+04,3.109700000000000000e+04,3.135400000000000000e+04,3.161100000000000000e+04,3.186800000000000000e+04,3.212500000000000000e+04,3.238200000000000000e+04,3.263900000000000000e+04,3.289600000000000000e+04,3.315300000000000000e+04,3.341000000000000000e+04,3.366700000000000000e+04,3.392400000000000000e+04,3.418100000000000000e+04,3.443800000000000000e+04,3.469500000000000000e+04,3.495200000000000000e+04,3.520900000000000000e+04,3.546600000000000000e+04,3.572300000000000000e+04,3.598000000000000000e+04,3.623700000000000000e+04,3.649400000000000000e+04,3.675100000000000000e+04,3.700800000000000000e+04,3.726500000000000000e+04,3.752200000000000000e+04,3.777900000000000000e+04,3.803600000000000000e+04,3.829300000000000000e+04,3.855000000000000000e+04,3.880700000000000000e+04,3.906400000000000000e+04,3.932100000000000000e+04,3.957800000000000000e+04,3.983500000000000000e+04,4.009200000000000000e+04,4.034900000000000000e+04,4.060600000000000000e+04,4.086300000000000000e+04,4.112000000000000000e+04,4.137700000000000000e+04,4.163400000000000000e+04,4.189100000000000000e+04,4.214800000000000000e+04,4.240500000000000000e+04,4.266200000000000000e+04,4.291900000000000000e+04,4.317600000000000000e+04,4.343300000000000000e+04,4.369000000000000000e+04,4.394700000000000000e+04,4.420400000000000000e+04,4.446100000000000000e+04,4.471800000000000000e+04,4.497500000000000000e+04,4.523200000000000000e+04,4.548900000000000000e+04,4.574600000000000000e+04,4.600300000000000000e+04,4.626000000000000000e+04,4.651700000000000000e+04,4.677400000000000000e+04,4.703100000000000000e+04,4.728800000000000000e+04,4.754500000000000000e+04,4.780200000000000000e+04,4.805900000000000000e+04,4.831600000000000000e+04,4.857300000000000000e+04,4.883000000000000000e+04,4.908700000000000000e+04,4.934400000000000000e+04,4.960100000000000000e+04,4.985800000000000000e+04,5.011500000000000000e+04,5.037200000000000000e+04,5.062900000000000000e+04,5.088600000000000000e+04,5.114300000000000000e+04,5.140000000000000000e+04,5.165700000000000000e+04,5.191400000000000000e+04,5.217100000000000000e+04,5.242800000000000000e+04,5.268500000000000000e+04,5.294200000000000000e+04,5.319900000000000000e+04,5.345600000000000000e+04,5.371300000000000000e+04,5.397000000000000000e+04,5.422700000000000000e+04,5.448400000000000000e+04,5.474100000000000000e+04,5.499800000000000000e+04,5.525500000000000000e+04,5.551200000000000000e+04,5.576900000000000000e+04,5.602600000000000000e+04,5.628300000000000000e+04,5.654000000000000000e+04,5.679700000000000000e+04,5.705400000000000000e+04,5.731100000000000000e+04,5.756800000000000000e+04,5.782500000000000000e+04,5.808200000000000000e+04,5.833900000000000000e+04,5.859600000000000000e+04,5.885300000000000000e+04,5.911000000000000000e+04,5.936700000000000000e+04,5.962400000000000000e+04,5.988100000000000000e+04,6.013800000000000000e+04,6.039500000000000000e+04,6.065200000000000000e+04,6.090900000000000000e+04,6.116600000000000000e+04,6.142300000000000000e+04,6.168000000000000000e+04,6.193700000000000000e+04,6.219400000000000000e+04,6.245100000000000000e+04,6.270800000000000000e+04,6.296500000000000000e+04,6.322200000000000000e+04,6.347900000000000000e+04,6.373600000000000000e+04,6.399300000000000000e+04,6.425000000000000000e+04,6.450700000000000000e+04,6.476400000000000000e+04,6.502100000000000000e+04,6.527800000000000000e+04,6.553500000000000000e+04,6.579200000000000000e+04,6.604900000000000000e+04,6.630600000000000000e+04,6.656300000000000000e+04,6.682000000000000000e+04,6.707700000000000000e+04,6.733400000000000000e+04,6.759100000000000000e+04,6.784800000000000000e+04,6.810500000000000000e+04,6.836200000000000000e+04,6.861900000000000000e+04,6.887600000000000000e+04,6.913300000000000000e+04,6.939000000000000000e+04,6.964700000000000000e+04,6.990400000000000000e+04,7.016100000000000000e+04,7.041800000000000000e+04,7.067500000000000000e+04,7.093200000000000000e+04,7.118900000000000000e+04,7.144600000000000000e+04,7.170300000000000000e+04,7.196000000000000000e+04,7.221700000000000000e+04,7.247400000000000000e+04,7.273100000000000000e+04,7.298800000000000000e+04,7.324500000000000000e+04,7.350200000000000000e+04,7.375900000000000000e+04,7.401600000000000000e+04,7.427300000000000000e+04,7.453000000000000000e+04,7.478700000000000000e+04,7.504400000000000000e+04,7.530100000000000000e+04,7.555800000000000000e+04,7.581500000000000000e+04,7.607200000000000000e+04,7.632900000000000000e+04,7.658600000000000000e+04,7.684300000000000000e+04
0.000000000000000000e+00,2.580000000000000000e+02,5.160000000000000000e+02,7.740000000000000000e+02,1.032000000000000000e+03,1.290000000000000000e+03,1.548000000000000000e+03,1.806000000000000000e+03,2.064000000000000000e+03,2.322000000000000000e+03,2.580000000000000000e+03,2.838000000000000000e+03,3.096000000000000000e+03,3.354000000000000000e+03,3.612000000000000000e+03,3.870000000000000000e+03,4.128000000000000000e+03,4.386000000000000000e+03,4.644000000000000000e+03,4.902000000000000000e+03,5.160000000000000000e+03,5.418000000000000000e+03,5.676000000000000000e+03,5.934000000000000000e+03,6.192000000000000000e+03,6.450000000000000000e+03,6.708000000000000000e+03,6.966000000000000000e+03,7.224000000000000000e+03,7.482000000000000000e+03,7.740000000000000000e+03,7.998000000000000000e+03,8.256000000000000000e+03,8.514000000000000000e+03,8.772000000000000000e+03,9.030000000000000000e+03,9.288000000000000000e+03,9.546000000000000000e+03,9.804000000000000000e+03,1.006200000000000000e+04,1.032000000000000000e+04,1.057800000000000000e+04,1.083600000000000000e+04,1.109400000000000000e+04,1.135200000000000000e+04,1.161000000000000000e+04,1.186800000000000000e+04,1.212600000000000000e+04,1.238400000000000000e+04,1.264200000000000000e+04,1.290000000000000000e+04,1.315800000000000000e+04,1.341600000000000000e+04,1.367400000000000000e+04,1.393200000000000000e+04,1.419000000000000000e+04,1.444800000000000000e+04,1.470600000000000000e+04,1.496400000000000000e+04,1.522200000000000000e+04,1.548000000000000000e+04,1.573800000000000000e+04,1.599600000000000000e+04,1.625400000000000000e+04,1.651200000000000000e+04,1.677000000000000000e+04,1.702800000000000000e+04,1.728600000000000000e+04,1.754400000000000000e+04,1.780200000000000000e+04,1.806000000000000000e+04,1.831800000000000000e+04,1.857600000000000000e+04,1.883400000000000000e+04,1.909200000000000000e+04,1.935000000000000000e+04,1.960800000000000000e+04,1.986600000000000000e+04,2.012400000000000000e+04,2.038200000000000000e+04,2.064000000000000000e+04,2.089800000000000000e+04,2.115600000000000000e+04,2.141400000000000000e+04,2.167200000000000000e+04,2.193000000000000000e+04,2.218800000000000000e+04,2.244600000000000000e+04,2.270400000000000000e+04,2.296200000000000000e+04,2.322000000000000000e+04,2.347800000000000000e+04,2.373600000000000000e+04,2.399400000000000000e+04,2.425200000000000000e+04,2.451000000000000000e+04,2.476800000000000000e+04,2.502600000000000000e+04,2.528400000000000000e+04,2.554200000000000000e+04,2.580000000000000000e+04,2.605800000000000000e+04,2.631600000000000000e+04,2.657400000000000000e+04,2.683200000000000000e+04,2.709000000000000000e+04,2.734800000000000000e+04,2.760600000000000000e+04,2.786400000000000000e+04,2.812200000000000000e+04,2.838000000000000000e+04,2.863800000000000000e+04,2.889600000000000000e+04,2.915400000000000000e+04,2.941200000000000000e+04,2.967000000000000000e+04,2.992800000000000000e+04,3.018600000000000000e+04,3.044400000000000000e+04,3.070200000000000000e+04,3.096000000000000000e+04,3.121800000000000000e+04,3.147600000000000000e+04,3.173400000000000000e+04,3.199200000000000000e+04,3.225000000000000000e+04,3.250800000000000000e+04,3.276600000000000000e+04,3.302400000000000000e+04,3.328200000000000000e+04,3.354000000000000000e+04,3.379800000000000000e+04,3.405600000000000000e+04,3.431400000000000000e+04,3.457200000000000000e+04,3.483000000000000000e+04,3.508800000000000000e+04,3.534600000000000000e+04,3.560400000000000000e+04,3.586200000000000000e+04,3.612000000000000000e+04,3.637800000000000000e+04,3.663600000000000000e+04,3.689400000000000000e+04,3.715200000000000000e+04,3.741000000000000000e+04,3.766800000000000000e+04,3.792600000000000000e+04,3.818400000000000000e+04,3.844200000000000000e+04,3.870000000000000000e+04,3.895800000000000000e+04,3.921600000000000000e+04,3.947400000000000000e+04,3.973200000000000000e+04,3.999000000000000000e+04,4.024800000000000000e+04,4.050600000000000000e+04,4.076400000000000000e+04,4.102200000000000000e+04,4.128000000000000000e+04,4.153800000000000000e+04,4.179600000000000000e+04,4.205400000000000000e+04,4.231200000000000000e+04,4.257000000000000000e+04,4.282800000000000000e+04,4.308600000000000000e+04,4.334400000000000000e+04,4.360200000000000000e+04,4.386000000000000000e+04,4.411800000000000000e+04,4.437600000000000000e+04,4.463400000000000000e+04,4.489200000000000000e+04,4.515000000000000000e+04,4.540800000000000000e+04,4.566600000000000000e+04,4.592400000000000000e+04,4.618200000000000000e+04,4.644000000000000000e+04,4.669800000000000000e+04,4.695600000000000000e+04,4.721400000000000000e+04,4.747200000000000000e+04,4.773000000000000000e+04,4.798800000000000000e+04,4.824600000000000000e+04,4.850400000000000000e+04,4.876200000000000000e+04,4.902000000000000000e+04,4.927800000000000000e+04,4.953600000000000000e+04,4.979400000000000000e+04,5.005200000000000000e+04,5.031000000000000000e+04,5.056800000000000000e+04,5.082600000000000000e+04,5.108400000000000000e+04,5.134200000000000000e+04,5.160000000000000000e+04,5.185800000000000000e+04,5.211600000000000000e+04,5.237400000000000000e+04,5.263200000000000000e+04,5.289000000000000000e+04,5.314800000000000000e+04,5.340600000000000000e+04,5.366400000000000000e+04,5.392200000000000000e+04,5.418000000000000000e+04,5.443800000000000000e+04,5.469600000000000000e+04,5.495400000000000000e+04,5.521200000000000000e+04,5.547000000000000000e+04,5.572800000000000000e+04,5.598600000000000000e+04,5.624400000000000000e+04,5.650200000000000000e+04,5.676000000000000000e+04,5.701800000000000000e+04,5.727600000000000000e+04,5.753400000000000000e+04,5.779200000000000000e+04,5.805000000000000000e+04,5.830800000000000000e+04,5.856600000000000000e+04,5.882400000000000000e+04,5.908200000000000000e+04,5.934000000000000000e+04,5.959800000000000000e+04,5.985600000000000000e+04,6.011400000000000000e+04,6.037200000000000000e+04,6.063000000000000000e+04,6.088800000000000000e+04,6.114600000000000000e+04,6.140400000000000000e+04,6.166200000000000000e+04,6.192000000000000000e+04,6.217800000000000000e+04,6.243600000000000000e+04,6.269400000000000000e+04,6.295200000000000000e+04,6.321000000000000000e+04,6.346800000000000000e+04,6.372600000000000000e+04,6.398400000000000000e+04,6.424200000000000000e+04,6.450000000000000000e+04,6.475800000000000000e+04,6.501600000000000000e+04,6.527400000000000000e+04,6.553200000000000000e+04,6.579000000000000000e+04,6.604800000000000000e+04,6.630600000000000000e+04,6.656400000000000000e+04,6.682200000000000000e+04,6.708000000000000000e+04,6.733800000000000000e+04,6.759600000000000000e+04,6.785400000000000000e+04,6.811200000000000000e+04,6.837000000000000000e+04,6.862800000000000000e+04,6.888600000000000000e+04,6.914400000000000000e+04,6.940200000000000000e+04,6.966000000000000000e+04,6.991800000000000000e+04,7.017600000000000000e+04,7.043400000000000000e+04,7.069200000000000000e+04,7.095000000000000000e+04,7.120800000000000000e+04,7.146600000000000000e+04,7.172400000000000000e+04,7.198200000000000000e+04,7.224000000000000000e+04,7.249800000000000000e+04,7.275600000000000000e+04,7.301400000000000000e+04,7.327200000000000000e+04,7.353000000000000000e+04,7.378800000000000000e+04,7.404600000000000000e+04,7.430400000000000000e+04,7.456200000000000000e+04,7.482000000000000000e+04,7.507800000000000000e+04,7.533600000000000000e+04,7.559400000000000000e+04,7.585200000000000000e+04,7.611000000000000000e+04,7.636800000000000000e+04,7.662600000000000000e+04,7.688400000000000000e+04,7.714200000000000000e+04
0.000000000000000000e+00,2.590000000000000000e+02,5.180000000000000000e+02,7.770000000000000000e+02,1.036000000000000000e+03,1.295000000000000000e+03,1.554000000000000000e+03,1.813000000000000000e+03,2.072000000000000000e+03,2.331000000000000000e+03,2.590000000000000000e+03,2.849000000000000000e+03,3.108000000000000000e+03,3.367000000000000000e+03,3.626000000000000000e+03,3.885000000000000000e+03,4.144000000000000000e+03,4.403000000000000000e+03,4.662000000000000000e+03,4.921000000000000000e+03,5.180000000000000000e+03,5.439000000000000000e+03,5.698000000000000000e+03,5.957000000000000000e+03,6.216000000000000000e+03,6.475000000000000000e+03,6.734000000000000000e+03,6.993000000000000000e+03,7.252000000000000000e+03,7.511000000000000000e+03,7.770000000000000000e+03,8.029000000000000000e+03,8.288000000000000000e+03,8.547000000000000000e+03,8.806000000000000000e+03,9.065000000000000000e+03,9.324000000000000000e+03,9.583000000000000000e+03,9.842000000000000000e+03,1.010100000000000000e+04,1.036000000000000000e+04,1.061900000000000000e+04,1.087800000000000000e+04,1.113700000000000000e+04,1.139600000000000000e+04,1.165500000000000000e+04,1.191400000000000000e+04,1.217300000000000000e+04,1.243200000000000000e+04,1.269100000000000000e+04,1.295000000000000000e+04,1.320900000000000000e+04,1.346800000000000000e+04,1.372700000000000000e+04,1.398600000000000000e+04,1.424500000000000000e+04,1.450400000000000000e+04,1.476300000000000000e+04,1.502200000000000000e+04,1.528100000000000000e+04,1.554000000000000000e+04,1.579900000000000000e+04,1.605800000000000000e+04,1.631700000000000000e+04,1.657600000000000000e+04,1.683500000000000000e+04,1.709400000000000000e+04,1.735300000000000000e+04,1.761200000000000000e+04,1.787100000000000000e+04,1.813000000000000000e+04,1.838900000000000000e+04,1.864800000000000000e+04,1.890700000000000000e+04,1.916600000000000000e+04,1.942500000000000000e+04,1.968400000000000000e+04,1.994300000000000000e+04,2.020200000000000000e+04,2.046100000000000000e+04,2.072000000000000000e+04,2.097900000000000000e+04,2.123800000000000000e+04,2.149700000000000000e+04,2.175600000000000000e+04,2.201500000000000000e+04,2.227400000000000000e+04,2.253300000000000000e+04,2.279200000000000000e+04,2.305100000000000000e+04,2.331000000000000000e+04,2.356900000000000000e+04,2.382800000000000000e+04,2.408700000000000000e+04,2.434600000000000000e+04,2.460500000000000000e+04,2.486400000000000000e+04,2.512300000000000000e+04,2.538200000000000000e+04,2.564100000000000000e+04,2.590000000000000000e+04,2.615900000000000000e+04,2.641800000000000000e+04,2.667700000000000000e+04,2.693600000000000000e+04,2.719500000000000000e+04,2.745400000000000000e+04,2.771300000000000000e+04,2.797200000000000000e+04,2.823100000000000000e+04,2.849000000000000000e+04,2.874900000000000000e+04,2.900800000000000000e+04,2.926700000000000000e+04,2.952600000000000000e+04,2.978500000000000000e+04,3.004400000000000000e+04,3.030300000000000000e+04,3.056200000000000000e+04,3.082100000000000000e+04,3.108000000000000000e+04,3.133900000000000000e+04,3.159800000000000000e+04,3.185700000000000000e+04,3.211600000000000000e+04,3.237500000000000000e+04,3.263400000000000000e+04,3.289300000000000000e+04,3.315200000000000000e+04,3.341100000000000000e+04,3.367000000000000000e+04,3.392900000000000000e+04,3.418800000000000000e+04,3.444700000000000000e+04,3.470600000000000000e+04,3.496500000000000000e+04,3.522400000000000000e+04,3.548300000000000000e+04,3.574200000000000000e+04,3.600100000000000000e+04,3.626000000000000000e+04,3.651900000000000000e+04,3.677800000000000000e+04,3.703700000000000000e+04,3.729600000000000000e+04,3.755500000000000000e+04,3.781400000000000000e+04,3.807300000000000000e+04,3.833200000000000000e+04,3.859100000000000000e+04,3.885000000000000000e+04,3.910900000000000000e+04,3.936800000000000000e+04,3.962700000000000000e+04,3.988600000000000000e+04,4.014500000000000000e+04,4.040400000000000000e+04,4.066300000000000000e+04,4.092200000000000000e+04,4.118100000000000000e+04,4.144000000000000000e+04,4.169900000000000000e+04,4.195800000000000000e+04,4.221700000000000000e+04,4.247600000000000000e+04,4.273500000000000000e+04,4.299400000000000000e+04,4.325300000000000000e+04,4.351200000000000000e+04,4.377100000000000000e+04,4.403000000000000000e+04,4.428900000000000000e+04,4.454800000000000000e+04,4.480700000000000000e+04,4.506600000000000000e+04,4.532500000000000000e+04,4.558400000000000000e+04,4.584300000000000000e+04,4.610200000000000000e+04,4.636100000000000000e+04,4.662000000000000000e+04,4.687900000000000000e+04,4.713800000000000000e+04,4.739700000000000000e+04,4.765600000000000000e+04,4.791500000000000000e+04,4.817400000000000000e+04,4.843300000000000000e+04,4.869200000000000000e+04,4.895100000000000000e+04,4.921000000000000000e+04,4.946900000000000000e+04,4.972800000000000000e+04,4.998700000000000000e+04,5.024600000000000000e+04,5.050500000000000000e+04,5.076400000000000000e+04,5.102300000000000000e+04,5.128200000000000000e+04,5.154100000000000000e+04,5.180000000000000000e+04,5.205900000000000000e+04,5.231800000000000000e+04,5.257700000000000000e+04,5.283600000000000000e+04,5.309500000000000000e+04,5.335400000000000000e+04,5.361300000000000000e+04,5.387200000000000000e+04,5.413100000000000000e+04,5.439000000000000000e+04,5.464900000000000000e+04,5.490800000000000000e+04,5.516700000000000000e+04,5.542600000000000000e+04,5.568500000000000000e+04,5.594400000000000000e+04,5.620300000000000000e+04,5.646200000000000000e+04,5.672100000000000000e+04,5.698000000000000000e+04,5.723900000000000000e+04,5.749800000000000000e+04,5.775700000000000000e+04,5.801600000000000000e+04,5.827500000000000000e+04,5.853400000000000000e+04,5.879300000000000000e+04,5.905200000000000000e+04,5.931100000000000000e+04,5.957000000000000000e+04,5.982900000000000000e+04,6.008800000000000000e+04,6.034700000000000000e+04,6.060600000000000000e+04,6.086500000000000000e+04,6.112400000000000000e+04,6.138300000000000000e+04,6.164200000000000000e+04,6.190100000000000000e+04,6.216000000000000000e+04,6.241900000000000000e+04,6.267800000000000000e+04,6.293700000000000000e+04,6.319600000000000000e+04,6.345500000000000000e+04,6.371400000000000000e+04,6.397300000000000000e+04,6.423200000000000000e+04,6.449100000000000000e+04,6.475000000000000000e+04,6.500900000000000000e+04,6.526800000000000000e+04,6.552700000000000000e+04,6.578600000000000000e+04,6.604500000000000000e+04,6.630400000000000000e+04,6.656300000000000000e+04,6.682200000000000000e+04,6.708100000000000000e+04,6.734000000000000000e+04,6.759900000000000000e+04,6.785800000000000000e+04,6.811700000000000000e+04,6.837600000000000000e+04,6.863500000000000000e+04,6.889400000000000000e+04,6.915300000000000000e+04,6.941200000000000000e+04,6.967100000000000000e+04,6.993000000000000000e+04,7.018900000000000000e+04,7.044800000000000000e+04,7.070700000000000000e+04,7.096600000000000000e+04,7.122500000000000000e+04,7.148400000000000000e+04,7.174300000000000000e+04,7.200200000000000000e+04,7.226100000000000000e+04,7.252000000000000000e+04,7.277900000000000000e+04,7.303800000000000000e+04,7.329700000000000000e+04,7.355600000000000000e+04,7.381500000000000000e+04,7.407400000000000000e+04,7.433300000000000000e+04,7.459200000000000000e+04,7.485100000000000000e+04,7.511000000000000000e+04,7.536900000000000000e+04,7.562800000000000000e+04,7.588700000000000000e+04,7.614600000000000000e+04,7.640500000000000000e+04,7.666400000000000000e+04,7.692300000000000000e+04,7.718200000000000000e+04,7.744100000000000000e+04
0.000000000000000000e+00,2.600000000000000000e+02,5.200000000000000000e+02,7.800000000000000000e+02,1.040000000000000000e+03,1.300000000000000000e+03,1.560000000000000000e+03,1.820000000000000000e+03,2.080000000000000000e+03,2.340000000000000000e+03,2.600000000000000000e+03,2.860000000000000000e+03,3.120000000000000000e+03,3.380000000000000000e+03,3.640000000000000000e+03,3.900000000000000000e+03,4.160000000000000000e+03,4.420000000000000000e+03,4.680000000000000000e+03,4.940000000000000000e+03,5.200000000000000000e+03,5.460000000000000000e+03,5.720000000000000000e+03,5.980000000000000000e+03,6.240000000000000000e+03,6.500000000000000000e+03,6.760000000000000000e+03,7.020000000000000000e+03,7.280000000000000000e+03,7.540000000000000000e+03,7.800000000000000000e+03,8.060000000000000000e+03,8.320000000000000000e+03,8.580000000000000000e+03,8.840000000000000000e+03,9.100000000000000000e+03,9.360000000000000000e+03,9.620000000000000000e+03,9.880000000000000000e+03,1.014000000000000000e+04,1.040000000000000000e+04,1.066000000000000000e+04,1.092000000000000000e+04,1.118000000000000000e+04,1.144000000000000000e+04,1.170000000000000000e+04,1.196000000000000000e+04,1.222000000000000000e+04,1.248000000000000000e+04,1.274000000000000000e+04,1.300000000000000000e+04,1.326000000000000000e+04,1.352000000000000000e+04,1.378000000000000000e+04,1.404000000000000000e+04,1.430000000000000000e+04,1.456000000000000000e+04,1.482000000000000000e+04,1.508000000000000000e+04,1.534000000000000000e+04,1.560000000000000000e+04,1.586000000000000000e+04,1.612000000000000000e+04,1.638000000000000000e+04,1.664000000000000000e+04,1.690000000000000000e+04,1.716000000000000000e+04,1.742000000000000000e+04,1.768000000000000000e+04,1.794000000000000000e+04,1.820000000000000000e+04,1.846000000000000000e+04,1.872000000000000000e+04,1.898000000000000000e+04,1.924000000000000000e+04,1.950000000000000000e+04,1.976000000000000000e+04,2.002000000000000000e+04,2.028000000000000000e+04,2.054000000000000000e+04,2.080000000000000000e+04,2.106000000000000000e+04,2.132000000000000000e+04,2.158000000000000000e+04,2.184000000000000000e+04,2.210000000000000000e+04,2.236000000000000000e+04,2.262000000000000000e+04,2.288000000000000000e+04,2.314000000000000000e+04,2.340000000000000000e+04,2.366000000000000000e+04,2.392000000000000000e+04,2.418000000000000000e+04,2.444000000000000000e+04,2.470000000000000000e+04,2.496000000000000000e+04,2.522000000000000000e+04,2.548000000000000000e+04,2.574000000000000000e+04,2.600000000000000000e+04,2.626000000000000000e+04,2.652000000000000000e+04,2.678000000000000000e+04,2.704000000000000000e+04,2.730000000000000000e+04,2.756000000000000000e+04,2.782000000000000000e+04,2.808000000000000000e+04,2.834000000000000000e+04,2.860000000000000000e+04,2.886000000000000000e+04,2.912000000000000000e+04,2.938000000000000000e+04,2.964000000000000000e+04,2.990000000000000000e+04,3.016000000000000000e+04,3.042000000000000000e+04,3.068000000000000000e+04,3.094000000000000000e+04,3.120000000000000000e+04,3.146000000000000000e+04,3.172000000000000000e+04,3.198000000000000000e+04,3.224000000000000000e+04,3.250000000000000000e+04,3.276000000000000000e+04,3.302000000000000000e+04,3.328000000000000000e+04,3.354000000000000000e+04,3.380000000000000000e+04,3.406000000000000000e+04,3.432000000000000000e+04,3.458000000000000000e+04,3.484000000000000000e+04,3.510000000000000000e+04,3.536000000000000000e+04,3.562000000000000000e+04,3.588000000000000000e+04,3.614000000000000000e+04,3.640000000000000000e+04,3.666000000000000000e+04,3.692000000000000000e+04,3.718000000000000000e+04,3.744000000000000000e+04,3.770000000000000000e+04,3.796000000000000000e+04,3.822000000000000000e+04,3.848000000000000000e+04,3.874000000000000000e+04,3.900000000000000000e+04,3.926000000000000000e+04,3.952000000000000000e+04,3.978000000000000000e+04,4.004000000000000000e+04,4.030000000000000000e+04,4.056000000000000000e+04,4.082000000000000000e+04,4.108000000000000000e+04,4.134000000000000000e+04,4.160000000000000000e+04,4.186000000000000000e+04,4.212000000000000000e+04,4.238000000000000000e+04,4.264000000000000000e+04,4.290000000000000000e+04,4.316000000000000000e+04,4.342000000000000000e+04,4.368000000000000000e+04,4.394000000000000000e+04,4.420000000000000000e+04,4.446000000000000000e+04,4.472000000000000000e+04,4.498000000000000000e+04,4.524000000000000000e+04,4.550000000000000000e+04,4.576000000000000000e+04,4.602000000000000000e+04,4.628000000000000000e+04,4.654000000000000000e+04,4.680000000000000000e+04,4.706000000000000000e+04,4.732000000000000000e+04,4.758000000000000000e+04,4.784000000000000000e+04,4.810000000000000000e+04,4.836000000000000000e+04,4.862000000000000000e+04,4.888000000000000000e+04,4.914000000000000000e+04,4.940000000000000000e+04,4.966000000000000000e+04,4.992000000000000000e+04,5.018000000000000000e+04,5.044000000000000000e+04,5.070000000000000000e+04,5.096000000000000000e+04,5.122000000000000000e+04,5.148000000000000000e+04,5.174000000000000000e+04,5.200000000000000000e+04,5.226000000000000000e+04,5.252000000000000000e+04,5.278000000000000000e+04,5.304000000000000000e+04,5.330000000000000000e+04,5.356000000000000000e+04,5.382000000000000000e+04,5.408000000000000000e+04,5.434000000000000000e+04,5.460000000000000000e+04,5.486000000000000000e+04,5.512000000000000000e+04,5.538000000000000000e+04,5.564000000000000000e+04,5.590000000000000000e+04,5.616000000000000000e+04,5.642000000000000000e+04,5.668000000000000000e+04,5.694000000000000000e+04,5.720000000000000000e+04,5.746000000000000000e+04,5.772000000000000000e+04,5.798000000000000000e+04,5.824000000000000000e+04,5.850000000000000000e+04,5.876000000000000000e+04,5.902000000000000000e+04,5.928000000000000000e+04,5.954000000000000000e+04,5.980000000000000000e+04,6.006000000000000000e+04,6.032000000000000000e+04,6.058000000000000000e+04,6.084000000000000000e+04,6.110000000000000000e+04,6.136000000000000000e+04,6.162000000000000000e+04,6.188000000000000000e+04,6.214000000000000000e+04,6.240000000000000000e+04,6.266000000000000000e+04,6.292000000000000000e+04,6.318000000000000000e+04,6.344000000000000000e+04,6.370000000000000000e+04,6.396000000000000000e+04,6.422000000000000000e+04,6.448000000000000000e+04,6.474000000000000000e+04,6.500000000000000000e+04,6.526000000000000000e+04,6.552000000000000000e+04,6.578000000000000000e+04,6.604000000000000000e+04,6.630000000000000000e+04,6.656000000000000000e+04,6.682000000000000000e+04,6.708000000000000000e+04,6.734000000000000000e+04,6.760000000000000000e+04,6.786000000000000000e+04,6.812000000000000000e+04,6.838000000000000000e+04,6.864000000000000000e+04,6.890000000000000000e+04,6.916000000000000000e+04,6.942000000000000000e+04,6.968000000000000000e+04,6.994000000000000000e+04,7.020000000000000000e+04,7.046000000000000000e+04,7.072000000000000000e+04,7.098000000000000000e+04,7.124000000000000000e+04,7.150000000000000000e+04,7.176000000000000000e+04,7.202000000000000000e+04,7.228000000000000000e+04,7.254000000000000000e+04,7.280000000000000000e+04,7.306000000000000000e+04,7.332000000000000000e+04,7.358000000000000000e+04,7.384000000000000000e+04,7.410000000000000000e+04,7.436000000000000000e+04,7.462000000000000000e+04,7.488000000000000000e+04,7.514000000000000000e+04,7.540000000000000000e+04,7.566000000000000000e+04,7.592000000000000000e+04,7.618000000000000000e+04,7.644000000000000000e+04,7.670000000000000000e+04,7.696000000000000000e+04,7.722000000000000000e+04,7.748000000000000000e+04,7.774000000000000000e+04
0.000000000000000000e+00,2.610000000000000000e+02,5.220000000000000000e+02,7.830000000000000000e+02,1.044000000000000000e+03,1.305000000000000000e+03,1.566000000000000000e+03,1.827000000000000000e+03,2.088000000000000000e+03,2.349000000000000000e+03,2.610000000000000000e+03,2.871000000000000000e+03,3.132000000000000000e+03,3.393000000000000000e+03,3.654000000000000000e+03,3.915000000000000000e+03,4.176000000000000000e+03,4.437000000000000000e+03,4.698000000000000000e+03,4.959000000000000000e+03,5.220000000000000000e+03,5.481000000000000000e+03,5.742000000000000000e+03,6.003000000000000000e+03,6.264000000000000000e+03,6.525000000000000000e+03,6.786000000000000000e+03,7.047000000000000000e+03,7.308000000000000000e+03,7.569000000000000000e+03,7.830000000000000000e+03,8.091000000000000000e+03,8.352000000000000000e+03,8.613000000000000000e+03,8.874000000000000000e+03,9.135000000000000000e+03,9.396000000000000000e+03,9.657000000000000000e+03,9.918000000000000000e+03,1.017900000000000000e+04,1.044000000000000000e+04,1.070100000000000000e+04,1.096200000000000000e+04,1.122300000000000000e+04,1.148400000000000000e+04,1.174500000000000000e+04,1.200600000000000000e+04,1.226700000000000000e+04,1.252800000000000000e+04,1.278900000000000000e+04,1.305000000000000000e+04,1.331100000000000000e+04,1.357200000000000000e+04,1.383300000000000000e+04,1.409400000000000000e+04,1.435500000000000000e+04,1.461600000000000000e+04,1.487700000000000000e+04,1.513800000000000000e+04,1.539900000000000000e+04,1.566000000000000000e+04,1.592100000000000000e+04,1.618200000000000000e+04,1.644300000000000000e+04,1.670400000000000000e+04,1.696500000000000000e+04,1.722600000000000000e+04,1.748700000000000000e+04,1.774800000000000000e+04,1.800900000000000000e+04,1.827000000000000000e+04,1.853100000000000000e+04,1.879200000000000000e+04,1.905300000000000000e+04,1.931400000000000000e+04,1.957500000000000000e+04,1.983600000000000000e+04,2.009700000000000000e+04,2.035800000000000000e+04,2.061900000000000000e+04,2.088000000000000000e+04,2.114100000000000000e+04,2.140200000000000000e+04,2.166300000000000000e+04,2.192400000000000000e+04,2.218500000000000000e+04,2.244600000000000000e+04,2.270700000000000000e+04,2.296800000000000000e+04,2.322900000000000000e+04,2.349000000000000000e+04,2.375100000000000000e+04,2.401200000000000000e+04,2.427300000000000000e+04,2.453400000000000000e+04,2.479500000000000000e+04,2.505600000000000000e+04,2.531700000000000000e+04,2.557800000000000000e+04,2.583900000000000000e+04,2.610000000000000000e+04,2.636100000000000000e+04,2.662200000000000000e+04,2.688300000000000000e+04,2.714400000000000000e+04,2.740500000000000000e+04,2.766600000000000000e+04,2.792700000000000000e+04,2.818800000000000000e+04,2.844900000000000000e+04,2.871000000000000000e+04,2.897100000000000000e+04,2.923200000000000000e+04,2.949300000000000000e+04,2.975400000000000000e+04,3.001500000000000000e+04,3.027600000000000000e+04,3.053700000000000000e+04,3.079800000000000000e+04,3.105900000000000000e+04,3.132000000000000000e+04,3.158100000000000000e+04,3.184200000000000000e+04,3.210300000000000000e+04,3.236400000000000000e+04,3.262500000000000000e+04,3.288600000000000000e+04,3.314700000000000000e+04,3.340800000000000000e+04,3.366900000000000000e+04,3.393000000000000000e+04,3.419100000000000000e+04,3.445200000000000000e+04,3.471300000000000000e+04,3.497400000000000000e+04,3.523500000000000000e+04,3.549600000000000000e+04,3.575700000000000000e+04,3.601800000000000000e+04,3.627900000000000000e+04,3.654000000000000000e+04,3.680100000000000000e+04,3.706200000000000000e+04,3.732300000000000000e+04,3.758400000000000000e+04,3.784500000000000000e+04,3.810600000000000000e+04,3.836700000000000000e+04,3.862800000000000000e+04,3.888900000000000000e+04,3.915000000000000000e+04,3.941100000000000000e+04,3.967200000000000000e+04,3.993300000000000000e+04,4.019400000000000000e+04,4.045500000000000000e+04,4.071600000000000000e+04,4.097700000000000000e+04,4.123800000000000000e+04,4.149900000000000000e+04,4.176000000000000000e+04,4.202100000000000000e+04,4.228200000000000000e+04,4.254300000000000000e+04,4.280400000000000000e+04,4.306500000000000000e+04,4.332600000000000000e+04,4.358700000000000000e+04,4.384800000000000000e+04,4.410900000000000000e+04,4.437000000000000000e+04,4.463100000000000000e+04,4.489200000000000000e+04,4.515300000000000000e+04,4.541400000000000000e+04,4.567500000000000000e+04,4.593600000000000000e+04,4.619700000000000000e+04,4.645800000000000000e+04,4.671900000000000000e+04,4.698000000000000000e+04,4.724100000000000000e+04,4.750200000000000000e+04,4.776300000000000000e+04,4.802400000000000000e+04,4.828500000000000000e+04,4.854600000000000000e+04,4.880700000000000000e+04,4.906800000000000000e+04,4.932900000000000000e+04,4.959000000000000000e+04,4.985100000000000000e+04,5.011200000000000000e+04,5.037300000000000000e+04,5.063400000000000000e+04,5.089500000000000000e+04,5.115600000000000000e+04,5.141700000000000000e+04,5.167800000000000000e+04,5.193900000000000000e+04,5.220000000000000000e+04,5.246100000000000000e+04,5.272200000000000000e+04,5.298300000000000000e+04,5.324400000000000000e+04,5.350500000000000000e+04,5.376600000000000000e+04,5.402700000000000000e+04,5.428800000000000000e+04,5.454900000000000000e+04,5.481000000000000000e+04,5.507100000000000000e+04,5.533200000000000000e+04,5.559300000000000000e+04,5.585400000000000000e+04,5.611500000000000000e+04,5.637600000000000000e+04,5.663700000000000000e+04,5.689800000000000000e+04,5.715900000000000000e+04,5.742000000000000000e+04,5.768100000000000000e+04,5.794200000000000000e+04,5.820300000000000000e+04,5.846400000000000000e+04,5.872500000000000000e+04,5.898600000000000000e+04,5.924700000000000000e+04,5.950800000000000000e+04,5.976900000000000000e+04,6.003000000000000000e+04,6.029100000000000000e+04,6.055200000000000000e+04,6.081300000000000000e+04,6.107400000000000000e+04,6.133500000000000000e+04,6.159600000000000000e+04,6.185700000000000000e+04,6.211800000000000000e+04,6.237900000000000000e+04,6.264000000000000000e+04,6.290100000000000000e+04,6.316200000000000000e+04,6.342300000000000000e+04,6.368400000000000000e+04,6.394500000000000000e+04,6.420600000000000000e+04,6.446700000000000000e+04,6.472800000000000000e+04,6.498900000000000000e+04,6.525000000000000000e+04,6.551100000000000000e+04,6.577200000000000000e+04,6.603300000000000000e+04,6.629400000000000000e+04,6.655500000000000000e+04,6.681600000000000000e+04,6.707700000000000000e+04,6.733800000000000000e+04,6.759900000000000000e+04,6.786000000000000000e+04,6.812100000000000000e+04,6.838200000000000000e+04,6.864300000000000000e+04,6.890400000000000000e+04,6.916500000000000000e+04,6.942600000000000000e+04,6.968700000000000000e+04,6.994800000000000000e+04,7.020900000000000000e+04,7.047000000000000000e+04,7.073100000000000000e+04,7.099200000000000000e+04,7.125300000000000000e+04,7.151400000000000000e+04,7.177500000000000000e+04,7.203600000000000000e+04,7.229700000000000000e+04,7.255800000000000000e+04,7.281900000000000000e+04,7.308000000000000000e+04,7.334100000000000000e+04,7.360200000000000000e+04,7.386300000000000000e+04,7.412400000000000000e+04,7.438500000000000000e+04,7.464600000000000000e+04,7.490700000000000000e+04,7.516800000000000000e+04,7.542900000000000000e+04,7.569000000000000000e+04,7.595100000000000000e+04,7.621200000000000000e+04,7.647300000000000000e+04,7.673400000000000000e+04,7.699500000000000000e+04,7.725600000000000000e+04,7.751700000000000000e+04,7.777800000000000000e+04,7.803900000000000000e+04
0.000000000000000000e+00,2.620000000000000000e+02,5.240000000000000000e+02,7.860000000000000000e+02,1.048000000000000000e+03,1.310000000000000000e+03,1.572000000000000000e+03,1.834000000000000000e+03,2.096000000000000000e+03,2.358000000000000000e+03,2.620000000000000000e+03,2.882000000000000000e+03,3.144000000000000000e+03,3.406000000000000000e+03,3.668000000000000000e+03,3.930000000000000000e+03,4.192000000000000000e+03,4.454000000000000000e+03,4.716000000000000000e+03,4.978000000000000000e+03,5.240000000000000000e+03,5.502000000000000000e+03,5.764000000000000000e+03,6.026000000000000000e+03,6.288000000000000000e+03,6.550000000000000000e+03,6.812000000000000000e+03,7.074000000000000000e+03,7.336000000000000000e+03,7.598000000000000000e+03,7.860000000000000000e+03,8.122000000000000000e+03,8.384000000000000000e+03,8.646000000000000000e+03,8.908000000000000000e+03,9.170000000000000000e+03,9.432000000000000000e+03,9.694000000000000000e+03,9.956000000000000000e+03,1.021800000000000000e+04,1.048000000000000000e+04,1.074200000000000000e+04,1.100400000000000000e+04,1.126600000000000000e+04,1.152800000000000000e+04,1.179000000000000000e+04,1.205200000000000000e+04,1.231400000000000000e+04,1.257600000000000000e+04,1.283800000000000000e+04,1.310000000000000000e+04,1.336200000000000000e+04,1.362400000000000000e+04,1.388600000000000000e+04,1.414800000000000000e+04,1.441000000000000000e+04,1.467200000000000000e+04,1.493400000000000000e+04,1.519600000000000000e+04,1.545800000000000000e+04,1.572000000000000000e+04,1.598200000000000000e+04,1.624400000000000000e+04,1.650600000000000000e+04,1.676800000000000000e+04,1.703000000000000000e+04,1.729200000000000000e+04,1.755400000000000000e+04,1.781600000000000000e+04,1.807800000000000000e+04,1.834000000000000000e+04,1.860200000000000000e+04,1.886400000000000000e+04,1.912600000000000000e+04,1.938800000000000000e+04,1.965000000000000000e+04,1.991200000000000000e+04,2.017400000000000000e+04,2.043600000000000000e+04,2.069800000000000000e+04,2.096000000000000000e+04,2.122200000000000000e+04,2.148400000000000000e+04,2.174600000000000000e+04,2.200800000000000000e+04,2.227000000000000000e+04,2.253200000000000000e+04,2.279400000000000000e+04,2.305600000000000000e+04,2.331800000000000000e+04,2.358000000000000000e+04,2.384200000000000000e+04,2.410400000000000000e+04,2.436600000000000000e+04,2.462800000000000000e+04,2.489000000000000000e+04,2.515200000000000000e+04,2.541400000000000000e+04,2.567600000000000000e+04,2.593800000000000000e+04,2.620000000000000000e+04,2.646200000000000000e+04,2.672400000000000000e+04,2.698600000000000000e+04,2.724800000000000000e+04,2.751000000000000000e+04,2.777200000000000000e+04,2.803400000000000000e+04,2.829600000000000000e+04,2.855800000000000000e+04,2.882000000000000000e+04,2.908200000000000000e+04,2.934400000000000000e+04,2.960600000000000000e+04,2.986800000000000000e+04,3.013000000000000000e+04,3.039200000000000000e+04,3.065400000000000000e+04,3.091600000000000000e+04,3.117800000000000000e+04,3.144000000000000000e+04,3.170200000000000000e+04,3.196400000000000000e+04,3.222600000000000000e+04,3.248800000000000000e+04,3.275000000000000000e+04,3.301200000000000000e+04,3.327400000000000000e+04,3.353600000000000000e+04,3.379800000000000000e+04,3.406000000000000000e+04,3.432200000000000000e+04,3.458400000000000000e+04,3.484600000000000000e+04,3.510800000000000000e+04,3.537000000000000000e+04,3.563200000000000000e+04,3.589400000000000000e+04,3.615600000000000000e+04,3.641800000000000000e+04,3.668000000000000000e+04,3.694200000000000000e+04,3.720400000000000000e+04,3.746600000000000000e+04,3.772800000000000000e+04,3.799000000000000000e+04,3.825200000000000000e+04,3.851400000000000000e+04,3.877600000000000000e+04,3.903800000000000000e+04,3.930000000000000000e+04,3.956200000000000000e+04,3.982400000000000000e+04,4.008600000000000000e+04,4.034800000000000000e+04,4.061000000000000000e+04,4.087200000000000000e+04,4.113400000000000000e+04,4.139600000000000000e+04,4.165800000000000000e+04,4.192000000000000000e+04,4.218200000000000000e+04,4.244400000000000000e+04,4.270600000000000000e+04,4.296800000000000000e+04,4.323000000000000000e+04,4.349200000000000000e+04,4.375400000000000000e+04,4.401600000000000000e+04,4.427800000000000000e+04,4.454000000000000000e+04,4.480200000000000000e+04,4.506400000000000000e+04,4.532600000000000000e+04,4.558800000000000000e+04,4.585000000000000000e+04,4.611200000000000000e+04,4.637400000000000000e+04,4.663600000000000000e+04,4.689800000000000000e+04,4.716000000000000000e+04,4.742200000000000000e+04,4.768400000000000000e+04,4.794600000000000000e+04,4.820800000000000000e+04,4.847000000000000000e+04,4.873200000000000000e+04,4.899400000000000000e+04,4.925600000000000000e+04,4.951800000000000000e+04,4.978000000000000000e+04,5.004200000000000000e+04,5.030400000000000000e+04,5.056600000000000000e+04,5.082800000000000000e+04,5.109000000000000000e+04,5.135200000000000000e+04,5.161400000000000000e+04,5.187600000000000000e+04,5.213800000000000000e+04,5.240000000000000000e+04,5.266200000000000000e+04,5.292400000000000000e+04,5.318600000000000000e+04,5.344800000000000000e+04,5.371000000000000000e+04,5.397200000000000000e+04,5.423400000000000000e+04,5.449600000000000000e+04,5.475800000000000000e+04,5.502000000000000000e+04,5.528200000000000000e+04,5.554400000000000000e+04,5.580600000000000000e+04,5.606800000000000000e+04,5.633000000000000000e+04,5.659200000000000000e+04,5.685400000000000000e+04,5.711600000000000000e+04,5.737800000000000000e+04,5.764000000000000000e+04,5.790200000000000000e+04,5.816400000000000000e+04,5.842600000000000000e+04,5.868800000000000000e+04,5.895000000000000000e+04,5.921200000000000000e+04,5.947400000000000000e+04,5.973600000000000000e+04,5.999800000000000000e+04,6.026000000000000000e+04,6.052200000000000000e+04,6.078400000000000000e+04,6.104600000000000000e+04,6.130800000000000000e+04,6.157000000000000000e+04,6.183200000000000000e+04,6.209400000000000000e+04,6.235600000000000000e+04,6.261800000000000000e+04,6.288000000000000000e+04,6.314200000000000000e+04,6.340400000000000000e+04,6.366600000000000000e+04,6.392800000000000000e+04,6.419000000000000000e+04,6.445200000000000000e+04,6.471400000000000000e+04,6.497600000000000000e+04,6.523800000000000000e+04,6.550000000000000000e+04,6.576200000000000000e+04,6.602400000000000000e+04,6.628600000000000000e+04,6.654800000000000000e+04,6.681000000000000000e+04,6.707200000000000000e+04,6.733400000000000000e+04,6.759600000000000000e+04,6.785800000000000000e+04,6.812000000000000000e+04,6.838200000000000000e+04,6.864400000000000000e+04,6.890600000000000000e+04,6.916800000000000000e+04,6.943000000000000000e+04,6.969200000000000000e+04,6.995400000000000000e+04,7.021600000000000000e+04,7.047800000000000000e+04,7.074000000000000000e+04,7.100200000000000000e+04,7.126400000000000000e+04,7.152600000000000000e+04,7.178800000000000000e+04,7.205000000000000000e+04,7.231200000000000000e+04,7.257400000000000000e+04,7.283600000000000000e+04,7.309800000000000000e+04,7.336000000000000000e+04,7.362200000000000000e+04,7.388400000000000000e+04,7.414600000000000000e+04,7.440800000000000000e+04,7.467000000000000000e+04,7.493200000000000000e+04,7.519400000000000000e+04,7.545600000000000000e+04,7.571800000000000000e+04,7.598000000000000000e+04,7.624200000000000000e+04,7.650400000000000000e+04,7.676600000000000000e+04,7.702800000000000000e+04,7.729000000000000000e+04,7.755200000000000000e+04,7.781400000000000000e+04,7.807600000000000000e+04,7.833800000000000000e+04
0.000000000000000000e+00,2.630000000000000000e+02,5.260000000000000000e+02,7.890000000000000000e+02,1.052000000000000000e+03,1.315000000000000000e+03,1.578000000000000000e+03,1.841000000000000000e+03,2.104000000000000000e+03,2.367000000000000000e+03,2.630000000000000000e+03,2.893000000000000000e+03,3.156000000000000000e+03,3.419000000000000000e+03,3.682000000000000000e+03,3.945000000000000000e+03,4.208000000000000000e+03,4.471000000000000000e+03,4.734000000000000000e+03,4.997000000000000000e+03,5.260000000000000000e+03,5.523000000000000000e+03,5.786000000000000000e+03,6.049000000000000000e+03,6.312000000000000000e+03,6.575000000000000000e+03,6.838000000000000000e+03,7.101000000000000000e+03,7.364000000000000000e+03,7.627000000000000000e+03,7.890000000000000000e+03,8.153000000000000000e+03,8.416000000000000000e+03,8.679000000000000000e+03,8.942000000000000000e+03,9.205000000000000000e+03,9.468000000000000000e+03,9.731000000000000000e+03,9.994000000000000000e+03,1.025700000000000000e+04,1.052000000000000000e+04,1.078300000000000000e+04,1.104600000000000000e+04,1.130900000000000000e+04,1.157200000000000000e+04,1.183500000000000000e+04,1.209800000000000000e+04,1.236100000000000000e+04,1.262400000000000000e+04,1.288700000000000000e+04,1.315000000000000000e+04,1.341300000000000000e+04,1.367600000000000000e+04,1.393900000000000000e+04,1.420200000000000000e+04,1.446500000000000000e+04,1.472800000000000000e+04,1.499100000000000000e+04,1.525400000000000000e+04,1.551700000000000000e+04,1.578000000000000000e+04,1.604300000000000000e+04,1.630600000000000000e+04,1.656900000000000000e+04,1.683200000000000000e+04,1.709500000000000000e+04,1.735800000000000000e+04,1.762100000000000000e+04,1.788400000000000000e+04,1.814700000000000000e+04,1.841000000000000000e+04,1.867300000000000000e+04,1.893600000000000000e+04,1.919900000000000000e+04,1.946200000000000000e+04,1.972500000000000000e+04,1.998800000000000000e+04,2.025100000000000000e+04,2.051400000000000000e+04,2.077700000000000000e+04,2.104000000000000000e+04,2.130300000000000000e+04,2.156600000000000000e+04,2.182900000000000000e+04,2.209200000000000000e+04,2.235500000000000000e+04,2.261800000000000000e+04,2.288100000000000000e+04,2.314400000000000000e+04,2.340700000000000000e+04,2.367000000000000000e+04,2.393300000000000000e+04,2.419600000000000000e+04,2.445900000000000000e+04,2.472200000000000000e+04,2.498500000000000000e+04,2.524800000000000000e+04,2.551100000000000000e+04,2.577400000000000000e+04,2.603700000000000000e+04,2.630000000000000000e+04,2.656300000000000000e+04,2.682600000000000000e+04,2.708900000000000000e+04,2.735200000000000000e+04,2.761500000000000000e+04,2.787800000000000000e+04,2.814100000000000000e+04,2.840400000000000000e+04,2.866700000000000000e+04,2.893000000000000000e+04,2.919300000000000000e+04,2.945600000000000000e+04,2.971900000000000000e+04,2.998200000000000000e+04,3.024500000000000000e+04,3.050800000000000000e+04,3.077100000000000000e+04,3.103400000000000000e+04,3.129700000000000000e+04,3.156000000000000000e+04,3.182300000000000000e+04,3.208600000000000000e+04,3.234900000000000000e+04,3.261200000000000000e+04,3.287500000000000000e+04,3.313800000000000000e+04,3.340100000000000000e+04,3.366400000000000000e+04,3.392700000000000000e+04,3.419000000000000000e+04,3.445300000000000000e+04,3.471600000000000000e+04,3.497900000000000000e+04,3.524200000000000000e+04,3.550500000000000000e+04,3.576800000000000000e+04,3.603100000000000000e+04,3.629400000000000000e+04,3.655700000000000000e+04,3.682000000000000000e+04,3.708300000000000000e+04,3.734600000000000000e+04,3.760900000000000000e+04,3.787200000000000000e+04,3.813500000000000000e+04,3.839800000000000000e+04,3.866100000000000000e+04,3.892400000000000000e+04,3.918700000000000000e+04,3.945000000000000000e+04,3.971300000000000000e+04,3.997600000000000000e+04,4.023900000000000000e+04,4.050200000000000000e+04,4.076500000000000000e+04,4.102800000000000000e+04,4.129100000000000000e+04,4.155400000000000000e+04,4.181700000000000000e+04,4.208000000000000000e+04,4.234300000000000000e+04,4.260600000000000000e+04,4.286900000000000000e+04,4.313200000000000000e+04,4.339500000000000000e+04,4.365800000000000000e+04,4.392100000000000000e+04,4.418400000000000000e+04,4.444700000000000000e+04,4.471000000000000000e+04,4.497300000000000000e+04,4.523600000000000000e+04,4.549900000000000000e+04,4.576200000000000000e+04,4.602500000000000000e+04,4.628800000000000000e+04,4.655100000000000000e+04,4.681400000000000000e+04,4.707700000000000000e+04,4.734000000000000000e+04,4.760300000000000000e+04,4.786600000000000000e+04,4.812900000000000000e+04,4.839200000000000000e+04,4.865500000000000000e+04,4.891800000000000000e+04,4.918100000000000000e+04,4.944400000000000000e+04,4.970700000000000000e+04,4.997000000000000000e+04,5.023300000000000000e+04,5.049600000000000000e+04,5.075900000000000000e+04,5.102200000000000000e+04,5.128500000000000000e+04,5.154800000000000000e+04,5.181100000000000000e+04,5.207400000000000000e+04,5.233700000000000000e+04,5.260000000000000000e+04,5.286300000000000000e+04,5.312600000000000000e+04,5.338900000000000000e+04,5.365200000000000000e+04,5.391500000000000000e+04,5.417800000000000000e+04,5.444100000000000000e+04,5.470400000000000000e+04,5.496700000000000000e+04,5.523000000000000000e+04,5.549300000000000000e+04,5.575600000000000000e+04,5.601900000000000000e+04,5.628200000000000000e+04,5.654500000000000000e+04,5.680800000000000000e+04,5.707100000000000000e+04,5.733400000000000000e+04,5.759700000000000000e+04,5.786000000000000000e+04,5.812300000000000000e+04,5.838600000000000000e+04,5.864900000000000000e+04,5.891200000000000000e+04,5.917500000000000000e+04,5.943800000000000000e+04,5.970100000000000000e+04,5.996400000000000000e+04,6.022700000000000000e+04,6.049000000000000000e+04,6.075300000000000000e+04,6.101600000000000000e+04,6.127900000000000000e+04,6.154200000000000000e+04,6.180500000000000000e+04,6.206800000000000000e+04,6.233100000000000000e+04,6.259400000000000000e+04,6.285700000000000000e+04,6.312000000000000000e+04,6.338300000000000000e+04,6.364600000000000000e+04,6.390900000000000000e+04,6.417200000000000000e+04,6.443500000000000000e+04,6.469800000000000000e+04,6.496100000000000000e+04,6.522400000000000000e+04,6.548700000000000000e+04,6.575000000000000000e+04,6.601300000000000000e+04,6.627600000000000000e+04,6.653900000000000000e+04,6.680200000000000000e+04,6.706500000000000000e+04,6.732800000000000000e+04,6.759100000000000000e+04,6.785400000000000000e+04,6.811700000000000000e+04,6.838000000000000000e+04,6.864300000000000000e+04,6.890600000000000000e+04,6.916900000000000000e+04,6.943200000000000000e+04,6.969500000000000000e+04,6.995800000000000000e+04,7.022100000000000000e+04,7.048400000000000000e+04,7.074700000000000000e+04,7.101000000000000000e+04,7.127300000000000000e+04,7.153600000000000000e+04,7.179900000000000000e+04,7.206200000000000000e+04,7.232500000000000000e+04,7.258800000000000000e+04,7.285100000000000000e+04,7.311400000000000000e+04,7.337700000000000000e+04,7.364000000000000000e+04,7.390300000000000000e+04,7.416600000000000000e+04,7.442900000000000000e+04,7.469200000000000000e+04,7.495500000000000000e+04,7.521800000000000000e+04,7.548100000000000000e+04,7.574400000000000000e+04,7.600700000000000000e+04,7.627000000000000000e+04,7.653300000000000000e+04,7.679600000000000000e+04,7.705900000000000000e+04,7.732200000000000000e+04,7.758500000000000000e+04,7.784800000000000000e+04,7.811100000000000000e+04,7.837400000000000000e+04,7.863700000000000000e+04
0.000000000000000000e+00,2.640000000000000000e+02,5.280000000000000000e+02,7.920000000000000000e+02,1.056000000000000000e+03,1.320000000000000000e+03,1.584000000000000000e+03,1.848000000000000000e+03,2.112000000000000000e+03,2.376000000000000000e+03,2.640000000000000000e+03,2.904000000000000000e+03,3.168000000000000000e+03,3.432000000000000000e+03,3.696000000000000000e+03,3.960000000000000000e+03,4.224000000000000000e+03,4.488000000000000000e+03,4.752000000000000000e+03,5.016000000000000000e+03,5.280000000000000000e+03,5.544000000000000000e+03,5.808000000000000000e+03,6.072000000000000000e+03,6.336000000000000000e+03,6.600000000000000000e+03,6.864000000000000000e+03,7.128000000000000000e+03,7.392000000000000000e+03,7.656000000000000000e+03,7.920000000000000000e+03,8.184000000000000000e+03,8.448000000000000000e+03,8.712000000000000000e+03,8.976000000000000000e+03,9.240000000000000000e+03,9.504000000000000000e+03,9.768000000000000000e+03,1.003200000000000000e+04,1.029600000000000000e+04,1.056000000000000000e+04,1.082400000000000000e+04,1.108800000000000000e+04,1.135200000000000000e+04,1.161600000000000000e+04,1.188000000000000000e+04,1.214400000000000000e+04,1.240800000000000000e+04,1.267200000000000000e+04,1.293600000000000000e+04,1.320000000000000000e+04,1.346400000000000000e+04,1.372800000000000000e+04,1.399200000000000000e+04,1.425600000000000000e+04,1.452000000000000000e+04,1.478400000000000000e+04,1.504800000000000000e+04,1.531200000000000000e+04,1.557600000000000000e+04,1.584000000000000000e+04,1.610400000000000000e+04,1.636800000000000000e+04,1.663200000000000000e+04,1.689600000000000000e+04,1.716000000000000000e+04,1.742400000000000000e+04,1.768800000000000000e+04,1.795200000000000000e+04,1.821600000000000000e+04,1.848000000000000000e+04,1.874400000000000000e+04,1.900800000000000000e+04,1.927200000000000000e+04,1.953600000000000000e+04,1.980000000000000000e+04,2.006400000000000000e+04,2.032800000000000000e+04,2.059200000000000000e+04,2.085600000000000000e+04,2.112000000000000000e+04,2.138400000000000000e+04,2.164800000000000000e+04,2.191200000000000000e+04,2.217600000000000000e+04,2.244000000000000000e+04,2.270400000000000000e+04,2.296800000000000000e+04,2.323200000000000000e+04,2.349600000000000000e+04,2.376000000000000000e+04,2.402400000000000000e+04,2.428800000000000000e+04,2.455200000000000000e+04,2.481600000000000000e+04,2.508000000000000000e+04,2.534400000000000000e+04,2.560800000000000000e+04,2.587200000000000000e+04,2.613600000000000000e+04,2.640000000000000000e+04,2.666400000000000000e+04,2.692800000000000000e+04,2.719200000000000000e+04,2.745600000000000000e+04,2.772000000000000000e+04,2.798400000000000000e+04,2.824800000000000000e+04,2.851200000000000000e+04,2.877600000000000000e+04,2.904000000000000000e+04,2.930400000000000000e+04,2.956800000000000000e+04,2.983200000000000000e+04,3.009600000000000000e+04,3.036000000000000000e+04,3.062400000000000000e+04,3.088800000000000000e+04,3.115200000000000000e+04,3.141600000000000000e+04,3.168000000000000000e+04,3.194400000000000000e+04,3.220800000000000000e+04,3.247200000000000000e+04,3.273600000000000000e+04,3.300000000000000000e+04,3.326400000000000000e+04,3.352800000000000000e+04,3.379200000000000000e+04,3.405600000000000000e+04,3.432000000000000000e+04,3.458400000000000000e+04,3.484800000000000000e+04,3.511200000000000000e+04,3.537600000000000000e+04,3.564000000000000000e+04,3.590400000000000000e+04,3.616800000000000000e+04,3.643200000000000000e+04,3.669600000000000000e+04,3.696000000000000000e+04,3.722400000000000000e+04,3.748800000000000000e+04,3.775200000000000000e+04,3.801600000000000000e+04,3.828000000000000000e+04,3.854400000000000000e+04,3.880800000000000000e+04,3.907200000000000000e+04,3.933600000000000000e+04,3.960000000000000000e+04,3.986400000000000000e+04,4.012800000000000000e+04,4.039200000000000000e+04,4.065600000000000000e+04,4.092000000000000000e+04,4.118400000000000000e+04,4.144800000000000000e+04,4.171200000000000000e+04,4.197600000000000000e+04,4.224000000000000000e+04,4.250400000000000000e+04,4.276800000000000000e+04,4.303200000000000000e+04,4.329600000000000000e+04,4.356000000000000000e+04,4.382400000000000000e+04,4.408800000000000000e+04,4.435200000000000000e+04,4.461600000000000000e+04,4.488000000000000000e+04,4.514400000000000000e+04,4.540800000000000000e+04,4.567200000000000000e+04,4.593600000000000000e+04,4.620000000000000000e+04,4.646400000000000000e+04,4.672800000000000000e+04,4.699200000000000000e+04,4.725600000000000000e+04,4.752000000000000000e+04,4.778400000000000000e+04,4.804800000000000000e+04,4.831200000000000000e+04,4.857600000000000000e+04,4.884000000000000000e+04,4.910400000000000000e+04,4.936800000000000000e+04,4.963200000000000000e+04,4.989600000000000000e+04,5.016000000000000000e+04,5.042400000000000000e+04,5.068800000000000000e+04,5.095200000000000000e+04,5.121600000000000000e+04,5.148000000000000000e+04,5.174400000000000000e+04,5.200800000000000000e+04,5.227200000000000000e+04,5.253600000000000000e+04,5.280000000000000000e+04,5.306400000000000000e+04,5.332800000000000000e+04,5.359200000000000000e+04,5.385600000000000000e+04,5.412000000000000000e+04,5.438400000000000000e+04,5.464800000000000000e+04,5.491200000000000000e+04,5.517600000000000000e+04,5.544000000000000000e+04,5.570400000000000000e+04,5.596800000000000000e+04,5.623200000000000000e+04,5.649600000000000000e+04,5.676000000000000000e+04,5.702400000000000000e+04,5.728800000000000000e+04,5.755200000000000000e+04,5.781600000000000000e+04,5.808000000000000000e+04,5.834400000000000000e+04,5.860800000000000000e+04,5.887200000000000000e+04,5.913600000000000000e+04,5.940000000000000000e+04,5.966400000000000000e+04,5.992800000000000000e+04,6.019200000000000000e+04,6.045600000000000000e+04,6.072000000000000000e+04,6.098400000000000000e+04,6.124800000000000000e+04,6.151200000000000000e+04,6.177600000000000000e+04,6.204000000000000000e+04,6.230400000000000000e+04,6.256800000000000000e+04,6.283200000000000000e+04,6.309600000000000000e+04,6.336000000000000000e+04,6.362400000000000000e+04,6.388800000000000000e+04,6.415200000000000000e+04,6.441600000000000000e+04,6.468000000000000000e+04,6.494400000000000000e+04,6.520800000000000000e+04,6.547200000000000000e+04,6.573600000000000000e+04,6.600000000000000000e+04,6.626400000000000000e+04,6.652800000000000000e+04,6.679200000000000000e+04,6.705600000000000000e+04,6.732000000000000000e+04,6.758400000000000000e+04,6.784800000000000000e+04,6.811200000000000000e+04,6.837600000000000000e+04,6.864000000000000000e+04,6.890400000000000000e+04,6.916800000000000000e+04,6.943200000000000000e+04,6.969600000000000000e+04,6.996000000000000000e+04,7.022400000000000000e+04,7.048800000000000000e+04,7.075200000000000000e+04,7.101600000000000000e+04,7.128000000000000000e+04,7.154400000000000000e+04,7.180800000000000000e+04,7.207200000000000000e+04,7.233600000000000000e+04,7.260000000000000000e+04,7.286400000000000000e+04,7.312800000000000000e+04,7.339200000000000000e+04,7.365600000000000000e+04,7.392000000000000000e+04,7.418400000000000000e+04,7.444800000000000000e+04,7.471200000000000000e+04,7.497600000000000000e+04,7.524000000000000000e+04,7.550400000000000000e+04,7.576800000000000000e+04,7.603200000000000000e+04,7.629600000000000000e+04,7.656000000000000000e+04,7.682400000000000000e+04,7.708800000000000000e+04,7.735200000000000000e+04,7.761600000000000000e+04,7.788000000000000000e+04,7.814400000000000000e+04,7.840800000000000000e+04,7.867200000000000000e+04,7.893600000000000000e+04
0.000000000000000000e+00,2.650000000000000000e+02,5.300000000000000000e+02,7.950000000000000000e+02,1.060000000000000000e+03,1.325000000000000000e+03,1.590000000000000000e+03,1.855000000000000000e+03,2.120000000000000000e+03,2.385000000000000000e+03,2.650000000000000000e+03,2.915000000000000000e+03,3.180000000000000000e+03,3.445000000000000000e+03,3.710000000000000000e+03,3.975000000000000000e+03,4.240000000000000000e+03,4.505000000000000000e+03,4.770000000000000000e+03,5.035000000000000000e+03,5.300000000000000000e+03,5.565000000000000000e+03,5.830000000000000000e+03,6.095000000000000000e+03,6.360000000000000000e+03,6.625000000000000000e+03,6.890000000000000000e+03,7.155000000000000000e+03,7.420000000000000000e+03,7.685000000000000000e+03,7.950000000000000000e+03,8.215000000000000000e+03,8.480000000000000000e+03,8.745000000000000000e+03,9.010000000000000000e+03,9.275000000000000000e+03,9.540000000000000000e+03,9.805000000000000000e+03,1.007000000000000000e+04,1.033500000000000000e+04,1.060000000000000000e+04,1.086500000000000000e+04,1.113000000000000000e+04,1.139500000000000000e+04,1.166000000000000000e+04,1.192500000000000000e+04,1.219000000000000000e+04,1.245500000000000000e+04,1.272000000000000000e+04,1.298500000000000000e+04,1.325000000000000000e+04,1.351500000000000000e+04,1.378000000000000000e+04,1.404500000000000000e+04,1.431000000000000000e+04,1.457500000000000000e+04,1.484000000000000000e+04,1.510500000000000000e+04,1.537000000000000000e+04,1.563500000000000000e+04,1.590000000000000000e+04,1.616500000000000000e+04,1.643000000000000000e+04,1.669500000000000000e+04,1.696000000000000000e+04,1.722500000000000000e+04,1.749000000000000000e+04,1.775500000000000000e+04,1.802000000000000000e+04,1.828500000000000000e+04,1.855000000000000000e+04,1.881500000000000000e+04,1.908000000000000000e+04,1.934500000000000000e+04,1.961000000000000000e+04,1.987500000000000000e+04,2.014000000000000000e+04,2.040500000000000000e+04,2.067000000000000000e+04,2.093500000000000000e+04,2.120000000000000000e+04,2.146500000000000000e+04,2.173000000000000000e+04,2.199500000000000000e+04,2.226000000000000000e+04,2.252500000000000000e+04,2.279000000000000000e+04,2.305500000000000000e+04,2.332000000000000000e+04,2.358500000000000000e+04,2.385000000000000000e+04,2.411500000000000000e+04,2.438000000000000000e+04,2.464500000000000000e+04,2.491000000000000000e+04,2.517500000000000000e+04,2.544000000000000000e+04,2.570500000000000000e+04,2.597000000000000000e+04,2.623500000000000000e+04,2.650000000000000000e+04,2.676500000000000000e+04,2.703000000000000000e+04,2.729500000000000000e+04,2.756000000000000000e+04,2.782500000000000000e+04,2.809000000000000000e+04,2.835500000000000000e+04,2.862000000000000000e+04,2.888500000000000000e+04,2.915000000000000000e+04,2.941500000000000000e+04,2.968000000000000000e+04,2.994500000000000000e+04,3.021000000000000000e+04,3.047500000000000000e+04,3.074000000000000000e+04,3.100500000000000000e+04,3.127000000000000000e+04,3.153500000000000000e+04,3.180000000000000000e+04,3.206500000000000000e+04,3.233000000000000000e+04,3.259500000000000000e+04,3.286000000000000000e+04,3.312500000000000000e+04,3.339000000000000000e+04,3.365500000000000000e+04,3.392000000000000000e+04,3.418500000000000000e+04,3.445000000000000000e+04,3.471500000000000000e+04,3.498000000000000000e+04,3.524500000000000000e+04,3.551000000000000000e+04,3.577500000000000000e+04,3.604000000000000000e+04,3.630500000000000000e+04,3.657000000000000000e+04,3.683500000000000000e+04,3.710000000000000000e+04,3.736500000000000000e+04,3.763000000000000000e+04,3.789500000000000000e+04,3.816000000000000000e+04,3.842500000000000000e+04,3.869000000000000000e+04,3.895500000000000000e+04,3.922000000000000000e+04,3.948500000000000000e+04,3.975000000000000000e+04,4.001500000000000000e+04,4.028000000000000000e+04,4.054500000000000000e+04,4.081000000000000000e+04,4.107500000000000000e+04,4.134000000000000000e+04,4.160500000000000000e+04,4.187000000000000000e+04,4.213500000000000000e+04,4.240000000000000000e+04,4.266500000000000000e+04,4.293000000000000000e+04,4.319500000000000000e+04,4.346000000000000000e+04,4.372500000000000000e+04,4.399000000000000000e+04,4.425500000000000000e+04,4.452000000000000000e+04,4.478500000000000000e+04,4.505000000000000000e+04,4.531500000000000000e+04,4.558000000000000000e+04,4.584500000000000000e+04,4.611000000000000000e+04,4.637500000000000000e+04,4.664000000000000000e+04,4.690500000000000000e+04,4.717000000000000000e+04,4.743500000000000000e+04,4.770000000000000000e+04,4.796500000000000000e+04,4.823000000000000000e+04,4.849500000000000000e+04,4.876000000000000000e+04,4.902500000000000000e+04,4.929000000000000000e+04,4.955500000000000000e+04,4.982000000000000000e+04,5.008500000000000000e+04,5.035000000000000000e+04,5.061500000000000000e+04,5.088000000000000000e+04,5.114500000000000000e+04,5.141000000000000000e+04,5.167500000000000000e+04,5.194000000000000000e+04,5.220500000000000000e+04,5.247000000000000000e+04,5.273500000000000000e+04,5.300000000000000000e+04,5.326500000000000000e+04,5.353000000000000000e+04,5.379500000000000000e+04,5.406000000000000000e+04,5.432500000000000000e+04,5.459000000000000000e+04,5.485500000000000000e+04,5.512000000000000000e+04,5.538500000000000000e+04,5.565000000000000000e+04,5.591500000000000000e+04,5.618000000000000000e+04,5.644500000000000000e+04,5.671000000000000000e+04,5.697500000000000000e+04,5.724000000000000000e+04,5.750500000000000000e+04,5.777000000000000000e+04,5.803500000000000000e+04,5.830000000000000000e+04,5.856500000000000000e+04,5.883000000000000000e+04,5.909500000000000000e+04,5.936000000000000000e+04,5.962500000000000000e+04,5.989000000000000000e+04,6.015500000000000000e+04,6.042000000000000000e+04,6.068500000000000000e+04,6.095000000000000000e+04,6.121500000000000000e+04,6.148000000000000000e+04,6.174500000000000000e+04,6.201000000000000000e+04,6.227500000000000000e+04,6.254000000000000000e+04,6.280500000000000000e+04,6.307000000000000000e+04,6.333500000000000000e+04,6.360000000000000000e+04,6.386500000000000000e+04,6.413000000000000000e+04,6.439500000000000000e+04,6.466000000000000000e+04,6.492500000000000000e+04,6.519000000000000000e+04,6.545500000000000000e+04,6.572000000000000000e+04,6.598500000000000000e+04,6.625000000000000000e+04,6.651500000000000000e+04,6.678000000000000000e+04,6.704500000000000000e+04,6.731000000000000000e+04,6.757500000000000000e+04,6.784000000000000000e+04,6.810500000000000000e+04,6.837000000000000000e+04,6.863500000000000000e+04,6.890000000000000000e+04,6.916500000000000000e+04,6.943000000000000000e+04,6.969500000000000000e+04,6.996000000000000000e+04,7.022500000000000000e+04,7.049000000000000000e+04,7.075500000000000000e+04,7.102000000000000000e+04,7.128500000000000000e+04,7.155000000000000000e+04,7.181500000000000000e+04,7.208000000000000000e+04,7.234500000000000000e+04,7.261000000000000000e+04,7.287500000000000000e+04,7.314000000000000000e+04,7.340500000000000000e+04,7.367000000000000000e+04,7.393500000000000000e+04,7.420000000000000000e+04,7.446500000000000000e+04,7.473000000000000000e+04,7.499500000000000000e+04,7.526000000000000000e+04,7.552500000000000000e+04,7.579000000000000000e+04,7.605500000000000000e+04,7.632000000000000000e+04,7.658500000000000000e+04,7.685000000000000000e+04,7.711500000000000000e+04,7.738000000000000000e+04,7.764500000000000000e+04,7.791000000000000000e+04,7.817500000000000000e+04,7.844000000000000000e+04,7.870500000000000000e+04,7.897000000000000000e+04,7.923500000000000000e+04
0.000000000000000000e+00,2.660000000000000000e+02,5.320000000000000000e+02,7.980000000000000000e+02,1.064000000000000000e+03,1.330000000000000000e+03,1.596000000000000000e+03,1.862000000000000000e+03,2.128000000000000000e+03,2.394000000000000000e+03,2.660000000000000000e+03,2.926000000000000000e+03,3.192000000000000000e+03,3.458000000000000000e+03,3.724000000000000000e+03,3.990000000000000000e+03,4.256000000000000000e+03,4.522000000000000000e+03,4.788000000000000000e+03,5.054000000000000000e+03,5.320000000000000000e+03,5.586000000000000000e+03,5.852000000000000000e+03,6.118000000000000000e+03,6.384000000000000000e+03,6.650000000000000000e+03,6.916000000000000000e+03,7.182000000000000000e+03,7.448000000000000000e+03,7.714000000000000000e+03,7.980000000000000000e+03,8.246000000000000000e+03,8.512000000000000000e+03,8.778000000000000000e+03,9.044000000000000000e+03,9.310000000000000000e+03,9.576000000000000000e+03,9.842000000000000000e+03,1.010800000000000000e+04,1.037400000000000000e+04,1.064000000000000000e+04,1.090600000000000000e+04,1.117200000000000000e+04,1.143800000000000000e+04,1.170400000000000000e+04,1.197000000000000000e+04,1.223600000000000000e+04,1.250200000000000000e+04,1.276800000000000000e+04,1.303400000000000000e+04,1.330000000000000000e+04,1.356600000000000000e+04,1.383200000000000000e+04,1.409800000000000000e+04,1.436400000000000000e+04,1.463000000000000000e+04,1.489600000000000000e+04,1.516200000000000000e+04,1.542800000000000000e+04,1.569400000000000000e+04,1.596000000000000000e+04,1.622600000000000000e+04,1.649200000000000000e+04,1.675800000000000000e+04,1.702400000000000000e+04,1.729000000000000000e+04,1.755600000000000000e+04,1.782200000000000000e+04,1.808800000000000000e+04,1.835400000000000000e+04,1.862000000000000000e+04,1.888600000000000000e+04,1.915200000000000000e+04,1.941800000000000000e+04,1.968400000000000000e+04,1.995000000000000000e+04,2.021600000000000000e+04,2.048200000000000000e+04,2.074800000000000000e+04,2.101400000000000000e+04,2.128000000000000000e+04,2.154600000000000000e+04,2.181200000000000000e+04,2.207800000000000000e+04,2.234400000000000000e+04,2.261000000000000000e+04,2.287600000000000000e+04,2.314200000000000000e+04,2.340800000000000000e+04,2.367400000000000000e+04,2.394000000000000000e+04,2.420600000000000000e+04,2.447200000000000000e+04,2.473800000000000000e+04,2.500400000000000000e+04,2.527000000000000000e+04,2.553600000000000000e+04,2.580200000000000000e+04,2.606800000000000000e+04,2.633400000000000000e+04,2.660000000000000000e+04,2.686600000000000000e+04,2.713200000000000000e+04,2.739800000000000000e+04,2.766400000000000000e+04,2.793000000000000000e+04,2.819600000000000000e+04,2.846200000000000000e+04,2.872800000000000000e+04,2.899400000000000000e+04,2.926000000000000000e+04,2.952600000000000000e+04,2.979200000000000000e+04,3.005800000000000000e+04,3.032400000000000000e+04,3.059000000000000000e+04,3.085600000000000000e+04,3.112200000000000000e+04,3.138800000000000000e+04,3.165400000000000000e+04,3.192000000000000000e+04,3.218600000000000000e+04,3.245200000000000000e+04,3.271800000000000000e+04,3.298400000000000000e+04,3.325000000000000000e+04,3.351600000000000000e+04,3.378200000000000000e+04,3.404800000000000000e+04,3.431400000000000000e+04,3.458000000000000000e+04,3.484600000000000000e+04,3.511200000000000000e+04,3.537800000000000000e+04,3.564400000000000000e+04,3.591000000000000000e+04,3.617600000000000000e+04,3.644200000000000000e+04,3.670800000000000000e+04,3.697400000000000000e+04,3.724000000000000000e+04,3.750600000000000000e+04,3.777200000000000000e+04,3.803800000000000000e+04,3.830400000000000000e+04,3.857000000000000000e+04,3.883600000000000000e+04,3.910200000000000000e+04,3.936800000000000000e+04,3.963400000000000000e+04,3.990000000000000000e+04,4.016600000000000000e+04,4.043200000000000000e+04,4.069800000000000000e+04,4.096400000000000000e+04,4.123000000000000000e+04,4.149600000000000000e+04,4.176200000000000000e+04,4.202800000000000000e+04,4.229400000000000000e+04,4.256000000000000000e+04,4.282600000000000000e+04,4.309200000000000000e+04,4.335800000000000000e+04,4.362400000000000000e+04,4.389000000000000000e+04,4.415600000000000000e+04,4.442200000000000000e+04,4.468800000000000000e+04,4.495400000000000000e+04,4.522000000000000000e+04,4.548600000000000000e+04,4.575200000000000000e+04,4.601800000000000000e+04,4.628400000000000000e+04,4.655000000000000000e+04,4.681600000000000000e+04,4.708200000000000000e+04,4.734800000000000000e+04,4.761400000000000000e+04,4.788000000000000000e+04,4.814600000000000000e+04,4.841200000000000000e+04,4.867800000000000000e+04,4.894400000000000000e+04,4.921000000000000000e+04,4.947600000000000000e+04,4.974200000000000000e+04,5.000800000000000000e+04,5.027400000000000000e+04,5.054000000000000000e+04,5.080600000000000000e+04,5.107200000000000000e+04,5.133800000000000000e+04,5.160400000000000000e+04,5.187000000000000000e+04,5.213600000000000000e+04,5.240200000000000000e+04,5.266800000000000000e+04,5.293400000000000000e+04,5.320000000000000000e+04,5.346600000000000000e+04,5.373200000000000000e+04,5.399800000000000000e+04,5.426400000000000000e+04,5.453000000000000000e+04,5.479600000000000000e+04,5.506200000000000000e+04,5.532800000000000000e+04,5.559400000000000000e+04,5.586000000000000000e+04,5.612600000000000000e+04,5.639200000000000000e+04,5.665800000000000000e+04,5.692400000000000000e+04,5.719000000000000000e+04,5.745600000000000000e+04,5.772200000000000000e+04,5.798800000000000000e+04,5.825400000000000000e+04,5.852000000000000000e+04,5.878600000000000000e+04,5.905200000000000000e+04,5.931800000000000000e+04,5.958400000000000000e+04,5.985000000000000000e+04,6.011600000000000000e+04,6.038200000000000000e+04,6.064800000000000000e+04,6.091400000000000000e+04,6.118000000000000000e+04,6.144600000000000000e+04,6.171200000000000000e+04,6.197800000000000000e+04,6.224400000000000000e+04,6.251000000000000000e+04,6.277600000000000000e+04,6.304200000000000000e+04,6.330800000000000000e+04,6.357400000000000000e+04,6.384000000000000000e+04,6.410600000000000000e+04,6.437200000000000000e+04,6.463800000000000000e+04,6.490400000000000000e+04,6.517000000000000000e+04,6.543600000000000000e+04,6.570200000000000000e+04,6.596800000000000000e+04,6.623400000000000000e+04,6.650000000000000000e+04,6.676600000000000000e+04,6.703200000000000000e+04,6.729800000000000000e+04,6.756400000000000000e+04,6.783000000000000000e+04,6.809600000000000000e+04,6.836200000000000000e+04,6.862800000000000000e+04,6.889400000000000000e+04,6.916000000000000000e+04,6.942600000000000000e+04,6.969200000000000000e+04,6.995800000000000000e+04,7.022400000000000000e+04,7.049000000000000000e+04,7.075600000000000000e+04,7.102200000000000000e+04,7.128800000000000000e+04,7.155400000000000000e+04,7.182000000000000000e+04,7.208600000000000000e+04,7.235200000000000000e+04,7.261800000000000000e+04,7.288400000000000000e+04,7.315000000000000000e+04,7.341600000000000000e+04,7.368200000000000000e+04,7.394800000000000000e+04,7.421400000000000000e+04,7.448000000000000000e+04,7.474600000000000000e+04,7.501200000000000000e+04,7.527800000000000000e+04,7.554400000000000000e+04,7.581000000000000000e+04,7.607600000000000000e+04,7.634200000000000000e+04,7.660800000000000000e+04,7.687400000000000000e+04,7.714000000000000000e+04,7.740600000000000000e+04,7.767200000000000000e+04,7.793800000000000000e+04,7.820400000000000000e+04,7.847000000000000000e+04,7.873600000000000000e+04,7.900200000000000000e+04,7.926800000000000000e+04,7.953400000000000000e+04
0.000000000000000000e+00,2.670000000000000000e+02,5.340000000000000000e+02,8.010000000000000000e+02,1.068000000000000000e+03,1.335000000000000000e+03,1.602000000000000000e+03,1.869000000000000000e+03,2.136000000000000000e+03,2.403000000000000000e+03,2.670000000000000000e+03,2.937000000000000000e+03,3.204000000000000000e+03,3.471000000000000000e+03,3.738000000000000000e+03,4.005000000000000000e+03,4.272000000000000000e+03,4.539000000000000000e+03,4.806000000000000000e+03,5.073000000000000000e+03,5.340000000000000000e+03,5.607000000000000000e+03,5.874000000000000000e+03,6.141000000000000000e+03,6.408000000000000000e+03,6.675000000000000000e+03,6.942000000000000000e+03,7.209000000000000000e+03,7.476000000000000000e+03,7.743000000000000000e+03,8.010000000000000000e+03,8.277000000000000000e+03,8.544000000000000000e+03,8.811000000000000000e+03,9.078000000000000000e+03,9.345000000000000000e+03,9.612000000000000000e+03,9.879000000000000000e+03,1.014600000000000000e+04,1.041300000000000000e+04,1.068000000000000000e+04,1.094700000000000000e+04,1.121400000000000000e+04,1.148100000000000000e+04,1.174800000000000000e+04,1.201500000000000000e+04,1.228200000000000000e+04,1.254900000000000000e+04,1.281600000000000000e+04,1.308300000000000000e+04,1.335000000000000000e+04,1.361700000000000000e+04,1.388400000000000000e+04,1.415100000000000000e+04,1.441800000000000000e+04,1.468500000000000000e+04,1.495200000000000000e+04,1.521900000000000000e+04,1.548600000000000000e+04,1.575300000000000000e+04,1.602000000000000000e+04,1.628700000000000000e+04,1.655400000000000000e+04,1.682100000000000000e+04,1.708800000000000000e+04,1.735500000000000000e+04,1.762200000000000000e+04,1.788900000000000000e+04,1.815600000000000000e+04,1.842300000000000000e+04,1.869000000000000000e+04,1.895700000000000000e+04,1.922400000000000000e+04,1.949100000000000000e+04,1.975800000000000000e+04,2.002500000000000000e+04,2.029200000000000000e+04,2.055900000000000000e+04,2.082600000000000000e+04,2.109300000000000000e+04,2.136000000000000000e+04,2.162700000000000000e+04,2.189400000000000000e+04,2.216100000000000000e+04,2.242800000000000000e+04,2.269500000000000000e+04,2.296200000000000000e+04,2.322900000000000000e+04,2.349600000000000000e+04,2.376300000000000000e+04,2.403000000000000000e+04,2.429700000000000000e+04,2.456400000000000000e+04,2.483100000000000000e+04,2.509800000000000000e+04,2.536500000000000000e+04,2.563200000000000000e+04,2.589900000000000000e+04,2.616600000000000000e+04,2.643300000000000000e+04,2.670000000000000000e+04,2.696700000000000000e+04,2.723400000000000000e+04,2.750100000000000000e+04,2.776800000000000000e+04,2.803500000000000000e+04,2.830200000000000000e+04,2.856900000000000000e+04,2.883600000000000000e+04,2.910300000000000000e+04,2.937000000000000000e+04,2.963700000000000000e+04,2.990400000000000000e+04,3.017100000000000000e+04,3.043800000000000000e+04,3.070500000000000000e+04,3.097200000000000000e+04,3.123900000000000000e+04,3.150600000000000000e+04,3.177300000000000000e+04,3.204000000000000000e+04,3.230700000000000000e+04,3.257400000000000000e+04,3.284100000000000000e+04,3.310800000000000000e+04,3.337500000000000000e+04,3.364200000000000000e+04,3.390900000000000000e+04,3.417600000000000000e+04,3.444300000000000000e+04,3.471000000000000000e+04,3.497700000000000000e+04,3.524400000000000000e+04,3.551100000000000000e+04,3.577800000000000000e+04,3.604500000000000000e+04,3.631200000000000000e+04,3.657900000000000000e+04,3.684600000000000000e+04,3.711300000000000000e+04,3.738000000000000000e+04,3.764700000000000000e+04,3.791400000000000000e+04,3.818100000000000000e+04,3.844800000000000000e+04,3.871500000000000000e+04,3.898200000000000000e+04,3.924900000000000000e+04,3.951600000000000000e+04,3.978300000000000000e+04,4.005000000000000000e+04,4.031700000000000000e+04,4.058400000000000000e+04,4.085100000000000000e+04,4.111800000000000000e+04,4.138500000000000000e+04,4.165200000000000000e+04,4.191900000000000000e+04,4.218600000000000000e+04,4.245300000000000000e+04,4.272000000000000000e+04,4.298700000000000000e+04,4.325400000000000000e+04,4.352100000000000000e+04,4.378800000000000000e+04,4.405500000000000000e+04,4.432200000000000000e+04,4.458900000000000000e+04,4.485600000000000000e+04,4.512300000000000000e+04,4.539000000000000000e+04,4.565700000000000000e+04,4.592400000000000000e+04,4.619100000000000000e+04,4.645800000000000000e+04,4.672500000000000000e+04,4.699200000000000000e+04,4.725900000000000000e+04,4.752600000000000000e+04,4.779300000000000000e+04,4.806000000000000000e+04,4.832700000000000000e+04,4.859400000000000000e+04,4.886100000000000000e+04,4.912800000000000000e+04,4.939500000000000000e+04,4.966200000000000000e+04,4.992900000000000000e+04,5.019600000000000000e+04,5.046300000000000000e+04,5.073000000000000000e+04,5.099700000000000000e+04,5.126400000000000000e+04,5.153100000000000000e+04,5.179800000000000000e+04,5.206500000000000000e+04,5.233200000000000000e+04,5.259900000000000000e+04,5.286600000000000000e+04,5.313300000000000000e+04,5.340000000000000000e+04,5.366700000000000000e+04,5.393400000000000000e+04,5.420100000000000000e+04,5.446800000000000000e+04,5.473500000000000000e+04,5.500200000000000000e+04,5.526900000000000000e+04,5.553600000000000000e+04,5.580300000000000000e+04,5.607000000000000000e+04,5.633700000000000000e+04,5.660400000000000000e+04,5.687100000000000000e+04,5.713800000000000000e+04,5.740500000000000000e+04,5.767200000000000000e+04,5.793900000000000000e+04,5.820600000000000000e+04,5.847300000000000000e+04,5.874000000000000000e+04,5.900700000000000000e+04,5.927400000000000000e+04,5.954100000000000000e+04,5.980800000000000000e+04,6.007500000000000000e+04,6.034200000000000000e+04,6.060900000000000000e+04,6.087600000000000000e+04,6.114300000000000000e+04,6.141000000000000000e+04,6.167700000000000000e+04,6.194400000000000000e+04,6.221100000000000000e+04,6.247800000000000000e+04,6.274500000000000000e+04,6.301200000000000000e+04,6.327900000000000000e+04,6.354600000000000000e+04,6.381300000000000000e+04,6.408000000000000000e+04,6.434700000000000000e+04,6.461400000000000000e+04,6.488100000000000000e+04,6.514800000000000000e+04,6.541500000000000000e+04,6.568200000000000000e+04,6.594900000000000000e+04,6.621600000000000000e+04,6.648300000000000000e+04,6.675000000000000000e+04,6.701700000000000000e+04,6.728400000000000000e+04,6.755100000000000000e+04,6.781800000000000000e+04,6.808500000000000000e+04,6.835200000000000000e+04,6.861900000000000000e+04,6.888600000000000000e+04,6.915300000000000000e+04,6.942000000000000000e+04,6.968700000000000000e+04,6.995400000000000000e+04,7.022100000000000000e+04,7.048800000000000000e+04,7.075500000000000000e+04,7.102200000000000000e+04,7.128900000000000000e+04,7.155600000000000000e+04,7.182300000000000000e+04,7.209000000000000000e+04,7.235700000000000000e+04,7.262400000000000000e+04,7.289100000000000000e+04,7.315800000000000000e+04,7.342500000000000000e+04,7.369200000000000000e+04,7.395900000000000000e+04,7.422600000000000000e+04,7.449300000000000000e+04,7.476000000000000000e+04,7.502700000000000000e+04,7.529400000000000000e+04,7.556100000000000000e+04,7.582800000000000000e+04,7.609500000000000000e+04,7.636200000000000000e+04,7.662900000000000000e+04,7.689600000000000000e+04,7.716300000000000000e+04,7.743000000000000000e+04,7.769700000000000000e+04,7.796400000000000000e+04,7.823100000000000000e+04,7.849800000000000000e+04,7.876500000000000000e+04,7.903200000000000000e+04,7.929900000000000000e+04,7.956600000000000000e+04,7.983300000000000000e+04
0.000000000000000000e+00,2.680000000000000000e+02,5.360000000000000000e+02,8.040000000000000000e+02,1.072000000000000000e+03,1.340000000000000000e+03,1.608000000000000000e+03,1.876000000000000000e+03,2.144000000000000000e+03,2.412000000000000000e+03,2.680000000000000000e+03,2.948000000000000000e+03,3.216000000000000000e+03,3.484000000000000000e+03,3.752000000000000000e+03,4.020000000000000000e+03,4.288000000000000000e+03,4.556000000000000000e+03,4.824000000000000000e+03,5.092000000000000000e+03,5.360000000000000000e+03,5.628000000000000000e+03,5.896000000000000000e+03,6.164000000000000000e+03,6.432000000000000000e+03,6.700000000000000000e+03,6.968000000000000000e+03,7.236000000000000000e+03,7.504000000000000000e+03,7.772000000000000000e+03,8.040000000000000000e+03,8.308000000000000000e+03,8.576000000000000000e+03,8.844000000000000000e+03,9.112000000000000000e+03,9.380000000000000000e+03,9.648000000000000000e+03,9.916000000000000000e+03,1.018400000000000000e+04,1.045200000000000000e+04,1.072000000000000000e+04,1.098800000000000000e+04,1.125600000000000000e+04,1.152400000000000000e+04,1.179200000000000000e+04,1.206000000000000000e+04,1.232800000000000000e+04,1.259600000000000000e+04,1.286400000000000000e+04,1.313200000000000000e+04,1.340000000000000000e+04,1.366800000000000000e+04,1.393600000000000000e+04,1.420400000000000000e+04,1.447200000000000000e+04,1.474000000000000000e+04,1.500800000000000000e+04,1.527600000000000000e+04,1.554400000000000000e+04,1.581200000000000000e+04,1.608000000000000000e+04,1.634800000000000000e+04,1.661600000000000000e+04,1.688400000000000000e+04,1.715200000000000000e+04,1.742000000000000000e+04,1.768800000000000000e+04,1.795600000000000000e+04,1.822400000000000000e+04,1.849200000000000000e+04,1.876000000000000000e+04,1.902800000000000000e+04,1.929600000000000000e+04,1.956400000000000000e+04,1.983200000000000000e+04,2.010000000000000000e+04,2.036800000000000000e+04,2.063600000000000000e+04,2.090400000000000000e+04,2.117200000000000000e+04,2.144000000000000000e+04,2.170800000000000000e+04,2.197600000000000000e+04,2.224400000000000000e+04,2.251200000000000000e+04,2.278000000000000000e+04,2.304800000000000000e+04,2.331600000000000000e+04,2.358400000000000000e+04,2.385200000000000000e+04,2.412000000000000000e+04,2.438800000000000000e+04,2.465600000000000000e+04,2.492400000000000000e+04,2.519200000000000000e+04,2.546000000000000000e+04,2.572800000000000000e+04,2.599600000000000000e+04,2.626400000000000000e+04,2.653200000000000000e+04,2.680000000000000000e+04,2.706800000000000000e+04,2.733600000000000000e+04,2.760400000000000000e+04,2.787200000000000000e+04,2.814000000000000000e+04,2.840800000000000000e+04,2.867600000000000000e+04,2.894400000000000000e+04,2.921200000000000000e+04,2.948000000000000000e+04,2.974800000000000000e+04,3.001600000000000000e+04,3.028400000000000000e+04,3.055200000000000000e+04,3.082000000000000000e+04,3.108800000000000000e+04,3.135600000000000000e+04,3.162400000000000000e+04,3.189200000000000000e+04,3.216000000000000000e+04,3.242800000000000000e+04,3.269600000000000000e+04,3.296400000000000000e+04,3.323200000000000000e+04,3.350000000000000000e+04,3.376800000000000000e+04,3.403600000000000000e+04,3.430400000000000000e+04,3.457200000000000000e+04,3.484000000000000000e+04,3.510800000000000000e+04,3.537600000000000000e+04,3.564400000000000000e+04,3.591200000000000000e+04,3.618000000000000000e+04,3.644800000000000000e+04,3.671600000000000000e+04,3.698400000000000000e+04,3.725200000000000000e+04,3.752000000000000000e+04,3.778800000000000000e+04,3.805600000000000000e+04,3.832400000000000000e+04,3.859200000000000000e+04,3.886000000000000000e+04,3.912800000000000000e+04,3.939600000000000000e+04,3.966400000000000000e+04,3.993200000000000000e+04,4.020000000000000000e+04,4.046800000000000000e+04,4.073600000000000000e+04,4.100400000000000000e+04,4.127200000000000000e+04,4.154000000000000000e+04,4.180800000000000000e+04,4.207600000000000000e+04,4.234400000000000000e+04,4.261200000000000000e+04,4.288000000000000000e+04,4.314800000000000000e+04,4.341600000000000000e+04,4.368400000000000000e+04,4.395200000000000000e+04,4.422000000000000000e+04,4.448800000000000000e+04,4.475600000000000000e+04,4.502400000000000000e+04,4.529200000000000000e+04,4.556000000000000000e+04,4.582800000000000000e+04,4.609600000000000000e+04,4.636400000000000000e+04,4.663200000000000000e+04,4.690000000000000000e+04,4.716800000000000000e+04,4.743600000000000000e+04,4.770400000000000000e+04,4.797200000000000000e+04,4.824000000000000000e+04,4.850800000000000000e+04,4.877600000000000000e+04,4.904400000000000000e+04,4.931200000000000000e+04,4.958000000000000000e+04,4.984800000000000000e+04,5.011600000000000000e+04,5.038400000000000000e+04,5.065200000000000000e+04,5.092000000000000000e+04,5.118800000000000000e+04,5.145600000000000000e+04,5.172400000000000000e+04,5.199200000000000000e+04,5.226000000000000000e+04,5.252800000000000000e+04,5.279600000000000000e+04,5.306400000000000000e+04,5.333200000000000000e+04,5.360000000000000000e+04,5.386800000000000000e+04,5.413600000000000000e+04,5.440400000000000000e+04,5.467200000000000000e+04,5.494000000000000000e+04,5.520800000000000000e+04,5.547600000000000000e+04,5.574400000000000000e+04,5.601200000000000000e+04,5.628000000000000000e+04,5.654800000000000000e+04,5.681600000000000000e+04,5.708400000000000000e+04,5.735200000000000000e+04,5.762000000000000000e+04,5.788800000000000000e+04,5.815600000000000000e+04,5.842400000000000000e+04,5.869200000000000000e+04,5.896000000000000000e+04,5.922800000000000000e+04,5.949600000000000000e+04,5.976400000000000000e+04,6.003200000000000000e+04,6.030000000000000000e+04,6.056800000000000000e+04,6.083600000000000000e+04,6.110400000000000000e+04,6.137200000000000000e+04,6.164000000000000000e+04,6.190800000000000000e+04,6.217600000000000000e+04,6.244400000000000000e+04,6.271200000000000000e+04,6.298000000000000000e+04,6.324800000000000000e+04,6.351600000000000000e+04,6.378400000000000000e+04,6.405200000000000000e+04,6.432000000000000000e+04,6.458800000000000000e+04,6.485600000000000000e+04,6.512400000000000000e+04,6.539200000000000000e+04,6.566000000000000000e+04,6.592800000000000000e+04,6.619600000000000000e+04,6.646400000000000000e+04,6.673200000000000000e+04,6.700000000000000000e+04,6.726800000000000000e+04,6.753600000000000000e+04,6.780400000000000000e+04,6.807200000000000000e+04,6.834000000000000000e+04,6.860800000000000000e+04,6.887600000000000000e+04,6.914400000000000000e+04,6.941200000000000000e+04,6.968000000000000000e+04,6.994800000000000000e+04,7.021600000000000000e+04,7.048400000000000000e+04,7.075200000000000000e+04,7.102000000000000000e+04,7.128800000000000000e+04,7.155600000000000000e+04,7.182400000000000000e+04,7.209200000000000000e+04,7.236000000000000000e+04,7.262800000000000000e+04,7.289600000000000000e+04,7.316400000000000000e+04,7.343200000000000000e+04,7.370000000000000000e+04,7.396800000000000000e+04,7.423600000000000000e+04,7.450400000000000000e+04,7.477200000000000000e+04,7.504000000000000000e+04,7.530800000000000000e+04,7.557600000000000000e+04,7.584400000000000000e+04,7.611200000000000000e+04,7.638000000000000000e+04,7.664800000000000000e+04,7.691600000000000000e+04,7.718400000000000000e+04,7.745200000000000000e+04,7.772000000000000000e+04,7.798800000000000000e+04,7.825600000000000000e+04,7.852400000000000000e+04,7.879200000000000000e+04,7.906000000000000000e+04,7.932800000000000000e+04,7.959600000000000000e+04,7.986400000000000000e+04,8.013200000000000000e+04
0.000000000000000000e+00,2.690000000000000000e+02,5.380000000000000000e+02,8.070000000000000000e+02,1.076000000000000000e+03,1.345000000000000000e+03,1.614000000000000000e+03,1.883000000000000000e+03,2.152000000000000000e+03,2.421000000000000000e+03,2.690000000000000000e+03,2.959000000000000000e+03,3.228000000000000000e+03,3.497000000000000000e+03,3.766000000000000000e+03,4.035000000000000000e+03,4.304000000000000000e+03,4.573000000000000000e+03,4.842000000000000000e+03,5.111000000000000000e+03,5.380000000000000000e+03,5.649000000000000000e+03,5.918000000000000000e+03,6.187000000000000000e+03,6.456000000000000000e+03,6.725000000000000000e+03,6.994000000000000000e+03,7.263000000000000000e+03,7.532000000000000000e+03,7.801000000000000000e+03,8.070000000000000000e+03,8.339000000000000000e+03,8.608000000000000000e+03,8.877000000000000000e+03,9.146000000000000000e+03,9.415000000000000000e+03,9.684000000000000000e+03,9.953000000000000000e+03,1.022200000000000000e+04,1.049100000000000000e+04,1.076000000000000000e+04,1.102900000000000000e+04,1.129800000000000000e+04,1.156700000000000000e+04,1.183600000000000000e+04,1.210500000000000000e+04,1.237400000000000000e+04,1.264300000000000000e+04,1.291200000000000000e+04,1.318100000000000000e+04,1.345000000000000000e+04,1.371900000000000000e+04,1.398800000000000000e+04,1.425700000000000000e+04,1.452600000000000000e+04,1.479500000000000000e+04,1.506400000000000000e+04,1.533300000000000000e+04,1.560200000000000000e+04,1.587100000000000000e+04,1.614000000000000000e+04,1.640900000000000000e+04,1.667800000000000000e+04,1.694700000000000000e+04,1.721600000000000000e+04,1.748500000000000000e+04,1.775400000000000000e+04,1.802300000000000000e+04,1.829200000000000000e+04,1.856100000000000000e+04,1.883000000000000000e+04,1.909900000000000000e+04,1.936800000000000000e+04,1.963700000000000000e+04,1.990600000000000000e+04,2.017500000000000000e+04,2.044400000000000000e+04,2.071300000000000000e+04,2.098200000000000000e+04,2.125100000000000000e+04,2.152000000000000000e+04,2.178900000000000000e+04,2.205800000000000000e+04,2.232700000000000000e+04,2.259600000000000000e+04,2.286500000000000000e+04,2.313400000000000000e+04,2.340300000000000000e+04,2.367200000000000000e+04,2.394100000000000000e+04,2.421000000000000000e+04,2.447900000000000000e+04,2.474800000000000000e+04,2.501700000000000000e+04,2.528600000000000000e+04,2.555500000000000000e+04,2.582400000000000000e+04,2.609300000000000000e+04,2.636200000000000000e+04,2.663100000000000000e+04,2.690000000000000000e+04,2.716900000000000000e+04,2.743800000000000000e+04,2.770700000000000000e+04,2.797600000000000000e+04,2.824500000000000000e+04,2.851400000000000000e+04,2.878300000000000000e+04,2.905200000000000000e+04,2.932100000000000000e+04,2.959000000000000000e+04,2.985900000000000000e+04,3.012800000000000000e+04,3.039700000000000000e+04,3.066600000000000000e+04,3.093500000000000000e+04,3.120400000000000000e+04,3.147300000000000000e+04,3.174200000000000000e+04,3.201100000000000000e+04,3.228000000000000000e+04,3.254900000000000000e+04,3.281800000000000000e+04,3.308700000000000000e+04,3.335600000000000000e+04,3.362500000000000000e+04,3.389400000000000000e+04,3.416300000000000000e+04,3.443200000000000000e+04,3.470100000000000000e+04,3.497000000000000000e+04,3.523900000000000000e+04,3.550800000000000000e+04,3.577700000000000000e+04,3.604600000000000000e+04,3.631500000000000000e+04,3.658400000000000000e+04,3.685300000000000000e+04,3.712200000000000000e+04,3.739100000000000000e+04,3.766000000000000000e+04,3.792900000000000000e+04,3.819800000000000000e+04,3.846700000000000000e+04,3.873600000000000000e+04,3.900500000000000000e+04,3.927400000000000000e+04,3.954300000000000000e+04,3.981200000000000000e+04,4.008100000000000000e+04,4.035000000000000000e+04,4.061900000000000000e+04,4.088800000000000000e+04,4.115700000000000000e+04,4.142600000000000000e+04,4.169500000000000000e+04,4.196400000000000000e+04,4.223300000000000000e+04,4.250200000000000000e+04,4.277100000000000000e+04,4.304000000000000000e+04,4.330900000000000000e+04,4.357800000000000000e+04,4.384700000000000000e+04,4.411600000000000000e+04,4.438500000000000000e+04,4.465400000000000000e+04,4.492300000000000000e+04,4.519200000000000000e+04,4.546100000000000000e+04,4.573000000000000000e+04,4.599900000000000000e+04,4.626800000000000000e+04,4.653700000000000000e+04,4.680600000000000000e+04,4.707500000000000000e+04,4.734400000000000000e+04,4.761300000000000000e+04,4.788200000000000000e+04,4.815100000000000000e+04,4.842000000000000000e+04,4.868900000000000000e+04,4.895800000000000000e+04,4.922700000000000000e+04,4.949600000000000000e+04,4.976500000000000000e+04,5.003400000000000000e+04,5.030300000000000000e+04,5.057200000000000000e+04,5.084100000000000000e+04,5.111000000000000000e+04,5.137900000000000000e+04,5.164800000000000000e+04,5.191700000000000000e+04,5.218600000000000000e+04,5.245500000000000000e+04,5.272400000000000000e+04,5.299300000000000000e+04,5.326200000000000000e+04,5.353100000000000000e+04,5.380000000000000000e+04,5.406900000000000000e+04,5.433800000000000000e+04,5.460700000000000000e+04,5.487600000000000000e+04,5.514500000000000000e+04,5.541400000000000000e+04,5.568300000000000000e+04,5.595200000000000000e+04,5.622100000000000000e+04,5.649000000000000000e+04,5.675900000000000000e+04,5.702800000000000000e+04,5.729700000000000000e+04,5.756600000000000000e+04,5.783500000000000000e+04,5.810400000000000000e+04,5.837300000000000000e+04,5.864200000000000000e+04,5.891100000000000000e+04,5.918000000000000000e+04,5.944900000000000000e+04,5.971800000000000000e+04,5.998700000000000000e+04,6.025600000000000000e+04,6.052500000000000000e+04,6.079400000000000000e+04,6.106300000000000000e+04,6.133200000000000000e+04,6.160100000000000000e+04,6.187000000000000000e+04,6.213900000000000000e+04,6.240800000000000000e+04,6.267700000000000000e+04,6.294600000000000000e+04,6.321500000000000000e+04,6.348400000000000000e+04,6.375300000000000000e+04,6.402200000000000000e+04,6.429100000000000000e+04,6.456000000000000000e+04,6.482900000000000000e+04,6.509800000000000000e+04,6.536700000000000000e+04,6.563600000000000000e+04,6.590500000000000000e+04,6.617400000000000000e+04,6.644300000000000000e+04,6.671200000000000000e+04,6.698100000000000000e+04,6.725000000000000000e+04,6.751900000000000000e+04,6.778800000000000000e+04,6.805700000000000000e+04,6.832600000000000000e+04,6.859500000000000000e+04,6.886400000000000000e+04,6.913300000000000000e+04,6.940200000000000000e+04,6.967100000000000000e+04,6.994000000000000000e+04,7.020900000000000000e+04,7.047800000000000000e+04,7.074700000000000000e+04,7.101600000000000000e+04,7.128500000000000000e+04,7.155400000000000000e+04,7.182300000000000000e+04,7.209200000000000000e+04,7.236100000000000000e+04,7.263000000000000000e+04,7.289900000000000000e+04,7.316800000000000000e+04,7.343700000000000000e+04,7.370600000000000000e+04,7.397500000000000000e+04,7.424400000000000000e+04,7.451300000000000000e+04,7.478200000000000000e+04,7.505100000000000000e+04,7.532000000000000000e+04,7.558900000000000000e+04,7.585800000000000000e+04,7.612700000000000000e+04,7.639600000000000000e+04,7.666500000000000000e+04,7.693400000000000000e+04,7.720300000000000000e+04,7.747200000000000000e+04,7.774100000000000000e+04,7.801000000000000000e+04,7.827900000000000000e+04,7.854800000000000000e+04,7.881700000000000000e+04,7.908600000000000000e+04,7.935500000000000000e+04,7.962400000000000000e+04,7.989300000000000000e+04,8.016200000000000000e+04,8.043100000000000000e+04
0.000000000000000000e+00,2.700000000000000000e+02,5.400000000000000000e+02,8.100000000000000000e+02,1.080000000000000000e+03,1.350000000000000000e+03,1.620000000000000000e+03,1.890000000000000000e+03,2.160000000000000000e+03,2.430000000000000000e+03,2.700000000000000000e+03,2.970000000000000000e+03,3.240000000000000000e+03,3.510000000000000000e+03,3.780000000000000000e+03,4.050000000000000000e+03,4.320000000000000000e+03,4.590000000000000000e+03,4.860000000000000000e+03,5.130000000000000000e+03,5.400000000000000000e+03,5.670000000000000000e+03,5.940000000000000000e+03,6.210000000000000000e+03,6.480000000000000000e+03,6.750000000000000000e+03,7.020000000000000000e+03,7.290000000000000000e+03,7.560000000000000000e+03,7.830000000000000000e+03,8.100000000000000000e+03,8.370000000000000000e+03,8.640000000000000000e+03,8.910000000000000000e+03,9.180000000000000000e+03,9.450000000000000000e+03,9.720000000000000000e+03,9.990000000000000000e+03,1.026000000000000000e+04,1.053000000000000000e+04,1.080000000000000000e+04,1.107000000000000000e+04,1.134000000000000000e+04,1.161000000000000000e+04,1.188000000000000000e+04,1.215000000000000000e+04,1.242000000000000000e+04,1.269000000000000000e+04,1.296000000000000000e+04,1.323000000000000000e+04,1.350000000000000000e+04,1.377000000000000000e+04,1.404000000000000000e+04,1.431000000000000000e+04,1.458000000000000000e+04,1.485000000000000000e+04,1.512000000000000000e+04,1.539000000000000000e+04,1.566000000000000000e+04,1.593000000000000000e+04,1.620000000000000000e+04,1.647000000000000000e+04,1.674000000000000000e+04,1.701000000000000000e+04,1.728000000000000000e+04,1.755000000000000000e+04,1.782000000000000000e+04,1.809000000000000000e+04,1.836000000000000000e+04,1.863000000000000000e+04,1.890000000000000000e+04,1.917000000000000000e+04,1.944000000000000000e+04,1.971000000000000000e+04,1.998000000000000000e+04,2.025000000000000000e+04,2.052000000000000000e+04,2.079000000000000000e+04,2.106000000000000000e+04,2.133000000000000000e+04,2.160000000000000000e+04,2.187000000000000000e+04,2.214000000000000000e+04,2.241000000000000000e+04,2.268000000000000000e+04,2.295000000000000000e+04,2.322000000000000000e+04,2.349000000000000000e+04,2.376000000000000000e+04,2.403000000000000000e+04,2.430000000000000000e+04,2.457000000000000000e+04,2.484000000000000000e+04,2.511000000000000000e+04,2.538000000000000000e+04,2.565000000000000000e+04,2.592000000000000000e+04,2.619000000000000000e+04,2.646000000000000000e+04,2.673000000000000000e+04,2.700000000000000000e+04,2.727000000000000000e+04,2.754000000000000000e+04,2.781000000000000000e+04,2.808000000000000000e+04,2.835000000000000000e+04,2.862000000000000000e+04,2.889000000000000000e+04,2.916000000000000000e+04,2.943000000000000000e+04,2.970000000000000000e+04,2.997000000000000000e+04,3.024000000000000000e+04,3.051000000000000000e+04,3.078000000000000000e+04,3.105000000000000000e+04,3.132000000000000000e+04,3.159000000000000000e+04,3.186000000000000000e+04,3.213000000000000000e+04,3.240000000000000000e+04,3.267000000000000000e+04,3.294000000000000000e+04,3.321000000000000000e+04,3.348000000000000000e+04,3.375000000000000000e+04,3.402000000000000000e+04,3.429000000000000000e+04,3.456000000000000000e+04,3.483000000000000000e+04,3.510000000000000000e+04,3.537000000000000000e+04,3.564000000000000000e+04,3.591000000000000000e+04,3.618000000000000000e+04,3.645000000000000000e+04,3.672000000000000000e+04,3.699000000000000000e+04,3.726000000000000000e+04,3.753000000000000000e+04,3.780000000000000000e+04,3.807000000000000000e+04,3.834000000000000000e+04,3.861000000000000000e+04,3.888000000000000000e+04,3.915000000000000000e+04,3.942000000000000000e+04,3.969000000000000000e+04,3.996000000000000000e+04,4.023000000000000000e+04,4.050000000000000000e+04,4.077000000000000000e+04,4.104000000000000000e+04,4.131000000000000000e+04,4.158000000000000000e+04,4.185000000000000000e+04,4.212000000000000000e+04,4.239000000000000000e+04,4.266000000000000000e+04,4.293000000000000000e+04,4.320000000000000000e+04,4.347000000000000000e+04,4.374000000000000000e+04,4.401000000000000000e+04,4.428000000000000000e+04,4.455000000000000000e+04,4.482000000000000000e+04,4.509000000000000000e+04,4.536000000000000000e+04,4.563000000000000000e+04,4.590000000000000000e+04,4.617000000000000000e+04,4.644000000000000000e+04,4.671000000000000000e+04,4.698000000000000000e+04,4.725000000000000000e+04,4.752000000000000000e+04,4.779000000000000000e+04,4.806000000000000000e+04,4.833000000000000000e+04,4.860000000000000000e+04,4.887000000000000000e+04,4.914000000000000000e+04,4.941000000000000000e+04,4.968000000000000000e+04,4.995000000000000000e+04,5.022000000000000000e+04,5.049000000000000000e+04,5.076000000000000000e+04,5.103000000000000000e+04,5.130000000000000000e+04,5.157000000000000000e+04,5.184000000000000000e+04,5.211000000000000000e+04,5.238000000000000000e+04,5.265000000000000000e+04,5.292000000000000000e+04,5.319000000000000000e+04,5.346000000000000000e+04,5.373000000000000000e+04,5.400000000000000000e+04,5.427000000000000000e+04,5.454000000000000000e+04,5.481000000000000000e+04,5.508000000000000000e+04,5.535000000000000000e+04,5.562000000000000000e+04,5.589000000000000000e+04,5.616000000000000000e+04,5.643000000000000000e+04,5.670000000000000000e+04,5.697000000000000000e+04,5.724000000000000000e+04,5.751000000000000000e+04,5.778000000000000000e+04,5.805000000000000000e+04,5.832000000000000000e+04,5.859000000000000000e+04,5.886000000000000000e+04,5.913000000000000000e+04,5.940000000000000000e+04,5.967000000000000000e+04,5.994000000000000000e+04,6.021000000000000000e+04,6.048000000000000000e+04,6.075000000000000000e+04,6.102000000000000000e+04,6.129000000000000000e+04,6.156000000000000000e+04,6.183000000000000000e+04,6.210000000000000000e+04,6.237000000000000000e+04,6.264000000000000000e+04,6.291000000000000000e+04,6.318000000000000000e+04,6.345000000000000000e+04,6.372000000000000000e+04,6.399000000000000000e+04,6.426000000000000000e+04,6.453000000000000000e+04,6.480000000000000000e+04,6.507000000000000000e+04,6.534000000000000000e+04,6.561000000000000000e+04,6.588000000000000000e+04,6.615000000000000000e+04,6.642000000000000000e+04,6.669000000000000000e+04,6.696000000000000000e+04,6.723000000000000000e+04,6.750000000000000000e+04,6.777000000000000000e+04,6.804000000000000000e+04,6.831000000000000000e+04,6.858000000000000000e+04,6.885000000000000000e+04,6.912000000000000000e+04,6.939000000000000000e+04,6.966000000000000000e+04,6.993000000000000000e+04,7.020000000000000000e+04,7.047000000000000000e+04,7.074000000000000000e+04,7.101000000000000000e+04,7.128000000000000000e+04,7.155000000000000000e+04,7.182000000000000000e+04,7.209000000000000000e+04,7.236000000000000000e+04,7.263000000000000000e+04,7.290000000000000000e+04,7.317000000000000000e+04,7.344000000000000000e+04,7.371000000000000000e+04,7.398000000000000000e+04,7.425000000000000000e+04,7.452000000000000000e+04,7.479000000000000000e+04,7.506000000000000000e+04,7.533000000000000000e+04,7.560000000000000000e+04,7.587000000000000000e+04,7.614000000000000000e+04,7.641000000000000000e+04,7.668000000000000000e+04,7.695000000000000000e+04,7.722000000000000000e+04,7.749000000000000000e+04,7.776000000000000000e+04,7.803000000000000000e+04,7.830000000000000000e+04,7.857000000000000000e+04,7.884000000000000000e+04,7.911000000000000000e+04,7.938000000000000000e+04,7.965000000000000000e+04,7.992000000000000000e+04,8.019000000000000000e+04,8.046000000000000000e+04,8.073000000000000000e+04
0.000000000000000000e+00,2.710000000000000000e+02,5.420000000000000000e+02,8.130000000000000000e+02,1.084000000000000000e+03,1.355000000000000000e+03,1.626000000000000000e+03,1.897000000000000000e+03,2.168000000000000000e+03,2.439000000000000000e+03,2.710000000000000000e+03,2.981000000000000000e+03,3.252000000000000000e+03,3.523000000000000000e+03,3.794000000000000000e+03,4.065000000000000000e+03,4.336000000000000000e+03,4.607000000000000000e+03,4.878000000000000000e+03,5.149000000000000000e+03,5.420000000000000000e+03,5.691000000000000000e+03,5.962000000000000000e+03,6.233000000000000000e+03,6.504000000000000000e+03,6.775000000000000000e+03,7.046000000000000000e+03,7.317000000000000000e+03,7.588000000000000000e+03,7.859000000000000000e+03,8.130000000000000000e+03,8.401000000000000000e+03,8.672000000000000000e+03,8.943000000000000000e+03,9.214000000000000000e+03,9.485000000000000000e+03,9.756000000000000000e+03,1.002700000000000000e+04,1.029800000000000000e+04,1.056900000000000000e+04,1.084000000000000000e+04,1.111100000000000000e+04,1.138200000000000000e+04,1.165300000000000000e+04,1.192400000000000000e+04,1.219500000000000000e+04,1.246600000000000000e+04,1.273700000000000000e+04,1.300800000000000000e+04,1.327900000000000000e+04,1.355000000000000000e+04,1.382100000000000000e+04,1.409200000000000000e+04,1.436300000000000000e+04,1.463400000000000000e+04,1.490500000000000000e+04,1.517600000000000000e+04,1.544700000000000000e+04,1.571800000000000000e+04,1.598900000000000000e+04,1.626000000000000000e+04,1.653100000000000000e+04,1.680200000000000000e+04,1.707300000000000000e+04,1.734400000000000000e+04,1.761500000000000000e+04,1.788600000000000000e+04,1.815700000000000000e+04,1.842800000000000000e+04,1.869900000000000000e+04,1.897000000000000000e+04,1.924100000000000000e+04,1.951200000000000000e+04,1.978300000000000000e+04,2.005400000000000000e+04,2.032500000000000000e+04,2.059600000000000000e+04,2.086700000000000000e+04,2.113800000000000000e+04,2.140900000000000000e+04,2.168000000000000000e+04,2.195100000000000000e+04,2.222200000000000000e+04,2.249300000000000000e+04,2.276400000000000000e+04,2.303500000000000000e+04,2.330600000000000000e+04,2.357700000000000000e+04,2.384800000000000000e+04,2.411900000000000000e+04,2.439000000000000000e+04,2.466100000000000000e+04,2.493200000000000000e+04,2.520300000000000000e+04,2.547400000000000000e+04,2.574500000000000000e+04,2.601600000000000000e+04,2.628700000000000000e+04,2.655800000000000000e+04,2.682900000000000000e+04,2.710000000000000000e+04,2.737100000000000000e+04,2.764200000000000000e+04,2.791300000000000000e+04,2.818400000000000000e+04,2.845500000000000000e+04,2.872600000000000000e+04,2.899700000000000000e+04,2.926800000000000000e+04,2.953900000000000000e+04,2.981000000000000000e+04,3.008100000000000000e+04,3.035200000000000000e+04,3.062300000000000000e+04,3.089400000000000000e+04,3.116500000000000000e+04,3.143600000000000000e+04,3.170700000000000000e+04,3.197800000000000000e+04,3.224900000000000000e+04,3.252000000000000000e+04,3.279100000000000000e+04,3.306200000000000000e+04,3.333300000000000000e+04,3.360400000000000000e+04,3.387500000000000000e+04,3.414600000000000000e+04,3.441700000000000000e+04,3.468800000000000000e+04,3.495900000000000000e+04,3.523000000000000000e+04,3.550100000000000000e+04,3.577200000000000000e+04,3.604300000000000000e+04,3.631400000000000000e+04,3.658500000000000000e+04,3.685600000000000000e+04,3.712700000000000000e+04,3.739800000000000000e+04,3.766900000000000000e+04,3.794000000000000000e+04,3.821100000000000000e+04,3.848200000000000000e+04,3.875300000000000000e+04,3.902400000000000000e+04,3.929500000000000000e+04,3.956600000000000000e+04,3.983700000000000000e+04,4.010800000000000000e+04,4.037900000000000000e+04,4.065000000000000000e+04,4.092100000000000000e+04,4.119200000000000000e+04,4.146300000000000000e+04,4.173400000000000000e+04,4.200500000000000000e+04,4.227600000000000000e+04,4.254700000000000000e+04,4.281800000000000000e+04,4.308900000000000000e+04,4.336000000000000000e+04,4.363100000000000000e+04,4.390200000000000000e+04,4.417300000000000000e+04,4.444400000000000000e+04,4.471500000000000000e+04,4.498600000000000000e+04,4.525700000000000000e+04,4.552800000000000000e+04,4.579900000000000000e+04,4.607000000000000000e+04,4.634100000000000000e+04,4.661200000000000000e+04,4.688300000000000000e+04,4.715400000000000000e+04,4.742500000000000000e+04,4.769600000000000000e+04,4.796700000000000000e+04,4.823800000000000000e+04,4.850900000000000000e+04,4.878000000000000000e+04,4.905100000000000000e+04,4.932200000000000000e+04,4.959300000000000000e+04,4.986400000000000000e+04,5.013500000000000000e+04,5.040600000000000000e+04,5.067700000000000000e+04,5.094800000000000000e+04,5.121900000000000000e+04,5.149000000000000000e+04,5.176100000000000000e+04,5.203200000000000000e+04,5.230300000000000000e+04,5.257400000000000000e+04,5.284500000000000000e+04,5.311600000000000000e+04,5.338700000000000000e+04,5.365800000000000000e+04,5.392900000000000000e+04,5.420000000000000000e+04,5.447100000000000000e+04,5.474200000000000000e+04,5.501300000000000000e+04,5.528400000000000000e+04,5.555500000000000000e+04,5.582600000000000000e+04,5.609700000000000000e+04,5.636800000000000000e+04,5.663900000000000000e+04,5.691000000000000000e+04,5.718100000000000000e+04,5.745200000000000000e+04,5.772300000000000000e+04,5.799400000000000000e+04,5.826500000000000000e+04,5.853600000000000000e+04,5.880700000000000000e+04,5.907800000000000000e+04,5.934900000000000000e+04,5.962000000000000000e+04,5.989100000000000000e+04,6.016200000000000000e+04,6.043300000000000000e+04,6.070400000000000000e+04,6.097500000000000000e+04,6.124600000000000000e+04,6.151700000000000000e+04,6.178800000000000000e+04,6.205900000000000000e+04,6.233000000000000000e+04,6.260100000000000000e+04,6.287200000000000000e+04,6.314300000000000000e+04,6.341400000000000000e+04,6.368500000000000000e+04,6.395600000000000000e+04,6.422700000000000000e+04,6.449800000000000000e+04,6.476900000000000000e+04,6.504000000000000000e+04,6.531100000000000000e+04,6.558200000000000000e+04,6.585300000000000000e+04,6.612400000000000000e+04,6.639500000000000000e+04,6.666600000000000000e+04,6.693700000000000000e+04,6.720800000000000000e+04,6.747900000000000000e+04,6.775000000000000000e+04,6.802100000000000000e+04,6.829200000000000000e+04,6.856300000000000000e+04,6.883400000000000000e+04,6.910500000000000000e+04,6.937600000000000000e+04,6.964700000000000000e+04,6.991800000000000000e+04,7.018900000000000000e+04,7.046000000000000000e+04,7.073100000000000000e+04,7.100200000000000000e+04,7.127300000000000000e+04,7.154400000000000000e+04,7.181500000000000000e+04,7.208600000000000000e+04,7.235700000000000000e+04,7.262800000000000000e+04,7.289900000000000000e+04,7.317000000000000000e+04,7.344100000000000000e+04,7.371200000000000000e+04,7.398300000000000000e+04,7.425400000000000000e+04,7.452500000000000000e+04,7.479600000000000000e+04,7.506700000000000000e+04,7.533800000000000000e+04,7.560900000000000000e+04,7.588000000000000000e+04,7.615100000000000000e+04,7.642200000000000000e+04,7.669300000000000000e+04,7.696400000000000000e+04,7.723500000000000000e+04,7.750600000000000000e+04,7.777700000000000000e+04,7.804800000000000000e+04,7.831900000000000000e+04,7.859000000000000000e+04,7.886100000000000000e+04,7.913200000000000000e+04,7.940300000000000000e+04,7.967400000000000000e+04,7.994500000000000000e+04,8.021600000000000000e+04,8.048700000000000000e+04,8.075800000000000000e+04,8.102900000000000000e+04
0.000000000000000000e+00,2.720000000000000000e+02,5.440000000000000000e+02,8.160000000000000000e+02,1.088000000000000000e+03,1.360000000000000000e+03,1.632000000000000000e+03,1.904000000000000000e+03,2.176000000000000000e+03,2.448000000000000000e+03,2.720000000000000000e+03,2.992000000000000000e+03,3.264000000000000000e+03,3.536000000000000000e+03,3.808000000000000000e+03,4.080000000000000000e+03,4.352000000000000000e+03,4.624000000000000000e+03,4.896000000000000000e+03,5.168000000000000000e+03,5.440000000000000000e+03,5.712000000000000000e+03,5.984000000000000000e+03,6.256000000000000000e+03,6.528000000000000000e+03,6.800000000000000000e+03,7.072000000000000000e+03,7.344000000000000000e+03,7.616000000000000000e+03,7.888000000000000000e+03,8.160000000000000000e+03,8.432000000000000000e+03,8.704000000000000000e+03,8.976000000000000000e+03,9.248000000000000000e+03,9.520000000000000000e+03,9.792000000000000000e+03,1.006400000000000000e+04,1.033600000000000000e+04,1.060800000000000000e+04,1.088000000000000000e+04,1.115200000000000000e+04,1.142400000000000000e+04,1.169600000000000000e+04,1.196800000000000000e+04,1.224000000000000000e+04,1.251200000000000000e+04,1.278400000000000000e+04,1.305600000000000000e+04,1.332800000000000000e+04,1.360000000000000000e+04,1.387200000000000000e+04,1.414400000000000000e+04,1.441600000000000000e+04,1.468800000000000000e+04,1.496000000000000000e+04,1.523200000000000000e+04,1.550400000000000000e+04,1.577600000000000000e+04,1.604800000000000000e+04,1.632000000000000000e+04,1.659200000000000000e+04,1.686400000000000000e+04,1.713600000000000000e+04,1.740800000000000000e+04,1.768000000000000000e+04,1.795200000000000000e+04,1.822400000000000000e+04,1.849600000000000000e+04,1.876800000000000000e+04,1.904000000000000000e+04,1.931200000000000000e+04,1.958400000000000000e+04,1.985600000000000000e+04,2.012800000000000000e+04,2.040000000000000000e+04,2.067200000000000000e+04,2.094400000000000000e+04,2.121600000000000000e+04,2.148800000000000000e+04,2.176000000000000000e+04,2.203200000000000000e+04,2.230400000000000000e+04,2.257600000000000000e+04,2.284800000000000000e+04,2.312000000000000000e+04,2.339200000000000000e+04,2.366400000000000000e+04,2.393600000000000000e+04,2.420800000000000000e+04,2.448000000000000000e+04,2.475200000000000000e+04,2.502400000000000000e+04,2.529600000000000000e+04,2.556800000000000000e+04,2.584000000000000000e+04,2.611200000000000000e+04,2.638400000000000000e+04,2.665600000000000000e+04,2.692800000000000000e+04,2.720000000000000000e+04,2.747200000000000000e+04,2.774400000000000000e+04,2.801600000000000000e+04,2.828800000000000000e+04,2.856000000000000000e+04,2.883200000000000000e+04,2.910400000000000000e+04,2.937600000000000000e+04,2.964800000000000000e+04,2.992000000000000000e+04,3.019200000000000000e+04,3.046400000000000000e+04,3.073600000000000000e+04,3.100800000000000000e+04,3.128000000000000000e+04,3.155200000000000000e+04,3.182400000000000000e+04,3.209600000000000000e+04,3.236800000000000000e+04,3.264000000000000000e+04,3.291200000000000000e+04,3.318400000000000000e+04,3.345600000000000000e+04,3.372800000000000000e+04,3.400000000000000000e+04,3.427200000000000000e+04,3.454400000000000000e+04,3.481600000000000000e+04,3.508800000000000000e+04,3.536000000000000000e+04,3.563200000000000000e+04,3.590400000000000000e+04,3.617600000000000000e+04,3.644800000000000000e+04,3.672000000000000000e+04,3.699200000000000000e+04,3.726400000000000000e+04,3.753600000000000000e+04,3.780800000000000000e+04,3.808000000000000000e+04,3.835200000000000000e+04,3.862400000000000000e+04,3.889600000000000000e+04,3.916800000000000000e+04,3.944000000000000000e+04,3.971200000000000000e+04,3.998400000000000000e+04,4.025600000000000000e+04,4.052800000000000000e+04,4.080000000000000000e+04,4.107200000000000000e+04,4.134400000000000000e+04,4.161600000000000000e+04,4.188800000000000000e+04,4.216000000000000000e+04,4.243200000000000000e+04,4.270400000000000000e+04,4.297600000000000000e+04,4.324800000000000000e+04,4.352000000000000000e+04,4.379200000000000000e+04,4.406400000000000000e+04,4.433600000000000000e+04,4.460800000000000000e+04,4.488000000000000000e+04,4.515200000000000000e+04,4.542400000000000000e+04,4.569600000000000000e+04,4.596800000000000000e+04,4.624000000000000000e+04,4.651200000000000000e+04,4.678400000000000000e+04,4.705600000000000000e+04,4.732800000000000000e+04,4.760000000000000000e+04,4.787200000000000000e+04,4.814400000000000000e+04,4.841600000000000000e+04,4.868800000000000000e+04,4.896000000000000000e+04,4.923200000000000000e+04,4.950400000000000000e+04,4.977600000000000000e+04,5.004800000000000000e+04,5.032000000000000000e+04,5.059200000000000000e+04,5.086400000000000000e+04,5.113600000000000000e+04,5.140800000000000000e+04,5.168000000000000000e+04,5.195200000000000000e+04,5.222400000000000000e+04,5.249600000000000000e+04,5.276800000000000000e+04,5.304000000000000000e+04,5.331200000000000000e+04,5.358400000000000000e+04,5.385600000000000000e+04,5.412800000000000000e+04,5.440000000000000000e+04,5.467200000000000000e+04,5.494400000000000000e+04,5.521600000000000000e+04,5.548800000000000000e+04,5.576000000000000000e+04,5.603200000000000000e+04,5.630400000000000000e+04,5.657600000000000000e+04,5.684800000000000000e+04,5.712000000000000000e+04,5.739200000000000000e+04,5.766400000000000000e+04,5.793600000000000000e+04,5.820800000000000000e+04,5.848000000000000000e+04,5.875200000000000000e+04,5.902400000000000000e+04,5.929600000000000000e+04,5.956800000000000000e+04,5.984000000000000000e+04,6.011200000000000000e+04,6.038400000000000000e+04,6.065600000000000000e+04,6.092800000000000000e+04,6.120000000000000000e+04,6.147200000000000000e+04,6.174400000000000000e+04,6.201600000000000000e+04,6.228800000000000000e+04,6.256000000000000000e+04,6.283200000000000000e+04,6.310400000000000000e+04,6.337600000000000000e+04,6.364800000000000000e+04,6.392000000000000000e+04,6.419200000000000000e+04,6.446400000000000000e+04,6.473600000000000000e+04,6.500800000000000000e+04,6.528000000000000000e+04,6.555200000000000000e+04,6.582400000000000000e+04,6.609600000000000000e+04,6.636800000000000000e+04,6.664000000000000000e+04,6.691200000000000000e+04,6.718400000000000000e+04,6.745600000000000000e+04,6.772800000000000000e+04,6.800000000000000000e+04,6.827200000000000000e+04,6.854400000000000000e+04,6.881600000000000000e+04,6.908800000000000000e+04,6.936000000000000000e+04,6.963200000000000000e+04,6.990400000000000000e+04,7.017600000000000000e+04,7.044800000000000000e+04,7.072000000000000000e+04,7.099200000000000000e+04,7.126400000000000000e+04,7.153600000000000000e+04,7.180800000000000000e+04,7.208000000000000000e+04,7.235200000000000000e+04,7.262400000000000000e+04,7.289600000000000000e+04,7.316800000000000000e+04,7.344000000000000000e+04,7.371200000000000000e+04,7.398400000000000000e+04,7.425600000000000000e+04,7.452800000000000000e+04,7.480000000000000000e+04,7.507200000000000000e+04,7.534400000000000000e+04,7.561600000000000000e+04,7.588800000000000000e+04,7.616000000000000000e+04,7.643200000000000000e+04,7.670400000000000000e+04,7.697600000000000000e+04,7.724800000000000000e+04,7.752000000000000000e+04,7.779200000000000000e+04,7.806400000000000000e+04,7.833600000000000000e+04,7.860800000000000000e+04,7.888000000000000000e+04,7.915200000000000000e+04,7.942400000000000000e+04,7.969600000000000000e+04,7.996800000000000000e+04,8.024000000000000000e+04,8.051200000000000000e+04,8.078400000000000000e+04,8.105600000000000000e+04,8.132800000000000000e+04
0.000000000000000000e+00,2.730000000000000000e+02,5.460000000000000000e+02,8.190000000000000000e+02,1.092000000000000000e+03,1.365000000000000000e+03,1.638000000000000000e+03,1.911000000000000000e+03,2.184000000000000000e+03,2.457000000000000000e+03,2.730000000000000000e+03,3.003000000000000000e+03,3.276000000000000000e+03,3.549000000000000000e+03,3.822000000000000000e+03,4.095000000000000000e+03,4.368000000000000000e+03,4.641000000000000000e+03,4.914000000000000000e+03,5.187000000000000000e+03,5.460000000000000000e+03,5.733000000000000000e+03,6.006000000000000000e+03,6.279000000000000000e+03,6.552000000000000000e+03,6.825000000000000000e+03,7.098000000000000000e+03,7.371000000000000000e+03,7.644000000000000000e+03,7.917000000000000000e+03,8.190000000000000000e+03,8.463000000000000000e+03,8.736000000000000000e+03,9.009000000000000000e+03,9.282000000000000000e+03,9.555000000000000000e+03,9.828000000000000000e+03,1.010100000000000000e+04,1.037400000000000000e+04,1.064700000000000000e+04,1.092000000000000000e+04,1.119300000000000000e+04,1.146600000000000000e+04,1.173900000000000000e+04,1.201200000000000000e+04,1.228500000000000000e+04,1.255800000000000000e+04,1.283100000000000000e+04,1.310400000000000000e+04,1.337700000000000000e+04,1.365000000000000000e+04,1.392300000000000000e+04,1.419600000000000000e+04,1.446900000000000000e+04,1.474200000000000000e+04,1.501500000000000000e+04,1.528800000000000000e+04,1.556100000000000000e+04,1.583400000000000000e+04,1.610700000000000000e+04,1.638000000000000000e+04,1.665300000000000000e+04,1.692600000000000000e+04,1.719900000000000000e+04,1.747200000000000000e+04,1.774500000000000000e+04,1.801800000000000000e+04,1.829100000000000000e+04,1.856400000000000000e+04,1.883700000000000000e+04,1.911000000000000000e+04,1.938300000000000000e+04,1.965600000000000000e+04,1.992900000000000000e+04,2.020200000000000000e+04,2.047500000000000000e+04,2.074800000000000000e+04,2.102100000000000000e+04,2.129400000000000000e+04,2.156700000000000000e+04,2.184000000000000000e+04,2.211300000000000000e+04,2.238600000000000000e+04,2.265900000000000000e+04,2.293200000000000000e+04,2.320500000000000000e+04,2.347800000000000000e+04,2.375100000000000000e+04,2.402400000000000000e+04,2.429700000000000000e+04,2.457000000000000000e+04,2.484300000000000000e+04,2.511600000000000000e+04,2.538900000000000000e+04,2.566200000000000000e+04,2.593500000000000000e+04,2.620800000000000000e+04,2.648100000000000000e+04,2.675400000000000000e+04,2.702700000000000000e+04,2.730000000000000000e+04,2.757300000000000000e+04,2.784600000000000000e+04,2.811900000000000000e+04,2.839200000000000000e+04,2.866500000000000000e+04,2.893800000000000000e+04,2.921100000000000000e+04,2.948400000000000000e+04,2.975700000000000000e+04,3.003000000000000000e+04,3.030300000000000000e+04,3.057600000000000000e+04,3.084900000000000000e+04,3.112200000000000000e+04,3.139500000000000000e+04,3.166800000000000000e+04,3.194100000000000000e+04,3.221400000000000000e+04,3.248700000000000000e+04,3.276000000000000000e+04,3.303300000000000000e+04,3.330600000000000000e+04,3.357900000000000000e+04,3.385200000000000000e+04,3.412500000000000000e+04,3.439800000000000000e+04,3.467100000000000000e+04,3.494400000000000000e+04,3.521700000000000000e+04,3.549000000000000000e+04,3.576300000000000000e+04,3.603600000000000000e+04,3.630900000000000000e+04,3.658200000000000000e+04,3.685500000000000000e+04,3.712800000000000000e+04,3.740100000000000000e+04,3.767400000000000000e+04,3.794700000000000000e+04,3.822000000000000000e+04,3.849300000000000000e+04,3.876600000000000000e+04,3.903900000000000000e+04,3.931200000000000000e+04,3.958500000000000000e+04,3.985800000000000000e+04,4.013100000000000000e+04,4.040400000000000000e+04,4.067700000000000000e+04,4.095000000000000000e+04,4.122300000000000000e+04,4.149600000000000000e+04,4.176900000000000000e+04,4.204200000000000000e+04,4.231500000000000000e+04,4.258800000000000000e+04,4.286100000000000000e+04,4.313400000000000000e+04,4.340700000000000000e+04,4.368000000000000000e+04,4.395300000000000000e+04,4.422600000000000000e+04,4.449900000000000000e+04,4.477200000000000000e+04,4.504500000000000000e+04,4.531800000000000000e+04,4.559100000000000000e+04,4.586400000000000000e+04,4.613700000000000000e+04,4.641000000000000000e+04,4.668300000000000000e+04,4.695600000000000000e+04,4.722900000000000000e+04,4.750200000000000000e+04,4.777500000000000000e+04,4.804800000000000000e+04,4.832100000000000000e+04,4.859400000000000000e+04,4.886700000000000000e+04,4.914000000000000000e+04,4.941300000000000000e+04,4.968600000000000000e+04,4.995900000000000000e+04,5.023200000000000000e+04,5.050500000000000000e+04,5.077800000000000000e+04,5.105100000000000000e+04,5.132400000000000000e+04,5.159700000000000000e+04,5.187000000000000000e+04,5.214300000000000000e+04,5.241600000000000000e+04,5.268900000000000000e+04,5.296200000000000000e+04,5.323500000000000000e+04,5.350800000000000000e+04,5.378100000000000000e+04,5.405400000000000000e+04,5.432700000000000000e+04,5.460000000000000000e+04,5.487300000000000000e+04,5.514600000000000000e+04,5.541900000000000000e+04,5.569200000000000000e+04,5.596500000000000000e+04,5.623800000000000000e+04,5.651100000000000000e+04,5.678400000000000000e+04,5.705700000000000000e+04,5.733000000000000000e+04,5.760300000000000000e+04,5.787600000000000000e+04,5.814900000000000000e+04,5.842200000000000000e+04,5.869500000000000000e+04,5.896800000000000000e+04,5.924100000000000000e+04,5.951400000000000000e+04,5.978700000000000000e+04,6.006000000000000000e+04,6.033300000000000000e+04,6.060600000000000000e+04,6.087900000000000000e+04,6.115200000000000000e+04,6.142500000000000000e+04,6.169800000000000000e+04,6.197100000000000000e+04,6.224400000000000000e+04,6.251700000000000000e+04,6.279000000000000000e+04,6.306300000000000000e+04,6.333600000000000000e+04,6.360900000000000000e+04,6.388200000000000000e+04,6.415500000000000000e+04,6.442800000000000000e+04,6.470100000000000000e+04,6.497400000000000000e+04,6.524700000000000000e+04,6.552000000000000000e+04,6.579300000000000000e+04,6.606600000000000000e+04,6.633900000000000000e+04,6.661200000000000000e+04,6.688500000000000000e+04,6.715800000000000000e+04,6.743100000000000000e+04,6.770400000000000000e+04,6.797700000000000000e+04,6.825000000000000000e+04,6.852300000000000000e+04,6.879600000000000000e+04,6.906900000000000000e+04,6.934200000000000000e+04,6.961500000000000000e+04,6.988800000000000000e+04,7.016100000000000000e+04,7.043400000000000000e+04,7.070700000000000000e+04,7.098000000000000000e+04,7.125300000000000000e+04,7.152600000000000000e+04,7.179900000000000000e+04,7.207200000000000000e+04,7.234500000000000000e+04,7.261800000000000000e+04,7.289100000000000000e+04,7.316400000000000000e+04,7.343700000000000000e+04,7.371000000000000000e+04,7.398300000000000000e+04,7.425600000000000000e+04,7.452900000000000000e+04,7.480200000000000000e+04,7.507500000000000000e+04,7.534800000000000000e+04,7.562100000000000000e+04,7.589400000000000000e+04,7.616700000000000000e+04,7.644000000000000000e+04,7.671300000000000000e+04,7.698600000000000000e+04,7.725900000000000000e+04,7.753200000000000000e+04,7.780500000000000000e+04,7.807800000000000000e+04,7.835100000000000000e+04,7.862400000000000000e+04,7.889700000000000000e+04,7.917000000000000000e+04,7.944300000000000000e+04,7.971600000000000000e+04,7.998900000000000000e+04,8.026200000000000000e+04,8.053500000000000000e+04,8.080800000000000000e+04,8.108100000000000000e+04,8.135400000000000000e+04,8.162700000000000000e+04
0.000000000000000000e+00,2.740000000000000000e+02,5.480000000000000000e+02,8.220000000000000000e+02,1.096000000000000000e+03,1.370000000000000000e+03,1.644000000000000000e+03,1.918000000000000000e+03,2.192000000000000000e+03,2.466000000000000000e+03,2.740000000000000000e+03,3.014000000000000000e+03,3.288000000000000000e+03,3.562000000000000000e+03,3.836000000000000000e+03,4.110000000000000000e+03,4.384000000000000000e+03,4.658000000000000000e+03,4.932000000000000000e+03,5.206000000000000000e+03,5.480000000000000000e+03,5.754000000000000000e+03,6.028000000000000000e+03,6.302000000000000000e+03,6.576000000000000000e+03,6.850000000000000000e+03,7.124000000000000000e+03,7.398000000000000000e+03,7.672000000000000000e+03,7.946000000000000000e+03,8.220000000000000000e+03,8.494000000000000000e+03,8.768000000000000000e+03,9.042000000000000000e+03,9.316000000000000000e+03,9.590000000000000000e+03,9.864000000000000000e+03,1.013800000000000000e+04,1.041200000000000000e+04,1.068600000000000000e+04,1.096000000000000000e+04,1.123400000000000000e+04,1.150800000000000000e+04,1.178200000000000000e+04,1.205600000000000000e+04,1.233000000000000000e+04,1.260400000000000000e+04,1.287800000000000000e+04,1.315200000000000000e+04,1.342600000000000000e+04,1.370000000000000000e+04,1.397400000000000000e+04,1.424800000000000000e+04,1.452200000000000000e+04,1.479600000000000000e+04,1.507000000000000000e+04,1.534400000000000000e+04,1.561800000000000000e+04,1.589200000000000000e+04,1.616600000000000000e+04,1.644000000000000000e+04,1.671400000000000000e+04,1.698800000000000000e+04,1.726200000000000000e+04,1.753600000000000000e+04,1.781000000000000000e+04,1.808400000000000000e+04,1.835800000000000000e+04,1.863200000000000000e+04,1.890600000000000000e+04,1.918000000000000000e+04,1.945400000000000000e+04,1.972800000000000000e+04,2.000200000000000000e+04,2.027600000000000000e+04,2.055000000000000000e+04,2.082400000000000000e+04,2.109800000000000000e+04,2.137200000000000000e+04,2.164600000000000000e+04,2.192000000000000000e+04,2.219400000000000000e+04,2.246800000000000000e+04,2.274200000000000000e+04,2.301600000000000000e+04,2.329000000000000000e+04,2.356400000000000000e+04,2.383800000000000000e+04,2.411200000000000000e+04,2.438600000000000000e+04,2.466000000000000000e+04,2.493400000000000000e+04,2.520800000000000000e+04,2.548200000000000000e+04,2.575600000000000000e+04,2.603000000000000000e+04,2.630400000000000000e+04,2.657800000000000000e+04,2.685200000000000000e+04,2.712600000000000000e+04,2.740000000000000000e+04,2.767400000000000000e+04,2.794800000000000000e+04,2.822200000000000000e+04,2.849600000000000000e+04,2.877000000000000000e+04,2.904400000000000000e+04,2.931800000000000000e+04,2.959200000000000000e+04,2.986600000000000000e+04,3.014000000000000000e+04,3.041400000000000000e+04,3.068800000000000000e+04,3.096200000000000000e+04,3.123600000000000000e+04,3.151000000000000000e+04,3.178400000000000000e+04,3.205800000000000000e+04,3.233200000000000000e+04,3.260600000000000000e+04,3.288000000000000000e+04,3.315400000000000000e+04,3.342800000000000000e+04,3.370200000000000000e+04,3.397600000000000000e+04,3.425000000000000000e+04,3.452400000000000000e+04,3.479800000000000000e+04,3.507200000000000000e+04,3.534600000000000000e+04,3.562000000000000000e+04,3.589400000000000000e+04,3.616800000000000000e+04,3.644200000000000000e+04,3.671600000000000000e+04,3.699000000000000000e+04,3.726400000000000000e+04,3.753800000000000000e+04,3.781200000000000000e+04,3.808600000000000000e+04,3.836000000000000000e+04,3.863400000000000000e+04,3.890800000000000000e+04,3.918200000000000000e+04,3.945600000000000000e+04,3.973000000000000000e+04,4.000400000000000000e+04,4.027800000000000000e+04,4.055200000000000000e+04,4.082600000000000000e+04,4.110000000000000000e+04,4.137400000000000000e+04,4.164800000000000000e+04,4.192200000000000000e+04,4.219600000000000000e+04,4.247000000000000000e+04,4.274400000000000000e+04,4.301800000000000000e+04,4.329200000000000000e+04,4.356600000000000000e+04,4.384000000000000000e+04,4.411400000000000000e+04,4.438800000000000000e+04,4.466200000000000000e+04,4.493600000000000000e+04,4.521000000000000000e+04,4.548400000000000000e+04,4.575800000000000000e+04,4.603200000000000000e+04,4.630600000000000000e+04,4.658000000000000000e+04,4.685400000000000000e+04,4.712800000000000000e+04,4.740200000000000000e+04,4.767600000000000000e+04,4.795000000000000000e+04,4.822400000000000000e+04,4.849800000000000000e+04,4.877200000000000000e+04,4.904600000000000000e+04,4.932000000000000000e+04,4.959400000000000000e+04,4.986800000000000000e+04,5.014200000000000000e+04,5.041600000000000000e+04,5.069000000000000000e+04,5.096400000000000000e+04,5.123800000000000000e+04,5.151200000000000000e+04,5.178600000000000000e+04,5.206000000000000000e+04,5.233400000000000000e+04,5.260800000000000000e+04,5.288200000000000000e+04,5.315600000000000000e+04,5.343000000000000000e+04,5.370400000000000000e+04,5.397800000000000000e+04,5.425200000000000000e+04,5.452600000000000000e+04,5.480000000000000000e+04,5.507400000000000000e+04,5.534800000000000000e+04,5.562200000000000000e+04,5.589600000000000000e+04,5.617000000000000000e+04,5.644400000000000000e+04,5.671800000000000000e+04,5.699200000000000000e+04,5.726600000000000000e+04,5.754000000000000000e+04,5.781400000000000000e+04,5.808800000000000000e+04,5.836200000000000000e+04,5.863600000000000000e+04,5.891000000000000000e+04,5.918400000000000000e+04,5.945800000000000000e+04,5.973200000000000000e+04,6.000600000000000000e+04,6.028000000000000000e+04,6.055400000000000000e+04,6.082800000000000000e+04,6.110200000000000000e+04,6.137600000000000000e+04,6.165000000000000000e+04,6.192400000000000000e+04,6.219800000000000000e+04,6.247200000000000000e+04,6.274600000000000000e+04,6.302000000000000000e+04,6.329400000000000000e+04,6.356800000000000000e+04,6.384200000000000000e+04,6.411600000000000000e+04,6.439000000000000000e+04,6.466400000000000000e+04,6.493800000000000000e+04,6.521200000000000000e+04,6.548600000000000000e+04,6.576000000000000000e+04,6.603400000000000000e+04,6.630800000000000000e+04,6.658200000000000000e+04,6.685600000000000000e+04,6.713000000000000000e+04,6.740400000000000000e+04,6.767800000000000000e+04,6.795200000000000000e+04,6.822600000000000000e+04,6.850000000000000000e+04,6.877400000000000000e+04,6.904800000000000000e+04,6.932200000000000000e+04,6.959600000000000000e+04,6.987000000000000000e+04,7.014400000000000000e+04,7.041800000000000000e+04,7.069200000000000000e+04,7.096600000000000000e+04,7.124000000000000000e+04,7.151400000000000000e+04,7.178800000000000000e+04,7.206200000000000000e+04,7.233600000000000000e+04,7.261000000000000000e+04,7.288400000000000000e+04,7.315800000000000000e+04,7.343200000000000000e+04,7.370600000000000000e+04,7.398000000000000000e+04,7.425400000000000000e+04,7.452800000000000000e+04,7.480200000000000000e+04,7.507600000000000000e+04,7.535000000000000000e+04,7.562400000000000000e+04,7.589800000000000000e+04,7.617200000000000000e+04,7.644600000000000000e+04,7.672000000000000000e+04,7.699400000000000000e+04,7.726800000000000000e+04,7.754200000000000000e+04,7.781600000000000000e+04,7.809000000000000000e+04,7.836400000000000000e+04,7.863800000000000000e+04,7.891200000000000000e+04,7.918600000000000000e+04,7.946000000000000000e+04,7.973400000000000000e+04,8.000800000000000000e+04,8.028200000000000000e+04,8.055600000000000000e+04,8.083000000000000000e+04,8.110400000000000000e+04,8.137800000000000000e+04,8.165200000000000000e+04,8.192600000000000000e+04
0.000000000000000000e+00,2.750000000000000000e+02,5.500000000000000000e+02,8.250000000000000000e+02,1.100000000000000000e+03,1.375000000000000000e+03,1.650000000000000000e+03,1.925000000000000000e+03,2.200000000000000000e+03,2.475000000000000000e+03,2.750000000000000000e+03,3.025000000000000000e+03,3.300000000000000000e+03,3.575000000000000000e+03,3.850000000000000000e+03,4.125000000000000000e+03,4.400000000000000000e+03,4.675000000000000000e+03,4.950000000000000000e+03,5.225000000000000000e+03,5.500000000000000000e+03,5.775000000000000000e+03,6.050000000000000000e+03,6.325000000000000000e+03,6.600000000000000000e+03,6.875000000000000000e+03,7.150000000000000000e+03,7.425000000000000000e+03,7.700000000000000000e+03,7.975000000000000000e+03,8.250000000000000000e+03,8.525000000000000000e+03,8.800000000000000000e+03,9.075000000000000000e+03,9.350000000000000000e+03,9.625000000000000000e+03,9.900000000000000000e+03,1.017500000000000000e+04,1.045000000000000000e+04,1.072500000000000000e+04,1.100000000000000000e+04,1.127500000000000000e+04,1.155000000000000000e+04,1.182500000000000000e+04,1.210000000000000000e+04,1.237500000000000000e+04,1.265000000000000000e+04,1.292500000000000000e+04,1.320000000000000000e+04,1.347500000000000000e+04,1.375000000000000000e+04,1.402500000000000000e+04,1.430000000000000000e+04,1.457500000000000000e+04,1.485000000000000000e+04,1.512500000000000000e+04,1.540000000000000000e+04,1.567500000000000000e+04,1.595000000000000000e+04,1.622500000000000000e+04,1.650000000000000000e+04,1.677500000000000000e+04,1.705000000000000000e+04,1.732500000000000000e+04,1.760000000000000000e+04,1.787500000000000000e+04,1.815000000000000000e+04,1.842500000000000000e+04,1.870000000000000000e+04,1.897500000000000000e+04,1.925000000000000000e+04,1.952500000000000000e+04,1.980000000000000000e+04,2.007500000000000000e+04,2.035000000000000000e+04,2.062500000000000000e+04,2.090000000000000000e+04,2.117500000000000000e+04,2.145000000000000000e+04,2.172500000000000000e+04,2.200000000000000000e+04,2.227500000000000000e+04,2.255000000000000000e+04,2.282500000000000000e+04,2.310000000000000000e+04,2.337500000000000000e+04,2.365000000000000000e+04,2.392500000000000000e+04,2.420000000000000000e+04,2.447500000000000000e+04,2.475000000000000000e+04,2.502500000000000000e+04,2.530000000000000000e+04,2.557500000000000000e+04,2.585000000000000000e+04,2.612500000000000000e+04,2.640000000000000000e+04,2.667500000000000000e+04,2.695000000000000000e+04,2.722500000000000000e+04,2.750000000000000000e+04,2.777500000000000000e+04,2.805000000000000000e+04,2.832500000000000000e+04,2.860000000000000000e+04,2.887500000000000000e+04,2.915000000000000000e+04,2.942500000000000000e+04,2.970000000000000000e+04,2.997500000000000000e+04,3.025000000000000000e+04,3.052500000000000000e+04,3.080000000000000000e+04,3.107500000000000000e+04,3.135000000000000000e+04,3.162500000000000000e+04,3.190000000000000000e+04,3.217500000000000000e+04,3.245000000000000000e+04,3.272500000000000000e+04,3.300000000000000000e+04,3.327500000000000000e+04,3.355000000000000000e+04,3.382500000000000000e+04,3.410000000000000000e+04,3.437500000000000000e+04,3.465000000000000000e+04,3.492500000000000000e+04,3.520000000000000000e+04,3.547500000000000000e+04,3.575000000000000000e+04,3.602500000000000000e+04,3.630000000000000000e+04,3.657500000000000000e+04,3.685000000000000000e+04,3.712500000000000000e+04,3.740000000000000000e+04,3.767500000000000000e+04,3.795000000000000000e+04,3.822500000000000000e+04,3.850000000000000000e+04,3.877500000000000000e+04,3.905000000000000000e+04,3.932500000000000000e+04,3.960000000000000000e+04,3.987500000000000000e+04,4.015000000000000000e+04,4.042500000000000000e+04,4.070000000000000000e+04,4.097500000000000000e+04,4.125000000000000000e+04,4.152500000000000000e+04,4.180000000000000000e+04,4.207500000000000000e+04,4.235000000000000000e+04,4.262500000000000000e+04,4.290000000000000000e+04,4.317500000000000000e+04,4.345000000000000000e+04,4.372500000000000000e+04,4.400000000000000000e+04,4.427500000000000000e+04,4.455000000000000000e+04,4.482500000000000000e+04,4.510000000000000000e+04,4.537500000000000000e+04,4.565000000000000000e+04,4.592500000000000000e+04,4.620000000000000000e+04,4.647500000000000000e+04,4.675000000000000000e+04,4.702500000000000000e+04,4.730000000000000000e+04,4.757500000000000000e+04,4.785000000000000000e+04,4.812500000000000000e+04,4.840000000000000000e+04,4.867500000000000000e+04,4.895000000000000000e+04,4.922500000000000000e+04,4.950000000000000000e+04,4.977500000000000000e+04,5.005000000000000000e+04,5.032500000000000000e+04,5.060000000000000000e+04,5.087500000000000000e+04,5.115000000000000000e+04,5.142500000000000000e+04,5.170000000000000000e+04,5.197500000000000000e+04,5.225000000000000000e+04,5.252500000000000000e+04,5.280000000000000000e+04,5.307500000000000000e+04,5.335000000000000000e+04,5.362500000000000000e+04,5.390000000000000000e+04,5.417500000000000000e+04,5.445000000000000000e+04,5.472500000000000000e+04,5.500000000000000000e+04,5.527500000000000000e+04,5.555000000000000000e+04,5.582500000000000000e+04,5.610000000000000000e+04,5.637500000000000000e+04,5.665000000000000000e+04,5.692500000000000000e+04,5.720000000000000000e+04,5.747500000000000000e+04,5.775000000000000000e+04,5.802500000000000000e+04,5.830000000000000000e+04,5.857500000000000000e+04,5.885000000000000000e+04,5.912500000000000000e+04,5.940000000000000000e+04,5.967500000000000000e+04,5.995000000000000000e+04,6.022500000000000000e+04,6.050000000000000000e+04,6.077500000000000000e+04,6.105000000000000000e+04,6.132500000000000000e+04,6.160000000000000000e+04,6.187500000000000000e+04,6.215000000000000000e+04,6.242500000000000000e+04,6.270000000000000000e+04,6.297500000000000000e+04,6.325000000000000000e+04,6.352500000000000000e+04,6.380000000000000000e+04,6.407500000000000000e+04,6.435000000000000000e+04,6.462500000000000000e+04,6.490000000000000000e+04,6.517500000000000000e+04,6.545000000000000000e+04,6.572500000000000000e+04,6.600000000000000000e+04,6.627500000000000000e+04,6.655000000000000000e+04,6.682500000000000000e+04,6.710000000000000000e+04,6.737500000000000000e+04,6.765000000000000000e+04,6.792500000000000000e+04,6.820000000000000000e+04,6.847500000000000000e+04,6.875000000000000000e+04,6.902500000000000000e+04,6.930000000000000000e+04,6.957500000000000000e+04,6.985000000000000000e+04,7.012500000000000000e+04,7.040000000000000000e+04,7.067500000000000000e+04,7.095000000000000000e+04,7.122500000000000000e+04,7.150000000000000000e+04,7.177500000000000000e+04,7.205000000000000000e+04,7.232500000000000000e+04,7.260000000000000000e+04,7.287500000000000000e+04,7.315000000000000000e+04,7.342500000000000000e+04,7.370000000000000000e+04,7.397500000000000000e+04,7.425000000000000000e+04,7.452500000000000000e+04,7.480000000000000000e+04,7.507500000000000000e+04,7.535000000000000000e+04,7.562500000000000000e+04,7.590000000000000000e+04,7.617500000000000000e+04,7.645000000000000000e+04,7.672500000000000000e+04,7.700000000000000000e+04,7.727500000000000000e+04,7.755000000000000000e+04,7.782500000000000000e+04,7.810000000000000000e+04,7.837500000000000000e+04,7.865000000000000000e+04,7.892500000000000000e+04,7.920000000000000000e+04,7.947500000000000000e+04,7.975000000000000000e+04,8.002500000000000000e+04,8.030000000000000000e+04,8.057500000000000000e+04,8.085000000000000000e+04,8.112500000000000000e+04,8.140000000000000000e+04,8.167500000000000000e+04,8.195000000000000000e+04,8.222500000000000000e+04
0.000000000000000000e+00,2.760000000000000000e+02,5.520000000000000000e+02,8.280000000000000000e+02,1.104000000000000000e+03,1.380000000000000000e+03,1.656000000000000000e+03,1.932000000000000000e+03,2.208000000000000000e+03,2.484000000000000000e+03,2.760000000000000000e+03,3.036000000000000000e+03,3.312000000000000000e+03,3.588000000000000000e+03,3.864000000000000000e+03,4.140000000000000000e+03,4.416000000000000000e+03,4.692000000000000000e+03,4.968000000000000000e+03,5.244000000000000000e+03,5.520000000000000000e+03,5.796000000000000000e+03,6.072000000000000000e+03,6.348000000000000000e+03,6.624000000000000000e+03,6.900000000000000000e+03,7.176000000000000000e+03,7.452000000000000000e+03,7.728000000000000000e+03,8.004000000000000000e+03,8.280000000000000000e+03,8.556000000000000000e+03,8.832000000000000000e+03,9.108000000000000000e+03,9.384000000000000000e+03,9.660000000000000000e+03,9.936000000000000000e+03,1.021200000000000000e+04,1.048800000000000000e+04,1.076400000000000000e+04,1.104000000000000000e+04,1.131600000000000000e+04,1.159200000000000000e+04,1.186800000000000000e+04,1.214400000000000000e+04,1.242000000000000000e+04,1.269600000000000000e+04,1.297200000000000000e+04,1.324800000000000000e+04,1.352400000000000000e+04,1.380000000000000000e+04,1.407600000000000000e+04,1.435200000000000000e+04,1.462800000000000000e+04,1.490400000000000000e+04,1.518000000000000000e+04,1.545600000000000000e+04,1.573200000000000000e+04,1.600800000000000000e+04,1.628400000000000000e+04,1.656000000000000000e+04,1.683600000000000000e+04,1.711200000000000000e+04,1.738800000000000000e+04,1.766400000000000000e+04,1.794000000000000000e+04,1.821600000000000000e+04,1.849200000000000000e+04,1.876800000000000000e+04,1.904400000000000000e+04,1.932000000000000000e+04,1.959600000000000000e+04,1.987200000000000000e+04,2.014800000000000000e+04,2.042400000000000000e+04,2.070000000000000000e+04,2.097600000000000000e+04,2.125200000000000000e+04,2.152800000000000000e+04,2.180400000000000000e+04,2.208000000000000000e+04,2.235600000000000000e+04,2.263200000000000000e+04,2.290800000000000000e+04,2.318400000000000000e+04,2.346000000000000000e+04,2.373600000000000000e+04,2.401200000000000000e+04,2.428800000000000000e+04,2.456400000000000000e+04,2.484000000000000000e+04,2.511600000000000000e+04,2.539200000000000000e+04,2.566800000000000000e+04,2.594400000000000000e+04,2.622000000000000000e+04,2.649600000000000000e+04,2.677200000000000000e+04,2.704800000000000000e+04,2.732400000000000000e+04,2.760000000000000000e+04,2.787600000000000000e+04,2.815200000000000000e+04,2.842800000000000000e+04,2.870400000000000000e+04,2.898000000000000000e+04,2.925600000000000000e+04,2.953200000000000000e+04,2.980800000000000000e+04,3.008400000000000000e+04,3.036000000000000000e+04,3.063600000000000000e+04,3.091200000000000000e+04,3.118800000000000000e+04,3.146400000000000000e+04,3.174000000000000000e+04,3.201600000000000000e+04,3.229200000000000000e+04,3.256800000000000000e+04,3.284400000000000000e+04,3.312000000000000000e+04,3.339600000000000000e+04,3.367200000000000000e+04,3.394800000000000000e+04,3.422400000000000000e+04,3.450000000000000000e+04,3.477600000000000000e+04,3.505200000000000000e+04,3.532800000000000000e+04,3.560400000000000000e+04,3.588000000000000000e+04,3.615600000000000000e+04,3.643200000000000000e+04,3.670800000000000000e+04,3.698400000000000000e+04,3.726000000000000000e+04,3.753600000000000000e+04,3.781200000000000000e+04,3.808800000000000000e+04,3.836400000000000000e+04,3.864000000000000000e+04,3.891600000000000000e+04,3.919200000000000000e+04,3.946800000000000000e+04,3.974400000000000000e+04,4.002000000000000000e+04,4.029600000000000000e+04,4.057200000000000000e+04,4.084800000000000000e+04,4.112400000000000000e+04,4.140000000000000000e+04,4.167600000000000000e+04,4.195200000000000000e+04,4.222800000000000000e+04,4.250400000000000000e+04,4.278000000000000000e+04,4.305600000000000000e+04,4.333200000000000000e+04,4.360800000000000000e+04,4.388400000000000000e+04,4.416000000000000000e+04,4.443600000000000000e+04,4.471200000000000000e+04,4.498800000000000000e+04,4.526400000000000000e+04,4.554000000000000000e+04,4.581600000000000000e+04,4.609200000000000000e+04,4.636800000000000000e+04,4.664400000000000000e+04,4.692000000000000000e+04,4.719600000000000000e+04,4.747200000000000000e+04,4.774800000000000000e+04,4.802400000000000000e+04,4.830000000000000000e+04,4.857600000000000000e+04,4.885200000000000000e+04,4.912800000000000000e+04,4.940400000000000000e+04,4.968000000000000000e+04,4.995600000000000000e+04,5.023200000000000000e+04,5.050800000000000000e+04,5.078400000000000000e+04,5.106000000000000000e+04,5.133600000000000000e+04,5.161200000000000000e+04,5.188800000000000000e+04,5.216400000000000000e+04,5.244000000000000000e+04,5.271600000000000000e+04,5.299200000000000000e+04,5.326800000000000000e+04,5.354400000000000000e+04,5.382000000000000000e+04,5.409600000000000000e+04,5.437200000000000000e+04,5.464800000000000000e+04,5.492400000000000000e+04,5.520000000000000000e+04,5.547600000000000000e+04,5.575200000000000000e+04,5.602800000000000000e+04,5.630400000000000000e+04,5.658000000000000000e+04,5.685600000000000000e+04,5.713200000000000000e+04,5.740800000000000000e+04,5.768400000000000000e+04,5.796000000000000000e+04,5.823600000000000000e+04,5.851200000000000000e+04,5.878800000000000000e+04,5.906400000000000000e+04,5.934000000000000000e+04,5.961600000000000000e+04,5.989200000000000000e+04,6.016800000000000000e+04,6.044400000000000000e+04,6.072000000000000000e+04,6.099600000000000000e+04,6.127200000000000000e+04,6.154800000000000000e+04,6.182400000000000000e+04,6.210000000000000000e+04,6.237600000000000000e+04,6.265200000000000000e+04,6.292800000000000000e+04,6.320400000000000000e+04,6.348000000000000000e+04,6.375600000000000000e+04,6.403200000000000000e+04,6.430800000000000000e+04,6.458400000000000000e+04,6.486000000000000000e+04,6.513600000000000000e+04,6.541200000000000000e+04,6.568800000000000000e+04,6.596400000000000000e+04,6.624000000000000000e+04,6.651600000000000000e+04,6.679200000000000000e+04,6.706800000000000000e+04,6.734400000000000000e+04,6.762000000000000000e+04,6.789600000000000000e+04,6.817200000000000000e+04,6.844800000000000000e+04,6.872400000000000000e+04,6.900000000000000000e+04,6.927600000000000000e+04,6.955200000000000000e+04,6.982800000000000000e+04,7.010400000000000000e+04,7.038000000000000000e+04,7.065600000000000000e+04,7.093200000000000000e+04,7.120800000000000000e+04,7.148400000000000000e+04,7.176000000000000000e+04,7.203600000000000000e+04,7.231200000000000000e+04,7.258800000000000000e+04,7.286400000000000000e+04,7.314000000000000000e+04,7.341600000000000000e+04,7.369200000000000000e+04,7.396800000000000000e+04,7.424400000000000000e+04,7.452000000000000000e+04,7.479600000000000000e+04,7.507200000000000000e+04,7.534800000000000000e+04,7.562400000000000000e+04,7.590000000000000000e+04,7.617600000000000000e+04,7.645200000000000000e+04,7.672800000000000000e+04,7.700400000000000000e+04,7.728000000000000000e+04,7.755600000000000000e+04,7.783200000000000000e+04,7.810800000000000000e+04,7.838400000000000000e+04,7.866000000000000000e+04,7.893600000000000000e+04,7.921200000000000000e+04,7.948800000000000000e+04,7.976400000000000000e+04,8.004000000000000000e+04,8.031600000000000000e+04,8.059200000000000000e+04,8.086800000000000000e+04,8.114400000000000000e+04,8.142000000000000000e+04,8.169600000000000000e+04,8.197200000000000000e+04,8.224800000000000000e+04,8.252400000000000000e+04
0.000000000000000000e+00,2.770000000000000000e+02,5.540000000000000000e+02,8.310000000000000000e+02,1.108000000000000000e+03,1.385000000000000000e+03,1.662000000000000000e+03,1.939000000000000000e+03,2.216000000000000000e+03,2.493000000000000000e+03,2.770000000000000000e+03,3.047000000000000000e+03,3.324000000000000000e+03,3.601000000000000000e+03,3.878000000000000000e+03,4.155000000000000000e+03,4.432000000000000000e+03,4.709000000000000000e+03,4.986000000000000000e+03,5.263000000000000000e+03,5.540000000000000000e+03,5.817000000000000000e+03,6.094000000000000000e+03,6.371000000000000000e+03,6.648000000000000000e+03,6.925000000000000000e+03,7.202000000000000000e+03,7.479000000000000000e+03,7.756000000000000000e+03,8.033000000000000000e+03,8.310000000000000000e+03,8.587000000000000000e+03,8.864000000000000000e+03,9.141000000000000000e+03,9.418000000000000000e+03,9.695000000000000000e+03,9.972000000000000000e+03,1.024900000000000000e+04,1.052600000000000000e+04,1.080300000000000000e+04,1.108000000000000000e+04,1.135700000000000000e+04,1.163400000000000000e+04,1.191100000000000000e+04,1.218800000000000000e+04,1.246500000000000000e+04,1.274200000000000000e+04,1.301900000000000000e+04,1.329600000000000000e+04,1.357300000000000000e+04,1.385000000000000000e+04,1.412700000000000000e+04,1.440400000000000000e+04,1.468100000000000000e+04,1.495800000000000000e+04,1.523500000000000000e+04,1.551200000000000000e+04,1.578900000000000000e+04,1.606600000000000000e+04,1.634300000000000000e+04,1.662000000000000000e+04,1.689700000000000000e+04,1.717400000000000000e+04,1.745100000000000000e+04,1.772800000000000000e+04,1.800500000000000000e+04,1.828200000000000000e+04,1.855900000000000000e+04,1.883600000000000000e+04,1.911300000000000000e+04,1.939000000000000000e+04,1.966700000000000000e+04,1.994400000000000000e+04,2.022100000000000000e+04,2.049800000000000000e+04,2.077500000000000000e+04,2.105200000000000000e+04,2.132900000000000000e+04,2.160600000000000000e+04,2.188300000000000000e+04,2.216000000000000000e+04,2.243700000000000000e+04,2.271400000000000000e+04,2.299100000000000000e+04,2.326800000000000000e+04,2.354500000000000000e+04,2.382200000000000000e+04,2.409900000000000000e+04,2.437600000000000000e+04,2.465300000000000000e+04,2.493000000000000000e+04,2.520700000000000000e+04,2.548400000000000000e+04,2.576100000000000000e+04,2.603800000000000000e+04,2.631500000000000000e+04,2.659200000000000000e+04,2.686900000000000000e+04,2.714600000000000000e+04,2.742300000000000000e+04,2.770000000000000000e+04,2.797700000000000000e+04,2.825400000000000000e+04,2.853100000000000000e+04,2.880800000000000000e+04,2.908500000000000000e+04,2.936200000000000000e+04,2.963900000000000000e+04,2.991600000000000000e+04,3.019300000000000000e+04,3.047000000000000000e+04,3.074700000000000000e+04,3.102400000000000000e+04,3.130100000000000000e+04,3.157800000000000000e+04,3.185500000000000000e+04,3.213200000000000000e+04,3.240900000000000000e+04,3.268600000000000000e+04,3.296300000000000000e+04,3.324000000000000000e+04,3.351700000000000000e+04,3.379400000000000000e+04,3.407100000000000000e+04,3.434800000000000000e+04,3.462500000000000000e+04,3.490200000000000000e+04,3.517900000000000000e+04,3.545600000000000000e+04,3.573300000000000000e+04,3.601000000000000000e+04,3.628700000000000000e+04,3.656400000000000000e+04,3.684100000000000000e+04,3.711800000000000000e+04,3.739500000000000000e+04,3.767200000000000000e+04,3.794900000000000000e+04,3.822600000000000000e+04,3.850300000000000000e+04,3.878000000000000000e+04,3.905700000000000000e+04,3.933400000000000000e+04,3.961100000000000000e+04,3.988800000000000000e+04,4.016500000000000000e+04,4.044200000000000000e+04,4.071900000000000000e+04,4.099600000000000000e+04,4.127300000000000000e+04,4.155000000000000000e+04,4.182700000000000000e+04,4.210400000000000000e+04,4.238100000000000000e+04,4.265800000000000000e+04,4.293500000000000000e+04,4.321200000000000000e+04,4.348900000000000000e+04,4.376600000000000000e+04,4.404300000000000000e+04,4.432000000000000000e+04,4.459700000000000000e+04,4.487400000000000000e+04,4.515100000000000000e+04,4.542800000000000000e+04,4.570500000000000000e+04,4.598200000000000000e+04,4.625900000000000000e+04,4.653600000000000000e+04,4.681300000000000000e+04,4.709000000000000000e+04,4.736700000000000000e+04,4.764400000000000000e+04,4.792100000000000000e+04,4.819800000000000000e+04,4.847500000000000000e+04,4.875200000000000000e+04,4.902900000000000000e+04,4.930600000000000000e+04,4.958300000000000000e+04,4.986000000000000000e+04,5.013700000000000000e+04,5.041400000000000000e+04,5.069100000000000000e+04,5.096800000000000000e+04,5.124500000000000000e+04,5.152200000000000000e+04,5.179900000000000000e+04,5.207600000000000000e+04,5.235300000000000000e+04,5.263000000000000000e+04,5.290700000000000000e+04,5.318400000000000000e+04,5.346100000000000000e+04,5.373800000000000000e+04,5.401500000000000000e+04,5.429200000000000000e+04,5.456900000000000000e+04,5.484600000000000000e+04,5.512300000000000000e+04,5.540000000000000000e+04,5.567700000000000000e+04,5.595400000000000000e+04,5.623100000000000000e+04,5.650800000000000000e+04,5.678500000000000000e+04,5.706200000000000000e+04,5.733900000000000000e+04,5.761600000000000000e+04,5.789300000000000000e+04,5.817000000000000000e+04,5.844700000000000000e+04,5.872400000000000000e+04,5.900100000000000000e+04,5.927800000000000000e+04,5.955500000000000000e+04,5.983200000000000000e+04,6.010900000000000000e+04,6.038600000000000000e+04,6.066300000000000000e+04,6.094000000000000000e+04,6.121700000000000000e+04,6.149400000000000000e+04,6.177100000000000000e+04,6.204800000000000000e+04,6.232500000000000000e+04,6.260200000000000000e+04,6.287900000000000000e+04,6.315600000000000000e+04,6.343300000000000000e+04,6.371000000000000000e+04,6.398700000000000000e+04,6.426400000000000000e+04,6.454100000000000000e+04,6.481800000000000000e+04,6.509500000000000000e+04,6.537200000000000000e+04,6.564900000000000000e+04,6.592600000000000000e+04,6.620300000000000000e+04,6.648000000000000000e+04,6.675700000000000000e+04,6.703400000000000000e+04,6.731100000000000000e+04,6.758800000000000000e+04,6.786500000000000000e+04,6.814200000000000000e+04,6.841900000000000000e+04,6.869600000000000000e+04,6.897300000000000000e+04,6.925000000000000000e+04,6.952700000000000000e+04,6.980400000000000000e+04,7.008100000000000000e+04,7.035800000000000000e+04,7.063500000000000000e+04,7.091200000000000000e+04,7.118900000000000000e+04,7.146600000000000000e+04,7.174300000000000000e+04,7.202000000000000000e+04,7.229700000000000000e+04,7.257400000000000000e+04,7.285100000000000000e+04,7.312800000000000000e+04,7.340500000000000000e+04,7.368200000000000000e+04,7.395900000000000000e+04,7.423600000000000000e+04,7.451300000000000000e+04,7.479000000000000000e+04,7.506700000000000000e+04,7.534400000000000000e+04,7.562100000000000000e+04,7.589800000000000000e+04,7.617500000000000000e+04,7.645200000000000000e+04,7.672900000000000000e+04,7.700600000000000000e+04,7.728300000000000000e+04,7.756000000000000000e+04,7.783700000000000000e+04,7.811400000000000000e+04,7.839100000000000000e+04,7.866800000000000000e+04,7.894500000000000000e+04,7.922200000000000000e+04,7.949900000000000000e+04,7.977600000000000000e+04,8.005300000000000000e+04,8.033000000000000000e+04,8.060700000000000000e+04,8.088400000000000000e+04,8.116100000000000000e+04,8.143800000000000000e+04,8.171500000000000000e+04,8.199200000000000000e+04,8.226900000000000000e+04,8.254600000000000000e+04,8.282300000000000000e+04
0.000000000000000000e+00,2.780000000000000000e+02,5.560000000000000000e+02,8.340000000000000000e+02,1.112000000000000000e+03,1.390000000000000000e+03,1.668000000000000000e+03,1.946000000000000000e+03,2.224000000000000000e+03,2.502000000000000000e+03,2.780000000000000000e+03,3.058000000000000000e+03,3.336000000000000000e+03,3.614000000000000000e+03,3.892000000000000000e+03,4.170000000000000000e+03,4.448000000000000000e+03,4.726000000000000000e+03,5.004000000000000000e+03,5.282000000000000000e+03,5.560000000000000000e+03,5.838000000000000000e+03,6.116000000000000000e+03,6.394000000000000000e+03,6.672000000000000000e+03,6.950000000000000000e+03,7.228000000000000000e+03,7.506000000000000000e+03,7.784000000000000000e+03,8.062000000000000000e+03,8.340000000000000000e+03,8.618000000000000000e+03,8.896000000000000000e+03,9.174000000000000000e+03,9.452000000000000000e+03,9.730000000000000000e+03,1.000800000000000000e+04,1.028600000000000000e+04,1.056400000000000000e+04,1.084200000000000000e+04,1.112000000000000000e+04,1.139800000000000000e+04,1.167600000000000000e+04,1.195400000000000000e+04,1.223200000000000000e+04,1.251000000000000000e+04,1.278800000000000000e+04,1.306600000000000000e+04,1.334400000000000000e+04,1.362200000000000000e+04,1.390000000000000000e+04,1.417800000000000000e+04,1.445600000000000000e+04,1.473400000000000000e+04,1.501200000000000000e+04,1.529000000000000000e+04,1.556800000000000000e+04,1.584600000000000000e+04,1.612400000000000000e+04,1.640200000000000000e+04,1.668000000000000000e+04,1.695800000000000000e+04,1.723600000000000000e+04,1.751400000000000000e+04,1.779200000000000000e+04,1.807000000000000000e+04,1.834800000000000000e+04,1.862600000000000000e+04,1.890400000000000000e+04,1.918200000000000000e+04,1.946000000000000000e+04,1.973800000000000000e+04,2.001600000000000000e+04,2.029400000000000000e+04,2.057200000000000000e+04,2.085000000000000000e+04,2.112800000000000000e+04,2.140600000000000000e+04,2.168400000000000000e+04,2.196200000000000000e+04,2.224000000000000000e+04,2.251800000000000000e+04,2.279600000000000000e+04,2.307400000000000000e+04,2.335200000000000000e+04,2.363000000000000000e+04,2.390800000000000000e+04,2.418600000000000000e+04,2.446400000000000000e+04,2.474200000000000000e+04,2.502000000000000000e+04,2.529800000000000000e+04,2.557600000000000000e+04,2.585400000000000000e+04,2.613200000000000000e+04,2.641000000000000000e+04,2.668800000000000000e+04,2.696600000000000000e+04,2.724400000000000000e+04,2.752200000000000000e+04,2.780000000000000000e+04,2.807800000000000000e+04,2.835600000000000000e+04,2.863400000000000000e+04,2.891200000000000000e+04,2.919000000000000000e+04,2.946800000000000000e+04,2.974600000000000000e+04,3.002400000000000000e+04,3.030200000000000000e+04,3.058000000000000000e+04,3.085800000000000000e+04,3.113600000000000000e+04,3.141400000000000000e+04,3.169200000000000000e+04,3.197000000000000000e+04,3.224800000000000000e+04,3.252600000000000000e+04,3.280400000000000000e+04,3.308200000000000000e+04,3.336000000000000000e+04,3.363800000000000000e+04,3.391600000000000000e+04,3.419400000000000000e+04,3.447200000000000000e+04,3.475000000000000000e+04,3.502800000000000000e+04,3.530600000000000000e+04,3.558400000000000000e+04,3.586200000000000000e+04,3.614000000000000000e+04,3.641800000000000000e+04,3.669600000000000000e+04,3.697400000000000000e+04,3.725200000000000000e+04,3.753000000000000000e+04,3.780800000000000000e+04,3.808600000000000000e+04,3.836400000000000000e+04,3.864200000000000000e+04,3.892000000000000000e+04,3.919800000000000000e+04,3.947600000000000000e+04,3.975400000000000000e+04,4.003200000000000000e+04,4.031000000000000000e+04,4.058800000000000000e+04,4.086600000000000000e+04,4.114400000000000000e+04,4.142200000000000000e+04,4.170000000000000000e+04,4.197800000000000000e+04,4.225600000000000000e+04,4.253400000000000000e+04,4.281200000000000000e+04,4.309000000000000000e+04,4.336800000000000000e+04,4.364600000000000000e+04,4.392400000000000000e+04,4.420200000000000000e+04,4.448000000000000000e+04,4.475800000000000000e+04,4.503600000000000000e+04,4.531400000000000000e+04,4.559200000000000000e+04,4.587000000000000000e+04,4.614800000000000000e+04,4.642600000000000000e+04,4.670400000000000000e+04,4.698200000000000000e+04,4.726000000000000000e+04,4.753800000000000000e+04,4.781600000000000000e+04,4.809400000000000000e+04,4.837200000000000000e+04,4.865000000000000000e+04,4.892800000000000000e+04,4.920600000000000000e+04,4.948400000000000000e+04,4.976200000000000000e+04,5.004000000000000000e+04,5.031800000000000000e+04,5.059600000000000000e+04,5.087400000000000000e+04,5.115200000000000000e+04,5.143000000000000000e+04,5.170800000000000000e+04,5.198600000000000000e+04,5.226400000000000000e+04,5.254200000000000000e+04,5.282000000000000000e+04,5.309800000000000000e+04,5.337600000000000000e+04,5.365400000000000000e+04,5.393200000000000000e+04,5.421000000000000000e+04,5.448800000000000000e+04,5.476600000000000000e+04,5.504400000000000000e+04,5.532200000000000000e+04,5.560000000000000000e+04,5.587800000000000000e+04,5.615600000000000000e+04,5.643400000000000000e+04,5.671200000000000000e+04,5.699000000000000000e+04,5.726800000000000000e+04,5.754600000000000000e+04,5.782400000000000000e+04,5.810200000000000000e+04,5.838000000000000000e+04,5.865800000000000000e+04,5.893600000000000000e+04,5.921400000000000000e+04,5.949200000000000000e+04,5.977000000000000000e+04,6.004800000000000000e+04,6.032600000000000000e+04,6.060400000000000000e+04,6.088200000000000000e+04,6.116000000000000000e+04,6.143800000000000000e+04,6.171600000000000000e+04,6.199400000000000000e+04,6.227200000000000000e+04,6.255000000000000000e+04,6.282800000000000000e+04,6.310600000000000000e+04,6.338400000000000000e+04,6.366200000000000000e+04,6.394000000000000000e+04,6.421800000000000000e+04,6.449600000000000000e+04,6.477400000000000000e+04,6.505200000000000000e+04,6.533000000000000000e+04,6.560800000000000000e+04,6.588600000000000000e+04,6.616400000000000000e+04,6.644200000000000000e+04,6.672000000000000000e+04,6.699800000000000000e+04,6.727600000000000000e+04,6.755400000000000000e+04,6.783200000000000000e+04,6.811000000000000000e+04,6.838800000000000000e+04,6.866600000000000000e+04,6.894400000000000000e+04,6.922200000000000000e+04,6.950000000000000000e+04,6.977800000000000000e+04,7.005600000000000000e+04,7.033400000000000000e+04,7.061200000000000000e+04,7.089000000000000000e+04,7.116800000000000000e+04,7.144600000000000000e+04,7.172400000000000000e+04,7.200200000000000000e+04,7.228000000000000000e+04,7.255800000000000000e+04,7.283600000000000000e+04,7.311400000000000000e+04,7.339200000000000000e+04,7.367000000000000000e+04,7.394800000000000000e+04,7.422600000000000000e+04,7.450400000000000000e+04,7.478200000000000000e+04,7.506000000000000000e+04,7.533800000000000000e+04,7.561600000000000000e+04,7.589400000000000000e+04,7.617200000000000000e+04,7.645000000000000000e+04,7.672800000000000000e+04,7.700600000000000000e+04,7.728400000000000000e+04,7.756200000000000000e+04,7.784000000000000000e+04,7.811800000000000000e+04,7.839600000000000000e+04,7.867400000000000000e+04,7.895200000000000000e+04,7.923000000000000000e+04,7.950800000000000000e+04,7.978600000000000000e+04,8.006400000000000000e+04,8.034200000000000000e+04,8.062000000000000000e+04,8.089800000000000000e+04,8.117600000000000000e+04,8.145400000000000000e+04,8.173200000000000000e+04,8.201000000000000000e+04,8.228800000000000000e+04,8.256600000000000000e+04,8.284400000000000000e+04,8.312200000000000000e+04
0.000000000000000000e+00,2.790000000000000000e+02,5.580000000000000000e+02,8.370000000000000000e+02,1.116000000000000000e+03,1.395000000000000000e+03,1.674000000000000000e+03,1.953000000000000000e+03,2.232000000000000000e+03,2.511000000000000000e+03,2.790000000000000000e+03,3.069000000000000000e+03,3.348000000000000000e+03,3.627000000000000000e+03,3.906000000000000000e+03,4.185000000000000000e+03,4.464000000000000000e+03,4.743000000000000000e+03,5.022000000000000000e+03,5.301000000000000000e+03,5.580000000000000000e+03,5.859000000000000000e+03,6.138000000000000000e+03,6.417000000000000000e+03,6.696000000000000000e+03,6.975000000000000000e+03,7.254000000000000000e+03,7.533000000000000000e+03,7.812000000000000000e+03,8.091000000000000000e+03,8.370000000000000000e+03,8.649000000000000000e+03,8.928000000000000000e+03,9.207000000000000000e+03,9.486000000000000000e+03,9.765000000000000000e+03,1.004400000000000000e+04,1.032300000000000000e+04,1.060200000000000000e+04,1.088100000000000000e+04,1.116000000000000000e+04,1.143900000000000000e+04,1.171800000000000000e+04,1.199700000000000000e+04,1.227600000000000000e+04,1.255500000000000000e+04,1.283400000000000000e+04,1.311300000000000000e+04,1.339200000000000000e+04,1.367100000000000000e+04,1.395000000000000000e+04,1.422900000000000000e+04,1.450800000000000000e+04,1.478700000000000000e+04,1.506600000000000000e+04,1.534500000000000000e+04,1.562400000000000000e+04,1.590300000000000000e+04,1.618200000000000000e+04,1.646100000000000000e+04,1.674000000000000000e+04,1.701900000000000000e+04,1.729800000000000000e+04,1.757700000000000000e+04,1.785600000000000000e+04,1.813500000000000000e+04,1.841400000000000000e+04,1.869300000000000000e+04,1.897200000000000000e+04,1.925100000000000000e+04,1.953000000000000000e+04,1.980900000000000000e+04,2.008800000000000000e+04,2.036700000000000000e+04,2.064600000000000000e+04,2.092500000000000000e+04,2.120400000000000000e+04,2.148300000000000000e+04,2.176200000000000000e+04,2.204100000000000000e+04,2.232000000000000000e+04,2.259900000000000000e+04,2.287800000000000000e+04,2.315700000000000000e+04,2.343600000000000000e+04,2.371500000000000000e+04,2.399400000000000000e+04,2.427300000000000000e+04,2.455200000000000000e+04,2.483100000000000000e+04,2.511000000000000000e+04,2.538900000000000000e+04,2.566800000000000000e+04,2.594700000000000000e+04,2.622600000000000000e+04,2.650500000000000000e+04,2.678400000000000000e+04,2.706300000000000000e+04,2.734200000000000000e+04,2.762100000000000000e+04,2.790000000000000000e+04,2.817900000000000000e+04,2.845800000000000000e+04,2.873700000000000000e+04,2.901600000000000000e+04,2.929500000000000000e+04,2.957400000000000000e+04,2.985300000000000000e+04,3.013200000000000000e+04,3.041100000000000000e+04,3.069000000000000000e+04,3.096900000000000000e+04,3.124800000000000000e+04,3.152700000000000000e+04,3.180600000000000000e+04,3.208500000000000000e+04,3.236400000000000000e+04,3.264300000000000000e+04,3.292200000000000000e+04,3.320100000000000000e+04,3.348000000000000000e+04,3.375900000000000000e+04,3.403800000000000000e+04,3.431700000000000000e+04,3.459600000000000000e+04,3.487500000000000000e+04,3.515400000000000000e+04,3.543300000000000000e+04,3.571200000000000000e+04,3.599100000000000000e+04,3.627000000000000000e+04,3.654900000000000000e+04,3.682800000000000000e+04,3.710700000000000000e+04,3.738600000000000000e+04,3.766500000000000000e+04,3.794400000000000000e+04,3.822300000000000000e+04,3.850200000000000000e+04,3.878100000000000000e+04,3.906000000000000000e+04,3.933900000000000000e+04,3.961800000000000000e+04,3.989700000000000000e+04,4.017600000000000000e+04,4.045500000000000000e+04,4.073400000000000000e+04,4.101300000000000000e+04,4.129200000000000000e+04,4.157100000000000000e+04,4.185000000000000000e+04,4.212900000000000000e+04,4.240800000000000000e+04,4.268700000000000000e+04,4.296600000000000000e+04,4.324500000000000000e+04,4.352400000000000000e+04,4.380300000000000000e+04,4.408200000000000000e+04,4.436100000000000000e+04,4.464000000000000000e+04,4.491900000000000000e+04,4.519800000000000000e+04,4.547700000000000000e+04,4.575600000000000000e+04,4.603500000000000000e+04,4.631400000000000000e+04,4.659300000000000000e+04,4.687200000000000000e+04,4.715100000000000000e+04,4.743000000000000000e+04,4.770900000000000000e+04,4.798800000000000000e+04,4.826700000000000000e+04,4.854600000000000000e+04,4.882500000000000000e+04,4.910400000000000000e+04,4.938300000000000000e+04,4.966200000000000000e+04,4.994100000000000000e+04,5.022000000000000000e+04,5.049900000000000000e+04,5.077800000000000000e+04,5.105700000000000000e+04,5.133600000000000000e+04,5.161500000000000000e+04,5.189400000000000000e+04,5.217300000000000000e+04,5.245200000000000000e+04,5.273100000000000000e+04,5.301000000000000000e+04,5.328900000000000000e+04,5.356800000000000000e+04,5.384700000000000000e+04,5.412600000000000000e+04,5.440500000000000000e+04,5.468400000000000000e+04,5.496300000000000000e+04,5.524200000000000000e+04,5.552100000000000000e+04,5.580000000000000000e+04,5.607900000000000000e+04,5.635800000000000000e+04,5.663700000000000000e+04,5.691600000000000000e+04,5.719500000000000000e+04,5.747400000000000000e+04,5.775300000000000000e+04,5.803200000000000000e+04,5.831100000000000000e+04,5.859000000000000000e+04,5.886900000000000000e+04,5.914800000000000000e+04,5.942700000000000000e+04,5.970600000000000000e+04,5.998500000000000000e+04,6.026400000000000000e+04,6.054300000000000000e+04,6.082200000000000000e+04,6.110100000000000000e+04,6.138000000000000000e+04,6.165900000000000000e+04,6.193800000000000000e+04,6.221700000000000000e+04,6.249600000000000000e+04,6.277500000000000000e+04,6.305400000000000000e+04,6.333300000000000000e+04,6.361200000000000000e+04,6.389100000000000000e+04,6.417000000000000000e+04,6.444900000000000000e+04,6.472800000000000000e+04,6.500700000000000000e+04,6.528600000000000000e+04,6.556500000000000000e+04,6.584400000000000000e+04,6.612300000000000000e+04,6.640200000000000000e+04,6.668100000000000000e+04,6.696000000000000000e+04,6.723900000000000000e+04,6.751800000000000000e+04,6.779700000000000000e+04,6.807600000000000000e+04,6.835500000000000000e+04,6.863400000000000000e+04,6.891300000000000000e+04,6.919200000000000000e+04,6.947100000000000000e+04,6.975000000000000000e+04,7.002900000000000000e+04,7.030800000000000000e+04,7.058700000000000000e+04,7.086600000000000000e+04,7.114500000000000000e+04,7.142400000000000000e+04,7.170300000000000000e+04,7.198200000000000000e+04,7.226100000000000000e+04,7.254000000000000000e+04,7.281900000000000000e+04,7.309800000000000000e+04,7.337700000000000000e+04,7.365600000000000000e+04,7.393500000000000000e+04,7.421400000000000000e+04,7.449300000000000000e+04,7.477200000000000000e+04,7.505100000000000000e+04,7.533000000000000000e+04,7.560900000000000000e+04,7.588800000000000000e+04,7.616700000000000000e+04,7.644600000000000000e+04,7.672500000000000000e+04,7.700400000000000000e+04,7.728300000000000000e+04,7.756200000000000000e+04,7.784100000000000000e+04,7.812000000000000000e+04,7.839900000000000000e+04,7.867800000000000000e+04,7.895700000000000000e+04,7.923600000000000000e+04,7.951500000000000000e+04,7.979400000000000000e+04,8.007300000000000000e+04,8.035200000000000000e+04,8.063100000000000000e+04,8.091000000000000000e+04,8.118900000000000000e+04,8.146800000000000000e+04,8.174700000000000000e+04,8.202600000000000000e+04,8.230500000000000000e+04,8.258400000000000000e+04,8.286300000000000000e+04,8.314200000000000000e+04,8.342100000000000000e+04
0.000000000000000000e+00,2.800000000000000000e+02,5.600000000000000000e+02,8.400000000000000000e+02,1.120000000000000000e+03,1.400000000000000000e+03,1.680000000000000000e+03,1.960000000000000000e+03,2.240000000000000000e+03,2.520000000000000000e+03,2.800000000000000000e+03,3.080000000000000000e+03,3.360000000000000000e+03,3.640000000000000000e+03,3.920000000000000000e+03,4.200000000000000000e+03,4.480000000000000000e+03,4.760000000000000000e+03,5.040000000000000000e+03,5.320000000000000000e+03,5.600000000000000000e+03,5.880000000000000000e+03,6.160000000000000000e+03,6.440000000000000000e+03,6.720000000000000000e+03,7.000000000000000000e+03,7.280000000000000000e+03,7.560000000000000000e+03,7.840000000000000000e+03,8.120000000000000000e+03,8.400000000000000000e+03,8.680000000000000000e+03,8.960000000000000000e+03,9.240000000000000000e+03,9.520000000000000000e+03,9.800000000000000000e+03,1.008000000000000000e+04,1.036000000000000000e+04,1.064000000000000000e+04,1.092000000000000000e+04,1.120000000000000000e+04,1.148000000000000000e+04,1.176000000000000000e+04,1.204000000000000000e+04,1.232000000000000000e+04,1.260000000000000000e+04,1.288000000000000000e+04,1.316000000000000000e+04,1.344000000000000000e+04,1.372000000000000000e+04,1.400000000000000000e+04,1.428000000000000000e+04,1.456000000000000000e+04,1.484000000000000000e+04,1.512000000000000000e+04,1.540000000000000000e+04,1.568000000000000000e+04,1.596000000000000000e+04,1.624000000000000000e+04,1.652000000000000000e+04,1.680000000000000000e+04,1.708000000000000000e+04,1.736000000000000000e+04,1.764000000000000000e+04,1.792000000000000000e+04,1.820000000000000000e+04,1.848000000000000000e+04,1.876000000000000000e+04,1.904000000000000000e+04,1.932000000000000000e+04,1.960000000000000000e+04,1.988000000000000000e+04,2.016000000000000000e+04,2.044000000000000000e+04,2.072000000000000000e+04,2.100000000000000000e+04,2.128000000000000000e+04,2.156000000000000000e+04,2.184000000000000000e+04,2.212000000000000000e+04,2.240000000000000000e+04,2.268000000000000000e+04,2.296000000000000000e+04,2.324000000000000000e+04,2.352000000000000000e+04,2.380000000000000000e+04,2.408000000000000000e+04,2.436000000000000000e+04,2.464000000000000000e+04,2.492000000000000000e+04,2.520000000000000000e+04,2.548000000000000000e+04,2.576000000000000000e+04,2.604000000000000000e+04,2.632000000000000000e+04,2.660000000000000000e+04,2.688000000000000000e+04,2.716000000000000000e+04,2.744000000000000000e+04,2.772000000000000000e+04,2.800000000000000000e+04,2.828000000000000000e+04,2.856000000000000000e+04,2.884000000000000000e+04,2.912000000000000000e+04,2.940000000000000000e+04,2.968000000000000000e+04,2.996000000000000000e+04,3.024000000000000000e+04,3.052000000000000000e+04,3.080000000000000000e+04,3.108000000000000000e+04,3.136000000000000000e+04,3.164000000000000000e+04,3.192000000000000000e+04,3.220000000000000000e+04,3.248000000000000000e+04,3.276000000000000000e+04,3.304000000000000000e+04,3.332000000000000000e+04,3.360000000000000000e+04,3.388000000000000000e+04,3.416000000000000000e+04,3.444000000000000000e+04,3.472000000000000000e+04,3.500000000000000000e+04,3.528000000000000000e+04,3.556000000000000000e+04,3.584000000000000000e+04,3.612000000000000000e+04,3.640000000000000000e+04,3.668000000000000000e+04,3.696000000000000000e+04,3.724000000000000000e+04,3.752000000000000000e+04,3.780000000000000000e+04,3.808000000000000000e+04,3.836000000000000000e+04,3.864000000000000000e+04,3.892000000000000000e+04,3.920000000000000000e+04,3.948000000000000000e+04,3.976000000000000000e+04,4.004000000000000000e+04,4.032000000000000000e+04,4.060000000000000000e+04,4.088000000000000000e+04,4.116000000000000000e+04,4.144000000000000000e+04,4.172000000000000000e+04,4.200000000000000000e+04,4.228000000000000000e+04,4.256000000000000000e+04,4.284000000000000000e+04,4.312000000000000000e+04,4.340000000000000000e+04,4.368000000000000000e+04,4.396000000000000000e+04,4.424000000000000000e+04,4.452000000000000000e+04,4.480000000000000000e+04,4.508000000000000000e+04,4.536000000000000000e+04,4.564000000000000000e+04,4.592000000000000000e+04,4.620000000000000000e+04,4.648000000000000000e+04,4.676000000000000000e+04,4.704000000000000000e+04,4.732000000000000000e+04,4.760000000000000000e+04,4.788000000000000000e+04,4.816000000000000000e+04,4.844000000000000000e+04,4.872000000000000000e+04,4.900000000000000000e+04,4.928000000000000000e+04,4.956000000000000000e+04,4.984000000000000000e+04,5.012000000000000000e+04,5.040000000000000000e+04,5.068000000000000000e+04,5.096000000000000000e+04,5.124000000000000000e+04,5.152000000000000000e+04,5.180000000000000000e+04,5.208000000000000000e+04,5.236000000000000000e+04,5.264000000000000000e+04,5.292000000000000000e+04,5.320000000000000000e+04,5.348000000000000000e+04,5.376000000000000000e+04,5.404000000000000000e+04,5.432000000000000000e+04,5.460000000000000000e+04,5.488000000000000000e+04,5.516000000000000000e+04,5.544000000000000000e+04,5.572000000000000000e+04,5.600000000000000000e+04,5.628000000000000000e+04,5.656000000000000000e+04,5.684000000000000000e+04,5.712000000000000000e+04,5.740000000000000000e+04,5.768000000000000000e+04,5.796000000000000000e+04,5.824000000000000000e+04,5.852000000000000000e+04,5.880000000000000000e+04,5.908000000000000000e+04,5.936000000000000000e+04,5.964000000000000000e+04,5.992000000000000000e+04,6.020000000000000000e+04,6.048000000000000000e+04,6.076000000000000000e+04,6.104000000000000000e+04,6.132000000000000000e+04,6.160000000000000000e+04,6.188000000000000000e+04,6.216000000000000000e+04,6.244000000000000000e+04,6.272000000000000000e+04,6.300000000000000000e+04,6.328000000000000000e+04,6.356000000000000000e+04,6.384000000000000000e+04,6.412000000000000000e+04,6.440000000000000000e+04,6.468000000000000000e+04,6.496000000000000000e+04,6.524000000000000000e+04,6.552000000000000000e+04,6.580000000000000000e+04,6.608000000000000000e+04,6.636000000000000000e+04,6.664000000000000000e+04,6.692000000000000000e+04,6.720000000000000000e+04,6.748000000000000000e+04,6.776000000000000000e+04,6.804000000000000000e+04,6.832000000000000000e+04,6.860000000000000000e+04,6.888000000000000000e+04,6.916000000000000000e+04,6.944000000000000000e+04,6.972000000000000000e+04,7.000000000000000000e+04,7.028000000000000000e+04,7.056000000000000000e+04,7.084000000000000000e+04,7.112000000000000000e+04,7.140000000000000000e+04,7.168000000000000000e+04,7.196000000000000000e+04,7.224000000000000000e+04,7.252000000000000000e+04,7.280000000000000000e+04,7.308000000000000000e+04,7.336000000000000000e+04,7.364000000000000000e+04,7.392000000000000000e+04,7.420000000000000000e+04,7.448000000000000000e+04,7.476000000000000000e+04,7.504000000000000000e+04,7.532000000000000000e+04,7.560000000000000000e+04,7.588000000000000000e+04,7.616000000000000000e+04,7.644000000000000000e+04,7.672000000000000000e+04,7.700000000000000000e+04,7.728000000000000000e+04,7.756000000000000000e+04,7.784000000000000000e+04,7.812000000000000000e+04,7.840000000000000000e+04,7.868000000000000000e+04,7.896000000000000000e+04,7.924000000000000000e+04,7.952000000000000000e+04,7.980000000000000000e+04,8.008000000000000000e+04,8.036000000000000000e+04,8.064000000000000000e+04,8.092000000000000000e+04,8.120000000000000000e+04,8.148000000000000000e+04,8.176000000000000000e+04,8.204000000000000000e+04,8.232000000000000000e+04,8.260000000000000000e+04,8.288000000000000000e+04,8.316000000000000000e+04,8.344000000000000000e+04,8.372000000000000000e+04
0.000000000000000000e+00,2.810000000000000000e+02,5.620000000000000000e+02,8.430000000000000000e+02,1.124000000000000000e+03,1.405000000000000000e+03,1.686000000000000000e+03,1.967000000000000000e+03,2.248000000000000000e+03,2.529000000000000000e+03,2.810000000000000000e+03,3.091000000000000000e+03,3.372000000000000000e+03,3.653000000000000000e+03,3.934000000000000000e+03,4.215000000000000000e+03,4.496000000000000000e+03,4.777000000000000000e+03,5.058000000000000000e+03,5.339000000000000000e+03,5.620000000000000000e+03,5.901000000000000000e+03,6.182000000000000000e+03,6.463000000000000000e+03,6.744000000000000000e+03,7.025000000000000000e+03,7.306000000000000000e+03,7.587000000000000000e+03,7.868000000000000000e+03,8.149000000000000000e+03,8.430000000000000000e+03,8.711000000000000000e+03,8.992000000000000000e+03,9.273000000000000000e+03,9.554000000000000000e+03,9.835000000000000000e+03,1.011600000000000000e+04,1.039700000000000000e+04,1.067800000000000000e+04,1.095900000000000000e+04,1.124000000000000000e+04,1.152100000000000000e+04,1.180200000000000000e+04,1.208300000000000000e+04,1.236400000000000000e+04,1.264500000000000000e+04,1.292600000000000000e+04,1.320700000000000000e+04,1.348800000000000000e+04,1.376900000000000000e+04,1.405000000000000000e+04,1.433100000000000000e+04,1.461200000000000000e+04,1.489300000000000000e+04,1.517400000000000000e+04,1.545500000000000000e+04,1.573600000000000000e+04,1.601700000000000000e+04,1.629800000000000000e+04,1.657900000000000000e+04,1.686000000000000000e+04,1.714100000000000000e+04,1.742200000000000000e+04,1.770300000000000000e+04,1.798400000000000000e+04,1.826500000000000000e+04,1.854600000000000000e+04,1.882700000000000000e+04,1.910800000000000000e+04,1.938900000000000000e+04,1.967000000000000000e+04,1.995100000000000000e+04,2.023200000000000000e+04,2.051300000000000000e+04,2.079400000000000000e+04,2.107500000000000000e+04,2.135600000000000000e+04,2.163700000000000000e+04,2.191800000000000000e+04,2.219900000000000000e+04,2.248000000000000000e+04,2.276100000000000000e+04,2.304200000000000000e+04,2.332300000000000000e+04,2.360400000000000000e+04,2.388500000000000000e+04,2.416600000000000000e+04,2.444700000000000000e+04,2.472800000000000000e+04,2.500900000000000000e+04,2.529000000000000000e+04,2.557100000000000000e+04,2.585200000000000000e+04,2.613300000000000000e+04,2.641400000000000000e+04,2.669500000000000000e+04,2.697600000000000000e+04,2.725700000000000000e+04,2.753800000000000000e+04,2.781900000000000000e+04,2.810000000000000000e+04,2.838100000000000000e+04,2.866200000000000000e+04,2.894300000000000000e+04,2.922400000000000000e+04,2.950500000000000000e+04,2.978600000000000000e+04,3.006700000000000000e+04,3.034800000000000000e+04,3.062900000000000000e+04,3.091000000000000000e+04,3.119100000000000000e+04,3.147200000000000000e+04,3.175300000000000000e+04,3.203400000000000000e+04,3.231500000000000000e+04,3.259600000000000000e+04,3.287700000000000000e+04,3.315800000000000000e+04,3.343900000000000000e+04,3.372000000000000000e+04,3.400100000000000000e+04,3.428200000000000000e+04,3.456300000000000000e+04,3.484400000000000000e+04,3.512500000000000000e+04,3.540600000000000000e+04,3.568700000000000000e+04,3.596800000000000000e+04,3.624900000000000000e+04,3.653000000000000000e+04,3.681100000000000000e+04,3.709200000000000000e+04,3.737300000000000000e+04,3.765400000000000000e+04,3.793500000000000000e+04,3.821600000000000000e+04,3.849700000000000000e+04,3.877800000000000000e+04,3.905900000000000000e+04,3.934000000000000000e+04,3.962100000000000000e+04,3.990200000000000000e+04,4.018300000000000000e+04,4.046400000000000000e+04,4.074500000000000000e+04,4.102600000000000000e+04,4.130700000000000000e+04,4.158800000000000000e+04,4.186900000000000000e+04,4.215000000000000000e+04,4.243100000000000000e+04,4.271200000000000000e+04,4.299300000000000000e+04,4.327400000000000000e+04,4.355500000000000000e+04,4.383600000000000000e+04,4.411700000000000000e+04,4.439800000000000000e+04,4.467900000000000000e+04,4.496000000000000000e+04,4.524100000000000000e+04,4.552200000000000000e+04,4.580300000000000000e+04,4.608400000000000000e+04,4.636500000000000000e+04,4.664600000000000000e+04,4.692700000000000000e+04,4.720800000000000000e+04,4.748900000000000000e+04,4.777000000000000000e+04,4.805100000000000000e+04,4.833200000000000000e+04,4.861300000000000000e+04,4.889400000000000000e+04,4.917500000000000000e+04,4.945600000000000000e+04,4.973700000000000000e+04,5.001800000000000000e+04,5.029900000000000000e+04,5.058000000000000000e+04,5.086100000000000000e+04,5.114200000000000000e+04,5.142300000000000000e+04,5.170400000000000000e+04,5.198500000000000000e+04,5.226600000000000000e+04,5.254700000000000000e+04,5.282800000000000000e+04,5.310900000000000000e+04,5.339000000000000000e+04,5.367100000000000000e+04,5.395200000000000000e+04,5.423300000000000000e+04,5.451400000000000000e+04,5.479500000000000000e+04,5.507600000000000000e+04,5.535700000000000000e+04,5.563800000000000000e+04,5.591900000000000000e+04,5.620000000000000000e+04,5.648100000000000000e+04,5.676200000000000000e+04,5.704300000000000000e+04,5.732400000000000000e+04,5.760500000000000000e+04,5.788600000000000000e+04,5.816700000000000000e+04,5.844800000000000000e+04,5.872900000000000000e+04,5.901000000000000000e+04,5.929100000000000000e+04,5.957200000000000000e+04,5.985300000000000000e+04,6.013400000000000000e+04,6.041500000000000000e+04,6.069600000000000000e+04,6.097700000000000000e+04,6.125800000000000000e+04,6.153900000000000000e+04,6.182000000000000000e+04,6.210100000000000000e+04,6.238200000000000000e+04,6.266300000000000000e+04,6.294400000000000000e+04,6.322500000000000000e+04,6.350600000000000000e+04,6.378700000000000000e+04,6.406800000000000000e+04,6.434900000000000000e+04,6.463000000000000000e+04,6.491100000000000000e+04,6.519200000000000000e+04,6.547300000000000000e+04,6.575400000000000000e+04,6.603500000000000000e+04,6.631600000000000000e+04,6.659700000000000000e+04,6.687800000000000000e+04,6.715900000000000000e+04,6.744000000000000000e+04,6.772100000000000000e+04,6.800200000000000000e+04,6.828300000000000000e+04,6.856400000000000000e+04,6.884500000000000000e+04,6.912600000000000000e+04,6.940700000000000000e+04,6.968800000000000000e+04,6.996900000000000000e+04,7.025000000000000000e+04,7.053100000000000000e+04,7.081200000000000000e+04,7.109300000000000000e+04,7.137400000000000000e+04,7.165500000000000000e+04,7.193600000000000000e+04,7.221700000000000000e+04,7.249800000000000000e+04,7.277900000000000000e+04,7.306000000000000000e+04,7.334100000000000000e+04,7.362200000000000000e+04,7.390300000000000000e+04,7.418400000000000000e+04,7.446500000000000000e+04,7.474600000000000000e+04,7.502700000000000000e+04,7.530800000000000000e+04,7.558900000000000000e+04,7.587000000000000000e+04,7.615100000000000000e+04,7.643200000000000000e+04,7.671300000000000000e+04,7.699400000000000000e+04,7.727500000000000000e+04,7.755600000000000000e+04,7.783700000000000000e+04,7.811800000000000000e+04,7.839900000000000000e+04,7.868000000000000000e+04,7.896100000000000000e+04,7.924200000000000000e+04,7.952300000000000000e+04,7.980400000000000000e+04,8.008500000000000000e+04,8.036600000000000000e+04,8.064700000000000000e+04,8.092800000000000000e+04,8.120900000000000000e+04,8.149000000000000000e+04,8.177100000000000000e+04,8.205200000000000000e+04,8.233300000000000000e+04,8.261400000000000000e+04,8.289500000000000000e+04,8.317600000000000000e+04,8.345700000000000000e+04,8.373800000000000000e+04,8.401900000000000000e+04
0.000000000000000000e+00,2.820000000000000000e+02,5.640000000000000000e+02,8.460000000000000000e+02,1.128000000000000000e+03,1.410000000000000000e+03,1.692000000000000000e+03,1.974000000000000000e+03,2.256000000000000000e+03,2.538000000000000000e+03,2.820000000000000000e+03,3.102000000000000000e+03,3.384000000000000000e+03,3.666000000000000000e+03,3.948000000000000000e+03,4.230000000000000000e+03,4.512000000000000000e+03,4.794000000000000000e+03,5.076000000000000000e+03,5.358000000000000000e+03,5.640000000000000000e+03,5.922000000000000000e+03,6.204000000000000000e+03,6.486000000000000000e+03,6.768000000000000000e+03,7.050000000000000000e+03,7.332000000000000000e+03,7.614000000000000000e+03,7.896000000000000000e+03,8.178000000000000000e+03,8.460000000000000000e+03,8.742000000000000000e+03,9.024000000000000000e+03,9.306000000000000000e+03,9.588000000000000000e+03,9.870000000000000000e+03,1.015200000000000000e+04,1.043400000000000000e+04,1.071600000000000000e+04,1.099800000000000000e+04,1.128000000000000000e+04,1.156200000000000000e+04,1.184400000000000000e+04,1.212600000000000000e+04,1.240800000000000000e+04,1.269000000000000000e+04,1.297200000000000000e+04,1.325400000000000000e+04,1.353600000000000000e+04,1.381800000000000000e+04,1.410000000000000000e+04,1.438200000000000000e+04,1.466400000000000000e+04,1.494600000000000000e+04,1.522800000000000000e+04,1.551000000000000000e+04,1.579200000000000000e+04,1.607400000000000000e+04,1.635600000000000000e+04,1.663800000000000000e+04,1.692000000000000000e+04,1.720200000000000000e+04,1.748400000000000000e+04,1.776600000000000000e+04,1.804800000000000000e+04,1.833000000000000000e+04,1.861200000000000000e+04,1.889400000000000000e+04,1.917600000000000000e+04,1.945800000000000000e+04,1.974000000000000000e+04,2.002200000000000000e+04,2.030400000000000000e+04,2.058600000000000000e+04,2.086800000000000000e+04,2.115000000000000000e+04,2.143200000000000000e+04,2.171400000000000000e+04,2.199600000000000000e+04,2.227800000000000000e+04,2.256000000000000000e+04,2.284200000000000000e+04,2.312400000000000000e+04,2.340600000000000000e+04,2.368800000000000000e+04,2.397000000000000000e+04,2.425200000000000000e+04,2.453400000000000000e+04,2.481600000000000000e+04,2.509800000000000000e+04,2.538000000000000000e+04,2.566200000000000000e+04,2.594400000000000000e+04,2.622600000000000000e+04,2.650800000000000000e+04,2.679000000000000000e+04,2.707200000000000000e+04,2.735400000000000000e+04,2.763600000000000000e+04,2.791800000000000000e+04,2.820000000000000000e+04,2.848200000000000000e+04,2.876400000000000000e+04,2.904600000000000000e+04,2.932800000000000000e+04,2.961000000000000000e+04,2.989200000000000000e+04,3.017400000000000000e+04,3.045600000000000000e+04,3.073800000000000000e+04,3.102000000000000000e+04,3.130200000000000000e+04,3.158400000000000000e+04,3.186600000000000000e+04,3.214800000000000000e+04,3.243000000000000000e+04,3.271200000000000000e+04,3.299400000000000000e+04,3.327600000000000000e+04,3.355800000000000000e+04,3.384000000000000000e+04,3.412200000000000000e+04,3.440400000000000000e+04,3.468600000000000000e+04,3.496800000000000000e+04,3.525000000000000000e+04,3.553200000000000000e+04,3.581400000000000000e+04,3.609600000000000000e+04,3.637800000000000000e+04,3.666000000000000000e+04,3.694200000000000000e+04,3.722400000000000000e+04,3.750600000000000000e+04,3.778800000000000000e+04,3.807000000000000000e+04,3.835200000000000000e+04,3.863400000000000000e+04,3.891600000000000000e+04,3.919800000000000000e+04,3.948000000000000000e+04,3.976200000000000000e+04,4.004400000000000000e+04,4.032600000000000000e+04,4.060800000000000000e+04,4.089000000000000000e+04,4.117200000000000000e+04,4.145400000000000000e+04,4.173600000000000000e+04,4.201800000000000000e+04,4.230000000000000000e+04,4.258200000000000000e+04,4.286400000000000000e+04,4.314600000000000000e+04,4.342800000000000000e+04,4.371000000000000000e+04,4.399200000000000000e+04,4.427400000000000000e+04,4.455600000000000000e+04,4.483800000000000000e+04,4.512000000000000000e+04,4.540200000000000000e+04,4.568400000000000000e+04,4.596600000000000000e+04,4.624800000000000000e+04,4.653000000000000000e+04,4.681200000000000000e+04,4.709400000000000000e+04,4.737600000000000000e+04,4.765800000000000000e+04,4.794000000000000000e+04,4.822200000000000000e+04,4.850400000000000000e+04,4.878600000000000000e+04,4.906800000000000000e+04,4.935000000000000000e+04,4.963200000000000000e+04,4.991400000000000000e+04,5.019600000000000000e+04,5.047800000000000000e+04,5.076000000000000000e+04,5.104200000000000000e+04,5.132400000000000000e+04,5.160600000000000000e+04,5.188800000000000000e+04,5.217000000000000000e+04,5.245200000000000000e+04,5.273400000000000000e+04,5.301600000000000000e+04,5.329800000000000000e+04,5.358000000000000000e+04,5.386200000000000000e+04,5.414400000000000000e+04,5.442600000000000000e+04,5.470800000000000000e+04,5.499000000000000000e+04,5.527200000000000000e+04,5.555400000000000000e+04,5.583600000000000000e+04,5.611800000000000000e+04,5.640000000000000000e+04,5.668200000000000000e+04,5.696400000000000000e+04,5.724600000000000000e+04,5.752800000000000000e+04,5.781000000000000000e+04,5.809200000000000000e+04,5.837400000000000000e+04,5.865600000000000000e+04,5.893800000000000000e+04,5.922000000000000000e+04,5.950200000000000000e+04,5.978400000000000000e+04,6.006600000000000000e+04,6.034800000000000000e+04,6.063000000000000000e+04,6.091200000000000000e+04,6.119400000000000000e+04,6.147600000000000000e+04,6.175800000000000000e+04,6.204000000000000000e+04,6.232200000000000000e+04,6.260400000000000000e+04,6.288600000000000000e+04,6.316800000000000000e+04,6.345000000000000000e+04,6.373200000000000000e+04,6.401400000000000000e+04,6.429600000000000000e+04,6.457800000000000000e+04,6.486000000000000000e+04,6.514200000000000000e+04,6.542400000000000000e+04,6.570600000000000000e+04,6.598800000000000000e+04,6.627000000000000000e+04,6.655200000000000000e+04,6.683400000000000000e+04,6.711600000000000000e+04,6.739800000000000000e+04,6.768000000000000000e+04,6.796200000000000000e+04,6.824400000000000000e+04,6.852600000000000000e+04,6.880800000000000000e+04,6.909000000000000000e+04,6.937200000000000000e+04,6.965400000000000000e+04,6.993600000000000000e+04,7.021800000000000000e+04,7.050000000000000000e+04,7.078200000000000000e+04,7.106400000000000000e+04,7.134600000000000000e+04,7.162800000000000000e+04,7.191000000000000000e+04,7.219200000000000000e+04,7.247400000000000000e+04,7.275600000000000000e+04,7.303800000000000000e+04,7.332000000000000000e+04,7.360200000000000000e+04,7.388400000000000000e+04,7.416600000000000000e+04,7.444800000000000000e+04,7.473000000000000000e+04,7.501200000000000000e+04,7.529400000000000000e+04,7.557600000000000000e+04,7.585800000000000000e+04,7.614000000000000000e+04,7.642200000000000000e+04,7.670400000000000000e+04,7.698600000000000000e+04,7.726800000000000000e+04,7.755000000000000000e+04,7.783200000000000000e+04,7.811400000000000000e+04,7.839600000000000000e+04,7.867800000000000000e+04,7.896000000000000000e+04,7.924200000000000000e+04,7.952400000000000000e+04,7.980600000000000000e+04,8.008800000000000000e+04,8.037000000000000000e+04,8.065200000000000000e+04,8.093400000000000000e+04,8.121600000000000000e+04,8.149800000000000000e+04,8.178000000000000000e+04,8.206200000000000000e+04,8.234400000000000000e+04,8.262600000000000000e+04,8.290800000000000000e+04,8.319000000000000000e+04,8.347200000000000000e+04,8.375400000000000000e+04,8.403600000000000000e+04,8.431800000000000000e+04
0.000000000000000000e+00,2.830000000000000000e+02,5.660000000000000000e+02,8.490000000000000000e+02,1.132000000000000000e+03,1.415000000000000000e+03,1.698000000000000000e+03,1.981000000000000000e+03,2.264000000000000000e+03,2.547000000000000000e+03,2.830000000000000000e+03,3.113000000000000000e+03,3.396000000000000000e+03,3.679000000000000000e+03,3.962000000000000000e+03,4.245000000000000000e+03,4.528000000000000000e+03,4.811000000000000000e+03,5.094000000000000000e+03,5.377000000000000000e+03,5.660000000000000000e+03,5.943000000000000000e+03,6.226000000000000000e+03,6.509000000000000000e+03,6.792000000000000000e+03,7.075000000000000000e+03,7.358000000000000000e+03,7.641000000000000000e+03,7.924000000000000000e+03,8.207000000000000000e+03,8.490000000000000000e+03,8.773000000000000000e+03,9.056000000000000000e+03,9.339000000000000000e+03,9.622000000000000000e+03,9.905000000000000000e+03,1.018800000000000000e+04,1.047100000000000000e+04,1.075400000000000000e+04,1.103700000000000000e+04,1.132000000000000000e+04,1.160300000000000000e+04,1.188600000000000000e+04,1.216900000000000000e+04,1.245200000000000000e+04,1.273500000000000000e+04,1.301800000000000000e+04,1.330100000000000000e+04,1.358400000000000000e+04,1.386700000000000000e+04,1.415000000000000000e+04,1.443300000000000000e+04,1.471600000000000000e+04,1.499900000000000000e+04,1.528200000000000000e+04,1.556500000000000000e+04,1.584800000000000000e+04,1.613100000000000000e+04,1.641400000000000000e+04,1.669700000000000000e+04,1.698000000000000000e+04,1.726300000000000000e+04,1.754600000000000000e+04,1.782900000000000000e+04,1.811200000000000000e+04,1.839500000000000000e+04,1.867800000000000000e+04,1.896100000000000000e+04,1.924400000000000000e+04,1.952700000000000000e+04,1.981000000000000000e+04,2.009300000000000000e+04,2.037600000000000000e+04,2.065900000000000000e+04,2.094200000000000000e+04,2.122500000000000000e+04,2.150800000000000000e+04,2.179100000000000000e+04,2.207400000000000000e+04,2.235700000000000000e+04,2.264000000000000000e+04,2.292300000000000000e+04,2.320600000000000000e+04,2.348900000000000000e+04,2.377200000000000000e+04,2.405500000000000000e+04,2.433800000000000000e+04,2.462100000000000000e+04,2.490400000000000000e+04,2.518700000000000000e+04,2.547000000000000000e+04,2.575300000000000000e+04,2.603600000000000000e+04,2.631900000000000000e+04,2.660200000000000000e+04,2.688500000000000000e+04,2.716800000000000000e+04,2.745100000000000000e+04,2.773400000000000000e+04,2.801700000000000000e+04,2.830000000000000000e+04,2.858300000000000000e+04,2.886600000000000000e+04,2.914900000000000000e+04,2.943200000000000000e+04,2.971500000000000000e+04,2.999800000000000000e+04,3.028100000000000000e+04,3.056400000000000000e+04,3.084700000000000000e+04,3.113000000000000000e+04,3.141300000000000000e+04,3.169600000000000000e+04,3.197900000000000000e+04,3.226200000000000000e+04,3.254500000000000000e+04,3.282800000000000000e+04,3.311100000000000000e+04,3.339400000000000000e+04,3.367700000000000000e+04,3.396000000000000000e+04,3.424300000000000000e+04,3.452600000000000000e+04,3.480900000000000000e+04,3.509200000000000000e+04,3.537500000000000000e+04,3.565800000000000000e+04,3.594100000000000000e+04,3.622400000000000000e+04,3.650700000000000000e+04,3.679000000000000000e+04,3.707300000000000000e+04,3.735600000000000000e+04,3.763900000000000000e+04,3.792200000000000000e+04,3.820500000000000000e+04,3.848800000000000000e+04,3.877100000000000000e+04,3.905400000000000000e+04,3.933700000000000000e+04,3.962000000000000000e+04,3.990300000000000000e+04,4.018600000000000000e+04,4.046900000000000000e+04,4.075200000000000000e+04,4.103500000000000000e+04,4.131800000000000000e+04,4.160100000000000000e+04,4.188400000000000000e+04,4.216700000000000000e+04,4.245000000000000000e+04,4.273300000000000000e+04,4.301600000000000000e+04,4.329900000000000000e+04,4.358200000000000000e+04,4.386500000000000000e+04,4.414800000000000000e+04,4.443100000000000000e+04,4.471400000000000000e+04,4.499700000000000000e+04,4.528000000000000000e+04,4.556300000000000000e+04,4.584600000000000000e+04,4.612900000000000000e+04,4.641200000000000000e+04,4.669500000000000000e+04,4.697800000000000000e+04,4.726100000000000000e+04,4.754400000000000000e+04,4.782700000000000000e+04,4.811000000000000000e+04,4.839300000000000000e+04,4.867600000000000000e+04,4.895900000000000000e+04,4.924200000000000000e+04,4.952500000000000000e+04,4.980800000000000000e+04,5.009100000000000000e+04,5.037400000000000000e+04,5.065700000000000000e+04,5.094000000000000000e+04,5.122300000000000000e+04,5.150600000000000000e+04,5.178900000000000000e+04,5.207200000000000000e+04,5.235500000000000000e+04,5.263800000000000000e+04,5.292100000000000000e+04,5.320400000000000000e+04,5.348700000000000000e+04,5.377000000000000000e+04,5.405300000000000000e+04,5.433600000000000000e+04,5.461900000000000000e+04,5.490200000000000000e+04,5.518500000000000000e+04,5.546800000000000000e+04,5.575100000000000000e+04,5.603400000000000000e+04,5.631700000000000000e+04,5.660000000000000000e+04,5.688300000000000000e+04,5.716600000000000000e+04,5.744900000000000000e+04,5.773200000000000000e+04,5.801500000000000000e+04,5.829800000000000000e+04,5.858100000000000000e+04,5.886400000000000000e+04,5.914700000000000000e+04,5.943000000000000000e+04,5.971300000000000000e+04,5.999600000000000000e+04,6.027900000000000000e+04,6.056200000000000000e+04,6.084500000000000000e+04,6.112800000000000000e+04,6.141100000000000000e+04,6.169400000000000000e+04,6.197700000000000000e+04,6.226000000000000000e+04,6.254300000000000000e+04,6.282600000000000000e+04,6.310900000000000000e+04,6.339200000000000000e+04,6.367500000000000000e+04,6.395800000000000000e+04,6.424100000000000000e+04,6.452400000000000000e+04,6.480700000000000000e+04,6.509000000000000000e+04,6.537300000000000000e+04,6.565600000000000000e+04,6.593900000000000000e+04,6.622200000000000000e+04,6.650500000000000000e+04,6.678800000000000000e+04,6.707100000000000000e+04,6.735400000000000000e+04,6.763700000000000000e+04,6.792000000000000000e+04,6.820300000000000000e+04,6.848600000000000000e+04,6.876900000000000000e+04,6.905200000000000000e+04,6.933500000000000000e+04,6.961800000000000000e+04,6.990100000000000000e+04,7.018400000000000000e+04,7.046700000000000000e+04,7.075000000000000000e+04,7.103300000000000000e+04,7.131600000000000000e+04,7.159900000000000000e+04,7.188200000000000000e+04,7.216500000000000000e+04,7.244800000000000000e+04,7.273100000000000000e+04,7.301400000000000000e+04,7.329700000000000000e+04,7.358000000000000000e+04,7.386300000000000000e+04,7.414600000000000000e+04,7.442900000000000000e+04,7.471200000000000000e+04,7.499500000000000000e+04,7.527800000000000000e+04,7.556100000000000000e+04,7.584400000000000000e+04,7.612700000000000000e+04,7.641000000000000000e+04,7.669300000000000000e+04,7.697600000000000000e+04,7.725900000000000000e+04,7.754200000000000000e+04,7.782500000000000000e+04,7.810800000000000000e+04,7.839100000000000000e+04,7.867400000000000000e+04,7.895700000000000000e+04,7.924000000000000000e+04,7.952300000000000000e+04,7.980600000000000000e+04,8.008900000000000000e+04,8.037200000000000000e+04,8.065500000000000000e+04,8.093800000000000000e+04,8.122100000000000000e+04,8.150400000000000000e+04,8.178700000000000000e+04,8.207000000000000000e+04,8.235300000000000000e+04,8.263600000000000000e+04,8.291900000000000000e+04,8.320200000000000000e+04,8.348500000000000000e+04,8.376800000000000000e+04,8.405100000000000000e+04,8.433400000000000000e+04,8.461700000000000000e+04
0.000000000000000000e+00,2.840000000000000000e+02,5.680000000000000000e+02,8.520000000000000000e+02,1.136000000000000000e+03,1.420000000000000000e+03,1.704000000000000000e+03,1.988000000000000000e+03,2.272000000000000000e+03,2.556000000000000000e+03,2.840000000000000000e+03,3.124000000000000000e+03,3.408000000000000000e+03,3.692000000000000000e+03,3.976000000000000000e+03,4.260000000000000000e+03,4.544000000000000000e+03,4.828000000000000000e+03,5.112000000000000000e+03,5.396000000000000000e+03,5.680000000000000000e+03,5.964000000000000000e+03,6.248000000000000000e+03,6.532000000000000000e+03,6.816000000000000000e+03,7.100000000000000000e+03,7.384000000000000000e+03,7.668000000000000000e+03,7.952000000000000000e+03,8.236000000000000000e+03,8.520000000000000000e+03,8.804000000000000000e+03,9.088000000000000000e+03,9.372000000000000000e+03,9.656000000000000000e+03,9.940000000000000000e+03,1.022400000000000000e+04,1.050800000000000000e+04,1.079200000000000000e+04,1.107600000000000000e+04,1.136000000000000000e+04,1.164400000000000000e+04,1.192800000000000000e+04,1.221200000000000000e+04,1.249600000000000000e+04,1.278000000000000000e+04,1.306400000000000000e+04,1.334800000000000000e+04,1.363200000000000000e+04,1.391600000000000000e+04,1.420000000000000000e+04,1.448400000000000000e+04,1.476800000000000000e+04,1.505200000000000000e+04,1.533600000000000000e+04,1.562000000000000000e+04,1.590400000000000000e+04,1.618800000000000000e+04,1.647200000000000000e+04,1.675600000000000000e+04,1.704000000000000000e+04,1.732400000000000000e+04,1.760800000000000000e+04,1.789200000000000000e+04,1.817600000000000000e+04,1.846000000000000000e+04,1.874400000000000000e+04,1.902800000000000000e+04,1.931200000000000000e+04,1.959600000000000000e+04,1.988000000000000000e+04,2.016400000000000000e+04,2.044800000000000000e+04,2.073200000000000000e+04,2.101600000000000000e+04,2.130000000000000000e+04,2.158400000000000000e+04,2.186800000000000000e+04,2.215200000000000000e+04,2.243600000000000000e+04,2.272000000000000000e+04,2.300400000000000000e+04,2.328800000000000000e+04,2.357200000000000000e+04,2.385600000000000000e+04,2.414000000000000000e+04,2.442400000000000000e+04,2.470800000000000000e+04,2.499200000000000000e+04,2.527600000000000000e+04,2.556000000000000000e+04,2.584400000000000000e+04,2.612800000000000000e+04,2.641200000000000000e+04,2.669600000000000000e+04,2.698000000000000000e+04,2.726400000000000000e+04,2.754800000000000000e+04,2.783200000000000000e+04,2.811600000000000000e+04,2.840000000000000000e+04,2.868400000000000000e+04,2.896800000000000000e+04,2.925200000000000000e+04,2.953600000000000000e+04,2.982000000000000000e+04,3.010400000000000000e+04,3.038800000000000000e+04,3.067200000000000000e+04,3.095600000000000000e+04,3.124000000000000000e+04,3.152400000000000000e+04,3.180800000000000000e+04,3.209200000000000000e+04,3.237600000000000000e+04,3.266000000000000000e+04,3.294400000000000000e+04,3.322800000000000000e+04,3.351200000000000000e+04,3.379600000000000000e+04,3.408000000000000000e+04,3.436400000000000000e+04,3.464800000000000000e+04,3.493200000000000000e+04,3.521600000000000000e+04,3.550000000000000000e+04,3.578400000000000000e+04,3.606800000000000000e+04,3.635200000000000000e+04,3.663600000000000000e+04,3.692000000000000000e+04,3.720400000000000000e+04,3.748800000000000000e+04,3.777200000000000000e+04,3.805600000000000000e+04,3.834000000000000000e+04,3.862400000000000000e+04,3.890800000000000000e+04,3.919200000000000000e+04,3.947600000000000000e+04,3.976000000000000000e+04,4.004400000000000000e+04,4.032800000000000000e+04,4.061200000000000000e+04,4.089600000000000000e+04,4.118000000000000000e+04,4.146400000000000000e+04,4.174800000000000000e+04,4.203200000000000000e+04,4.231600000000000000e+04,4.260000000000000000e+04,4.288400000000000000e+04,4.316800000000000000e+04,4.345200000000000000e+04,4.373600000000000000e+04,4.402000000000000000e+04,4.430400000000000000e+04,4.458800000000000000e+04,4.487200000000000000e+04,4.515600000000000000e+04,4.544000000000000000e+04,4.572400000000000000e+04,4.600800000000000000e+04,4.629200000000000000e+04,4.657600000000000000e+04,4.686000000000000000e+04,4.714400000000000000e+04,4.742800000000000000e+04,4.771200000000000000e+04,4.799600000000000000e+04,4.828000000000000000e+04,4.856400000000000000e+04,4.884800000000000000e+04,4.913200000000000000e+04,4.941600000000000000e+04,4.970000000000000000e+04,4.998400000000000000e+04,5.026800000000000000e+04,5.055200000000000000e+04,5.083600000000000000e+04,5.112000000000000000e+04,5.140400000000000000e+04,5.168800000000000000e+04,5.197200000000000000e+04,5.225600000000000000e+04,5.254000000000000000e+04,5.282400000000000000e+04,5.310800000000000000e+04,5.339200000000000000e+04,5.367600000000000000e+04,5.396000000000000000e+04,5.424400000000000000e+04,5.452800000000000000e+04,5.481200000000000000e+04,5.509600000000000000e+04,5.538000000000000000e+04,5.566400000000000000e+04,5.594800000000000000e+04,5.623200000000000000e+04,5.651600000000000000e+04,5.680000000000000000e+04,5.708400000000000000e+04,5.736800000000000000e+04,5.765200000000000000e+04,5.793600000000000000e+04,5.822000000000000000e+04,5.850400000000000000e+04,5.878800000000000000e+04,5.907200000000000000e+04,5.935600000000000000e+04,5.964000000000000000e+04,5.992400000000000000e+04,6.020800000000000000e+04,6.049200000000000000e+04,6.077600000000000000e+04,6.106000000000000000e+04,6.134400000000000000e+04,6.162800000000000000e+04,6.191200000000000000e+04,6.219600000000000000e+04,6.248000000000000000e+04,6.276400000000000000e+04,6.304800000000000000e+04,6.333200000000000000e+04,6.361600000000000000e+04,6.390000000000000000e+04,6.418400000000000000e+04,6.446800000000000000e+04,6.475200000000000000e+04,6.503600000000000000e+04,6.532000000000000000e+04,6.560400000000000000e+04,6.588800000000000000e+04,6.617200000000000000e+04,6.645600000000000000e+04,6.674000000000000000e+04,6.702400000000000000e+04,6.730800000000000000e+04,6.759200000000000000e+04,6.787600000000000000e+04,6.816000000000000000e+04,6.844400000000000000e+04,6.872800000000000000e+04,6.901200000000000000e+04,6.929600000000000000e+04,6.958000000000000000e+04,6.986400000000000000e+04,7.014800000000000000e+04,7.043200000000000000e+04,7.071600000000000000e+04,7.100000000000000000e+04,7.128400000000000000e+04,7.156800000000000000e+04,7.185200000000000000e+04,7.213600000000000000e+04,7.242000000000000000e+04,7.270400000000000000e+04,7.298800000000000000e+04,7.327200000000000000e+04,7.355600000000000000e+04,7.384000000000000000e+04,7.412400000000000000e+04,7.440800000000000000e+04,7.469200000000000000e+04,7.497600000000000000e+04,7.526000000000000000e+04,7.554400000000000000e+04,7.582800000000000000e+04,7.611200000000000000e+04,7.639600000000000000e+04,7.668000000000000000e+04,7.696400000000000000e+04,7.724800000000000000e+04,7.753200000000000000e+04,7.781600000000000000e+04,7.810000000000000000e+04,7.838400000000000000e+04,7.866800000000000000e+04,7.895200000000000000e+04,7.923600000000000000e+04,7.952000000000000000e+04,7.980400000000000000e+04,8.008800000000000000e+04,8.037200000000000000e+04,8.065600000000000000e+04,8.094000000000000000e+04,8.122400000000000000e+04,8.150800000000000000e+04,8.179200000000000000e+04,8.207600000000000000e+04,8.236000000000000000e+04,8.264400000000000000e+04,8.292800000000000000e+04,8.321200000000000000e+04,8.349600000000000000e+04,8.378000000000000000e+04,8.406400000000000000e+04,8.434800000000000000e+04,8.463200000000000000e+04,8.491600000000000000e+04
0.000000000000000000e+00,2.850000000000000000e+02,5.700000000000000000e+02,8.550000000000000000e+02,1.140000000000000000e+03,1.425000000000000000e+03,1.710000000000000000e+03,1.995000000000000000e+03,2.280000000000000000e+03,2.565000000000000000e+03,2.850000000000000000e+03,3.135000000000000000e+03,3.420000000000000000e+03,3.705000000000000000e+03,3.990000000000000000e+03,4.275000000000000000e+03,4.560000000000000000e+03,4.845000000000000000e+03,5.130000000000000000e+03,5.415000000000000000e+03,5.700000000000000000e+03,5.985000000000000000e+03,6.270000000000000000e+03,6.555000000000000000e+03,6.840000000000000000e+03,7.125000000000000000e+03,7.410000000000000000e+03,7.695000000000000000e+03,7.980000000000000000e+03,8.265000000000000000e+03,8.550000000000000000e+03,8.835000000000000000e+03,9.120000000000000000e+03,9.405000000000000000e+03,9.690000000000000000e+03,9.975000000000000000e+03,1.026000000000000000e+04,1.054500000000000000e+04,1.083000000000000000e+04,1.111500000000000000e+04,1.140000000000000000e+04,1.168500000000000000e+04,1.197000000000000000e+04,1.225500000000000000e+04,1.254000000000000000e+04,1.282500000000000000e+04,1.311000000000000000e+04,1.339500000000000000e+04,1.368000000000000000e+04,1.396500000000000000e+04,1.425000000000000000e+04,1.453500000000000000e+04,1.482000000000000000e+04,1.510500000000000000e+04,1.539000000000000000e+04,1.567500000000000000e+04,1.596000000000000000e+04,1.624500000000000000e+04,1.653000000000000000e+04,1.681500000000000000e+04,1.710000000000000000e+04,1.738500000000000000e+04,1.767000000000000000e+04,1.795500000000000000e+04,1.824000000000000000e+04,1.852500000000000000e+04,1.881000000000000000e+04,1.909500000000000000e+04,1.938000000000000000e+04,1.966500000000000000e+04,1.995000000000000000e+04,2.023500000000000000e+04,2.052000000000000000e+04,2.080500000000000000e+04,2.109000000000000000e+04,2.137500000000000000e+04,2.166000000000000000e+04,2.194500000000000000e+04,2.223000000000000000e+04,2.251500000000000000e+04,2.280000000000000000e+04,2.308500000000000000e+04,2.337000000000000000e+04,2.365500000000000000e+04,2.394000000000000000e+04,2.422500000000000000e+04,2.451000000000000000e+04,2.479500000000000000e+04,2.508000000000000000e+04,2.536500000000000000e+04,2.565000000000000000e+04,2.593500000000000000e+04,2.622000000000000000e+04,2.650500000000000000e+04,2.679000000000000000e+04,2.707500000000000000e+04,2.736000000000000000e+04,2.764500000000000000e+04,2.793000000000000000e+04,2.821500000000000000e+04,2.850000000000000000e+04,2.878500000000000000e+04,2.907000000000000000e+04,2.935500000000000000e+04,2.964000000000000000e+04,2.992500000000000000e+04,3.021000000000000000e+04,3.049500000000000000e+04,3.078000000000000000e+04,3.106500000000000000e+04,3.135000000000000000e+04,3.163500000000000000e+04,3.192000000000000000e+04,3.220500000000000000e+04,3.249000000000000000e+04,3.277500000000000000e+04,3.306000000000000000e+04,3.334500000000000000e+04,3.363000000000000000e+04,3.391500000000000000e+04,3.420000000000000000e+04,3.448500000000000000e+04,3.477000000000000000e+04,3.505500000000000000e+04,3.534000000000000000e+04,3.562500000000000000e+04,3.591000000000000000e+04,3.619500000000000000e+04,3.648000000000000000e+04,3.676500000000000000e+04,3.705000000000000000e+04,3.733500000000000000e+04,3.762000000000000000e+04,3.790500000000000000e+04,3.819000000000000000e+04,3.847500000000000000e+04,3.876000000000000000e+04,3.904500000000000000e+04,3.933000000000000000e+04,3.961500000000000000e+04,3.990000000000000000e+04,4.018500000000000000e+04,4.047000000000000000e+04,4.075500000000000000e+04,4.104000000000000000e+04,4.132500000000000000e+04,4.161000000000000000e+04,4.189500000000000000e+04,4.218000000000000000e+04,4.246500000000000000e+04,4.275000000000000000e+04,4.303500000000000000e+04,4.332000000000000000e+04,4.360500000000000000e+04,4.389000000000000000e+04,4.417500000000000000e+04,4.446000000000000000e+04,4.474500000000000000e+04,4.503000000000000000e+04,4.531500000000000000e+04,4.560000000000000000e+04,4.588500000000000000e+04,4.617000000000000000e+04,4.645500000000000000e+04,4.674000000000000000e+04,4.702500000000000000e+04,4.731000000000000000e+04,4.759500000000000000e+04,4.788000000000000000e+04,4.816500000000000000e+04,4.845000000000000000e+04,4.873500000000000000e+04,4.902000000000000000e+04,4.930500000000000000e+04,4.959000000000000000e+04,4.987500000000000000e+04,5.016000000000000000e+04,5.044500000000000000e+04,5.073000000000000000e+04,5.101500000000000000e+04,5.130000000000000000e+04,5.158500000000000000e+04,5.187000000000000000e+04,5.215500000000000000e+04,5.244000000000000000e+04,5.272500000000000000e+04,5.301000000000000000e+04,5.329500000000000000e+04,5.358000000000000000e+04,5.386500000000000000e+04,5.415000000000000000e+04,5.443500000000000000e+04,5.472000000000000000e+04,5.500500000000000000e+04,5.529000000000000000e+04,5.557500000000000000e+04,5.586000000000000000e+04,5.614500000000000000e+04,5.643000000000000000e+04,5.671500000000000000e+04,5.700000000000000000e+04,5.728500000000000000e+04,5.757000000000000000e+04,5.785500000000000000e+04,5.814000000000000000e+04,5.842500000000000000e+04,5.871000000000000000e+04,5.899500000000000000e+04,5.928000000000000000e+04,5.956500000000000000e+04,5.985000000000000000e+04,6.013500000000000000e+04,6.042000000000000000e+04,6.070500000000000000e+04,6.099000000000000000e+04,6.127500000000000000e+04,6.156000000000000000e+04,6.184500000000000000e+04,6.213000000000000000e+04,6.241500000000000000e+04,6.270000000000000000e+04,6.298500000000000000e+04,6.327000000000000000e+04,6.355500000000000000e+04,6.384000000000000000e+04,6.412500000000000000e+04,6.441000000000000000e+04,6.469500000000000000e+04,6.498000000000000000e+04,6.526500000000000000e+04,6.555000000000000000e+04,6.583500000000000000e+04,6.612000000000000000e+04,6.640500000000000000e+04,6.669000000000000000e+04,6.697500000000000000e+04,6.726000000000000000e+04,6.754500000000000000e+04,6.783000000000000000e+04,6.811500000000000000e+04,6.840000000000000000e+04,6.868500000000000000e+04,6.897000000000000000e+04,6.925500000000000000e+04,6.954000000000000000e+04,6.982500000000000000e+04,7.011000000000000000e+04,7.039500000000000000e+04,7.068000000000000000e+04,7.096500000000000000e+04,7.125000000000000000e+04,7.153500000000000000e+04,7.182000000000000000e+04,7.210500000000000000e+04,7.239000000000000000e+04,7.267500000000000000e+04,7.296000000000000000e+04,7.324500000000000000e+04,7.353000000000000000e+04,7.381500000000000000e+04,7.410000000000000000e+04,7.438500000000000000e+04,7.467000000000000000e+04,7.495500000000000000e+04,7.524000000000000000e+04,7.552500000000000000e+04,7.581000000000000000e+04,7.609500000000000000e+04,7.638000000000000000e+04,7.666500000000000000e+04,7.695000000000000000e+04,7.723500000000000000e+04,7.752000000000000000e+04,7.780500000000000000e+04,7.809000000000000000e+04,7.837500000000000000e+04,7.866000000000000000e+04,7.894500000000000000e+04,7.923000000000000000e+04,7.951500000000000000e+04,7.980000000000000000e+04,8.008500000000000000e+04,8.037000000000000000e+04,8.065500000000000000e+04,8.094000000000000000e+04,8.122500000000000000e+04,8.151000000000000000e+04,8.179500000000000000e+04,8.208000000000000000e+04,8.236500000000000000e+04,8.265000000000000000e+04,8.293500000000000000e+04,8.322000000000000000e+04,8.350500000000000000e+04,8.379000000000000000e+04,8.407500000000000000e+04,8.436000000000000000e+04,8.464500000000000000e+04,8.493000000000000000e+04,8.521500000000000000e+04
0.000000000000000000e+00,2.860000000000000000e+02,5.720000000000000000e+02,8.580000000000000000e+02,1.144000000000000000e+03,1.430000000000000000e+03,1.716000000000000000e+03,2.002000000000000000e+03,2.288000000000000000e+03,2.574000000000000000e+03,2.860000000000000000e+03,3.146000000000000000e+03,3.432000000000000000e+03,3.718000000000000000e+03,4.004000000000000000e+03,4.290000000000000000e+03,4.576000000000000000e+03,4.862000000000000000e+03,5.148000000000000000e+03,5.434000000000000000e+03,5.720000000000000000e+03,6.006000000000000000e+03,6.292000000000000000e+03,6.578000000000000000e+03,6.864000000000000000e+03,7.150000000000000000e+03,7.436000000000000000e+03,7.722000000000000000e+03,8.008000000000000000e+03,8.294000000000000000e+03,8.580000000000000000e+03,8.866000000000000000e+03,9.152000000000000000e+03,9.438000000000000000e+03,9.724000000000000000e+03,1.001000000000000000e+04,1.029600000000000000e+04,1.058200000000000000e+04,1.086800000000000000e+04,1.115400000000000000e+04,1.144000000000000000e+04,1.172600000000000000e+04,1.201200000000000000e+04,1.229800000000000000e+04,1.258400000000000000e+04,1.287000000000000000e+04,1.315600000000000000e+04,1.344200000000000000e+04,1.372800000000000000e+04,1.401400000000000000e+04,1.430000000000000000e+04,1.458600000000000000e+04,1.487200000000000000e+04,1.515800000000000000e+04,1.544400000000000000e+04,1.573000000000000000e+04,1.601600000000000000e+04,1.630200000000000000e+04,1.658800000000000000e+04,1.687400000000000000e+04,1.716000000000000000e+04,1.744600000000000000e+04,1.773200000000000000e+04,1.801800000000000000e+04,1.830400000000000000e+04,1.859000000000000000e+04,1.887600000000000000e+04,1.916200000000000000e+04,1.944800000000000000e+04,1.973400000000000000e+04,2.002000000000000000e+04,2.030600000000000000e+04,2.059200000000000000e+04,2.087800000000000000e+04,2.116400000000000000e+04,2.145000000000000000e+04,2.173600000000000000e+04,2.202200000000000000e+04,2.230800000000000000e+04,2.259400000000000000e+04,2.288000000000000000e+04,2.316600000000000000e+04,2.345200000000000000e+04,2.373800000000000000e+04,2.402400000000000000e+04,2.431000000000000000e+04,2.459600000000000000e+04,2.488200000000000000e+04,2.516800000000000000e+04,2.545400000000000000e+04,2.574000000000000000e+04,2.602600000000000000e+04,2.631200000000000000e+04,2.659800000000000000e+04,2.688400000000000000e+04,2.717000000000000000e+04,2.745600000000000000e+04,2.774200000000000000e+04,2.802800000000000000e+04,2.831400000000000000e+04,2.860000000000000000e+04,2.888600000000000000e+04,2.917200000000000000e+04,2.945800000000000000e+04,2.974400000000000000e+04,3.003000000000000000e+04,3.031600000000000000e+04,3.060200000000000000e+04,3.088800000000000000e+04,3.117400000000000000e+04,3.146000000000000000e+04,3.174600000000000000e+04,3.203200000000000000e+04,3.231800000000000000e+04,3.260400000000000000e+04,3.289000000000000000e+04,3.317600000000000000e+04,3.346200000000000000e+04,3.374800000000000000e+04,3.403400000000000000e+04,3.432000000000000000e+04,3.460600000000000000e+04,3.489200000000000000e+04,3.517800000000000000e+04,3.546400000000000000e+04,3.575000000000000000e+04,3.603600000000000000e+04,3.632200000000000000e+04,3.660800000000000000e+04,3.689400000000000000e+04,3.718000000000000000e+04,3.746600000000000000e+04,3.775200000000000000e+04,3.803800000000000000e+04,3.832400000000000000e+04,3.861000000000000000e+04,3.889600000000000000e+04,3.918200000000000000e+04,3.946800000000000000e+04,3.975400000000000000e+04,4.004000000000000000e+04,4.032600000000000000e+04,4.061200000000000000e+04,4.089800000000000000e+04,4.118400000000000000e+04,4.147000000000000000e+04,4.175600000000000000e+04,4.204200000000000000e+04,4.232800000000000000e+04,4.261400000000000000e+04,4.290000000000000000e+04,4.318600000000000000e+04,4.347200000000000000e+04,4.375800000000000000e+04,4.404400000000000000e+04,4.433000000000000000e+04,4.461600000000000000e+04,4.490200000000000000e+04,4.518800000000000000e+04,4.547400000000000000e+04,4.576000000000000000e+04,4.604600000000000000e+04,4.633200000000000000e+04,4.661800000000000000e+04,4.690400000000000000e+04,4.719000000000000000e+04,4.747600000000000000e+04,4.776200000000000000e+04,4.804800000000000000e+04,4.833400000000000000e+04,4.862000000000000000e+04,4.890600000000000000e+04,4.919200000000000000e+04,4.947800000000000000e+04,4.976400000000000000e+04,5.005000000000000000e+04,5.033600000000000000e+04,5.062200000000000000e+04,5.090800000000000000e+04,5.119400000000000000e+04,5.148000000000000000e+04,5.176600000000000000e+04,5.205200000000000000e+04,5.233800000000000000e+04,5.262400000000000000e+04,5.291000000000000000e+04,5.319600000000000000e+04,5.348200000000000000e+04,5.376800000000000000e+04,5.405400000000000000e+04,5.434000000000000000e+04,5.462600000000000000e+04,5.491200000000000000e+04,5.519800000000000000e+04,5.548400000000000000e+04,5.577000000000000000e+04,5.605600000000000000e+04,5.634200000000000000e+04,5.662800000000000000e+04,5.691400000000000000e+04,5.720000000000000000e+04,5.748600000000000000e+04,5.777200000000000000e+04,5.805800000000000000e+04,5.834400000000000000e+04,5.863000000000000000e+04,5.891600000000000000e+04,5.920200000000000000e+04,5.948800000000000000e+04,5.977400000000000000e+04,6.006000000000000000e+04,6.034600000000000000e+04,6.063200000000000000e+04,6.091800000000000000e+04,6.120400000000000000e+04,6.149000000000000000e+04,6.177600000000000000e+04,6.206200000000000000e+04,6.234800000000000000e+04,6.263400000000000000e+04,6.292000000000000000e+04,6.320600000000000000e+04,6.349200000000000000e+04,6.377800000000000000e+04,6.406400000000000000e+04,6.435000000000000000e+04,6.463600000000000000e+04,6.492200000000000000e+04,6.520800000000000000e+04,6.549400000000000000e+04,6.578000000000000000e+04,6.606600000000000000e+04,6.635200000000000000e+04,6.663800000000000000e+04,6.692400000000000000e+04,6.721000000000000000e+04,6.749600000000000000e+04,6.778200000000000000e+04,6.806800000000000000e+04,6.835400000000000000e+04,6.864000000000000000e+04,6.892600000000000000e+04,6.921200000000000000e+04,6.949800000000000000e+04,6.978400000000000000e+04,7.007000000000000000e+04,7.035600000000000000e+04,7.064200000000000000e+04,7.092800000000000000e+04,7.121400000000000000e+04,7.150000000000000000e+04,7.178600000000000000e+04,7.207200000000000000e+04,7.235800000000000000e+04,7.264400000000000000e+04,7.293000000000000000e+04,7.321600000000000000e+04,7.350200000000000000e+04,7.378800000000000000e+04,7.407400000000000000e+04,7.436000000000000000e+04,7.464600000000000000e+04,7.493200000000000000e+04,7.521800000000000000e+04,7.550400000000000000e+04,7.579000000000000000e+04,7.607600000000000000e+04,7.636200000000000000e+04,7.664800000000000000e+04,7.693400000000000000e+04,7.722000000000000000e+04,7.750600000000000000e+04,7.779200000000000000e+04,7.807800000000000000e+04,7.836400000000000000e+04,7.865000000000000000e+04,7.893600000000000000e+04,7.922200000000000000e+04,7.950800000000000000e+04,7.979400000000000000e+04,8.008000000000000000e+04,8.036600000000000000e+04,8.065200000000000000e+04,8.093800000000000000e+04,8.122400000000000000e+04,8.151000000000000000e+04,8.179600000000000000e+04,8.208200000000000000e+04,8.236800000000000000e+04,8.265400000000000000e+04,8.294000000000000000e+04,8.322600000000000000e+04,8.351200000000000000e+04,8.379800000000000000e+04,8.408400000000000000e+04,8.437000000000000000e+04,8.465600000000000000e+04,8.494200000000000000e+04,8.522800000000000000e+04,8.551400000000000000e+04
0.000000000000000000e+00,2.870000000000000000e+02,5.740000000000000000e+02,8.610000000000000000e+02,1.148000000000000000e+03,1.435000000000000000e+03,1.722000000000000000e+03,2.009000000000000000e+03,2.296000000000000000e+03,2.583000000000000000e+03,2.870000000000000000e+03,3.157000000000000000e+03,3.444000000000000000e+03,3.731000000000000000e+03,4.018000000000000000e+03,4.305000000000000000e+03,4.592000000000000000e+03,4.879000000000000000e+03,5.166000000000000000e+03,5.453000000000000000e+03,5.740000000000000000e+03,6.027000000000000000e+03,6.314000000000000000e+03,6.601000000000000000e+03,6.888000000000000000e+03,7.175000000000000000e+03,7.462000000000000000e+03,7.749000000000000000e+03,8.036000000000000000e+03,8.323000000000000000e+03,8.610000000000000000e+03,8.897000000000000000e+03,9.184000000000000000e+03,9.471000000000000000e+03,9.758000000000000000e+03,1.004500000000000000e+04,1.033200000000000000e+04,1.061900000000000000e+04,1.090600000000000000e+04,1.119300000000000000e+04,1.148000000000000000e+04,1.176700000000000000e+04,1.205400000000000000e+04,1.234100000000000000e+04,1.262800000000000000e+04,1.291500000000000000e+04,1.320200000000000000e+04,1.348900000000000000e+04,1.377600000000000000e+04,1.406300000000000000e+04,1.435000000000000000e+04,1.463700000000000000e+04,1.492400000000000000e+04,1.521100000000000000e+04,1.549800000000000000e+04,1.578500000000000000e+04,1.607200000000000000e+04,1.635900000000000000e+04,1.664600000000000000e+04,1.693300000000000000e+04,1.722000000000000000e+04,1.750700000000000000e+04,1.779400000000000000e+04,1.808100000000000000e+04,1.836800000000000000e+04,1.865500000000000000e+04,1.894200000000000000e+04,1.922900000000000000e+04,1.951600000000000000e+04,1.980300000000000000e+04,2.009000000000000000e+04,2.037700000000000000e+04,2.066400000000000000e+04,2.095100000000000000e+04,2.123800000000000000e+04,2.152500000000000000e+04,2.181200000000000000e+04,2.209900000000000000e+04,2.238600000000000000e+04,2.267300000000000000e+04,2.296000000000000000e+04,2.324700000000000000e+04,2.353400000000000000e+04,2.382100000000000000e+04,2.410800000000000000e+04,2.439500000000000000e+04,2.468200000000000000e+04,2.496900000000000000e+04,2.525600000000000000e+04,2.554300000000000000e+04,2.583000000000000000e+04,2.611700000000000000e+04,2.640400000000000000e+04,2.669100000000000000e+04,2.697800000000000000e+04,2.726500000000000000e+04,2.755200000000000000e+04,2.783900000000000000e+04,2.812600000000000000e+04,2.841300000000000000e+04,2.870000000000000000e+04,2.898700000000000000e+04,2.927400000000000000e+04,2.956100000000000000e+04,2.984800000000000000e+04,3.013500000000000000e+04,3.042200000000000000e+04,3.070900000000000000e+04,3.099600000000000000e+04,3.128300000000000000e+04,3.157000000000000000e+04,3.185700000000000000e+04,3.214400000000000000e+04,3.243100000000000000e+04,3.271800000000000000e+04,3.300500000000000000e+04,3.329200000000000000e+04,3.357900000000000000e+04,3.386600000000000000e+04,3.415300000000000000e+04,3.444000000000000000e+04,3.472700000000000000e+04,3.501400000000000000e+04,3.530100000000000000e+04,3.558800000000000000e+04,3.587500000000000000e+04,3.616200000000000000e+04,3.644900000000000000e+04,3.673600000000000000e+04,3.702300000000000000e+04,3.731000000000000000e+04,3.759700000000000000e+04,3.788400000000000000e+04,3.817100000000000000e+04,3.845800000000000000e+04,3.874500000000000000e+04,3.903200000000000000e+04,3.931900000000000000e+04,3.960600000000000000e+04,3.989300000000000000e+04,4.018000000000000000e+04,4.046700000000000000e+04,4.075400000000000000e+04,4.104100000000000000e+04,4.132800000000000000e+04,4.161500000000000000e+04,4.190200000000000000e+04,4.218900000000000000e+04,4.247600000000000000e+04,4.276300000000000000e+04,4.305000000000000000e+04,4.333700000000000000e+04,4.362400000000000000e+04,4.391100000000000000e+04,4.419800000000000000e+04,4.448500000000000000e+04,4.477200000000000000e+04,4.505900000000000000e+04,4.534600000000000000e+04,4.563300000000000000e+04,4.592000000000000000e+04,4.620700000000000000e+04,4.649400000000000000e+04,4.678100000000000000e+04,4.706800000000000000e+04,4.735500000000000000e+04,4.764200000000000000e+04,4.792900000000000000e+04,4.821600000000000000e+04,4.850300000000000000e+04,4.879000000000000000e+04,4.907700000000000000e+04,4.936400000000000000e+04,4.965100000000000000e+04,4.993800000000000000e+04,5.022500000000000000e+04,5.051200000000000000e+04,5.079900000000000000e+04,5.108600000000000000e+04,5.137300000000000000e+04,5.166000000000000000e+04,5.194700000000000000e+04,5.223400000000000000e+04,5.252100000000000000e+04,5.280800000000000000e+04,5.309500000000000000e+04,5.338200000000000000e+04,5.366900000000000000e+04,5.395600000000000000e+04,5.424300000000000000e+04,5.453000000000000000e+04,5.481700000000000000e+04,5.510400000000000000e+04,5.539100000000000000e+04,5.567800000000000000e+04,5.596500000000000000e+04,5.625200000000000000e+04,5.653900000000000000e+04,5.682600000000000000e+04,5.711300000000000000e+04,5.740000000000000000e+04,5.768700000000000000e+04,5.797400000000000000e+04,5.826100000000000000e+04,5.854800000000000000e+04,5.883500000000000000e+04,5.912200000000000000e+04,5.940900000000000000e+04,5.969600000000000000e+04,5.998300000000000000e+04,6.027000000000000000e+04,6.055700000000000000e+04,6.084400000000000000e+04,6.113100000000000000e+04,6.141800000000000000e+04,6.170500000000000000e+04,6.199200000000000000e+04,6.227900000000000000e+04,6.256600000000000000e+04,6.285300000000000000e+04,6.314000000000000000e+04,6.342700000000000000e+04,6.371400000000000000e+04,6.400100000000000000e+04,6.428800000000000000e+04,6.457500000000000000e+04,6.486200000000000000e+04,6.514900000000000000e+04,6.543600000000000000e+04,6.572300000000000000e+04,6.601000000000000000e+04,6.629700000000000000e+04,6.658400000000000000e+04,6.687100000000000000e+04,6.715800000000000000e+04,6.744500000000000000e+04,6.773200000000000000e+04,6.801900000000000000e+04,6.830600000000000000e+04,6.859300000000000000e+04,6.888000000000000000e+04,6.916700000000000000e+04,6.945400000000000000e+04,6.974100000000000000e+04,7.002800000000000000e+04,7.031500000000000000e+04,7.060200000000000000e+04,7.088900000000000000e+04,7.117600000000000000e+04,7.146300000000000000e+04,7.175000000000000000e+04,7.203700000000000000e+04,7.232400000000000000e+04,7.261100000000000000e+04,7.289800000000000000e+04,7.318500000000000000e+04,7.347200000000000000e+04,7.375900000000000000e+04,7.404600000000000000e+04,7.433300000000000000e+04,7.462000000000000000e+04,7.490700000000000000e+04,7.519400000000000000e+04,7.548100000000000000e+04,7.576800000000000000e+04,7.605500000000000000e+04,7.634200000000000000e+04,7.662900000000000000e+04,7.691600000000000000e+04,7.720300000000000000e+04,7.749000000000000000e+04,7.777700000000000000e+04,7.806400000000000000e+04,7.835100000000000000e+04,7.863800000000000000e+04,7.892500000000000000e+04,7.921200000000000000e+04,7.949900000000000000e+04,7.978600000000000000e+04,8.007300000000000000e+04,8.036000000000000000e+04,8.064700000000000000e+04,8.093400000000000000e+04,8.122100000000000000e+04,8.150800000000000000e+04,8.179500000000000000e+04,8.208200000000000000e+04,8.236900000000000000e+04,8.265600000000000000e+04,8.294300000000000000e+04,8.323000000000000000e+04,8.351700000000000000e+04,8.380400000000000000e+04,8.409100000000000000e+04,8.437800000000000000e+04,8.466500000000000000e+04,8.495200000000000000e+04,8.523900000000000000e+04,8.552600000000000000e+04,8.581300000000000000e+04
0.000000000000000000e+00,2.880000000000000000e+02,5.760000000000000000e+02,8.640000000000000000e+02,1.152000000000000000e+03,1.440000000000000000e+03,1.728000000000000000e+03,2.016000000000000000e+03,2.304000000000000000e+03,2.592000000000000000e+03,2.880000000000000000e+03,3.168000000000000000e+03,3.456000000000000000e+03,3.744000000000000000e+03,4.032000000000000000e+03,4.320000000000000000e+03,4.608000000000000000e+03,4.896000000000000000e+03,5.184000000000000000e+03,5.472000000000000000e+03,5.760000000000000000e+03,6.048000000000000000e+03,6.336000000000000000e+03,6.624000000000000000e+03,6.912000000000000000e+03,7.200000000000000000e+03,7.488000000000000000e+03,7.776000000000000000e+03,8.064000000000000000e+03,8.352000000000000000e+03,8.640000000000000000e+03,8.928000000000000000e+03,9.216000000000000000e+03,9.504000000000000000e+03,9.792000000000000000e+03,1.008000000000000000e+04,1.036800000000000000e+04,1.065600000000000000e+04,1.094400000000000000e+04,1.123200000000000000e+04,1.152000000000000000e+04,1.180800000000000000e+04,1.209600000000000000e+04,1.238400000000000000e+04,1.267200000000000000e+04,1.296000000000000000e+04,1.324800000000000000e+04,1.353600000000000000e+04,1.382400000000000000e+04,1.411200000000000000e+04,1.440000000000000000e+04,1.468800000000000000e+04,1.497600000000000000e+04,1.526400000000000000e+04,1.555200000000000000e+04,1.584000000000000000e+04,1.612800000000000000e+04,1.641600000000000000e+04,1.670400000000000000e+04,1.699200000000000000e+04,1.728000000000000000e+04,1.756800000000000000e+04,1.785600000000000000e+04,1.814400000000000000e+04,1.843200000000000000e+04,1.872000000000000000e+04,1.900800000000000000e+04,1.929600000000000000e+04,1.958400000000000000e+04,1.987200000000000000e+04,2.016000000000000000e+04,2.044800000000000000e+04,2.073600000000000000e+04,2.102400000000000000e+04,2.131200000000000000e+04,2.160000000000000000e+04,2.188800000000000000e+04,2.217600000000000000e+04,2.246400000000000000e+04,2.275200000000000000e+04,2.304000000000000000e+04,2.332800000000000000e+04,2.361600000000000000e+04,2.390400000000000000e+04,2.419200000000000000e+04,2.448000000000000000e+04,2.476800000000000000e+04,2.505600000000000000e+04,2.534400000000000000e+04,2.563200000000000000e+04,2.592000000000000000e+04,2.620800000000000000e+04,2.649600000000000000e+04,2.678400000000000000e+04,2.707200000000000000e+04,2.736000000000000000e+04,2.764800000000000000e+04,2.793600000000000000e+04,2.822400000000000000e+04,2.851200000000000000e+04,2.880000000000000000e+04,2.908800000000000000e+04,2.937600000000000000e+04,2.966400000000000000e+04,2.995200000000000000e+04,3.024000000000000000e+04,3.052800000000000000e+04,3.081600000000000000e+04,3.110400000000000000e+04,3.139200000000000000e+04,3.168000000000000000e+04,3.196800000000000000e+04,3.225600000000000000e+04,3.254400000000000000e+04,3.283200000000000000e+04,3.312000000000000000e+04,3.340800000000000000e+04,3.369600000000000000e+04,3.398400000000000000e+04,3.427200000000000000e+04,3.456000000000000000e+04,3.484800000000000000e+04,3.513600000000000000e+04,3.542400000000000000e+04,3.571200000000000000e+04,3.600000000000000000e+04,3.628800000000000000e+04,3.657600000000000000e+04,3.686400000000000000e+04,3.715200000000000000e+04,3.744000000000000000e+04,3.772800000000000000e+04,3.801600000000000000e+04,3.830400000000000000e+04,3.859200000000000000e+04,3.888000000000000000e+04,3.916800000000000000e+04,3.945600000000000000e+04,3.974400000000000000e+04,4.003200000000000000e+04,4.032000000000000000e+04,4.060800000000000000e+04,4.089600000000000000e+04,4.118400000000000000e+04,4.147200000000000000e+04,4.176000000000000000e+04,4.204800000000000000e+04,4.233600000000000000e+04,4.262400000000000000e+04,4.291200000000000000e+04,4.320000000000000000e+04,4.348800000000000000e+04,4.377600000000000000e+04,4.406400000000000000e+04,4.435200000000000000e+04,4.464000000000000000e+04,4.492800000000000000e+04,4.521600000000000000e+04,4.550400000000000000e+04,4.579200000000000000e+04,4.608000000000000000e+04,4.636800000000000000e+04,4.665600000000000000e+04,4.694400000000000000e+04,4.723200000000000000e+04,4.752000000000000000e+04,4.780800000000000000e+04,4.809600000000000000e+04,4.838400000000000000e+04,4.867200000000000000e+04,4.896000000000000000e+04,4.924800000000000000e+04,4.953600000000000000e+04,4.982400000000000000e+04,5.011200000000000000e+04,5.040000000000000000e+04,5.068800000000000000e+04,5.097600000000000000e+04,5.126400000000000000e+04,5.155200000000000000e+04,5.184000000000000000e+04,5.212800000000000000e+04,5.241600000000000000e+04,5.270400000000000000e+04,5.299200000000000000e+04,5.328000000000000000e+04,5.356800000000000000e+04,5.385600000000000000e+04,5.414400000000000000e+04,5.443200000000000000e+04,5.472000000000000000e+04,5.500800000000000000e+04,5.529600000000000000e+04,5.558400000000000000e+04,5.587200000000000000e+04,5.616000000000000000e+04,5.644800000000000000e+04,5.673600000000000000e+04,5.702400000000000000e+04,5.731200000000000000e+04,5.760000000000000000e+04,5.788800000000000000e+04,5.817600000000000000e+04,5.846400000000000000e+04,5.875200000000000000e+04,5.904000000000000000e+04,5.932800000000000000e+04,5.961600000000000000e+04,5.990400000000000000e+04,6.019200000000000000e+04,6.048000000000000000e+04,6.076800000000000000e+04,6.105600000000000000e+04,6.134400000000000000e+04,6.163200000000000000e+04,6.192000000000000000e+04,6.220800000000000000e+04,6.249600000000000000e+04,6.278400000000000000e+04,6.307200000000000000e+04,6.336000000000000000e+04,6.364800000000000000e+04,6.393600000000000000e+04,6.422400000000000000e+04,6.451200000000000000e+04,6.480000000000000000e+04,6.508800000000000000e+04,6.537600000000000000e+04,6.566400000000000000e+04,6.595200000000000000e+04,6.624000000000000000e+04,6.652800000000000000e+04,6.681600000000000000e+04,6.710400000000000000e+04,6.739200000000000000e+04,6.768000000000000000e+04,6.796800000000000000e+04,6.825600000000000000e+04,6.854400000000000000e+04,6.883200000000000000e+04,6.912000000000000000e+04,6.940800000000000000e+04,6.969600000000000000e+04,6.998400000000000000e+04,7.027200000000000000e+04,7.056000000000000000e+04,7.084800000000000000e+04,7.113600000000000000e+04,7.142400000000000000e+04,7.171200000000000000e+04,7.200000000000000000e+04,7.228800000000000000e+04,7.257600000000000000e+04,7.286400000000000000e+04,7.315200000000000000e+04,7.344000000000000000e+04,7.372800000000000000e+04,7.401600000000000000e+04,7.430400000000000000e+04,7.459200000000000000e+04,7.488000000000000000e+04,7.516800000000000000e+04,7.545600000000000000e+04,7.574400000000000000e+04,7.603200000000000000e+04,7.632000000000000000e+04,7.660800000000000000e+04,7.689600000000000000e+04,7.718400000000000000e+04,7.747200000000000000e+04,7.776000000000000000e+04,7.804800000000000000e+04,7.833600000000000000e+04,7.862400000000000000e+04,7.891200000000000000e+04,7.920000000000000000e+04,7.948800000000000000e+04,7.977600000000000000e+04,8.006400000000000000e+04,8.035200000000000000e+04,8.064000000000000000e+04,8.092800000000000000e+04,8.121600000000000000e+04,8.150400000000000000e+04,8.179200000000000000e+04,8.208000000000000000e+04,8.236800000000000000e+04,8.265600000000000000e+04,8.294400000000000000e+04,8.323200000000000000e+04,8.352000000000000000e+04,8.380800000000000000e+04,8.409600000000000000e+04,8.438400000000000000e+04,8.467200000000000000e+04,8.496000000000000000e+04,8.524800000000000000e+04,8.553600000000000000e+04,8.582400000000000000e+04,8.611200000000000000e+04
0.000000000000000000e+00,2.890000000000000000e+02,5.780000000000000000e+02,8.670000000000000000e+02,1.156000000000000000e+03,1.445000000000000000e+03,1.734000000000000000e+03,2.023000000000000000e+03,2.312000000000000000e+03,2.601000000000000000e+03,2.890000000000000000e+03,3.179000000000000000e+03,3.468000000000000000e+03,3.757000000000000000e+03,4.046000000000000000e+03,4.335000000000000000e+03,4.624000000000000000e+03,4.913000000000000000e+03,5.202000000000000000e+03,5.491000000000000000e+03,5.780000000000000000e+03,6.069000000000000000e+03,6.358000000000000000e+03,6.647000000000000000e+03,6.936000000000000000e+03,7.225000000000000000e+03,7.514000000000000000e+03,7.803000000000000000e+03,8.092000000000000000e+03,8.381000000000000000e+03,8.670000000000000000e+03,8.959000000000000000e+03,9.248000000000000000e+03,9.537000000000000000e+03,9.826000000000000000e+03,1.011500000000000000e+04,1.040400000000000000e+04,1.069300000000000000e+04,1.098200000000000000e+04,1.127100000000000000e+04,1.156000000000000000e+04,1.184900000000000000e+04,1.213800000000000000e+04,1.242700000000000000e+04,1.271600000000000000e+04,1.300500000000000000e+04,1.329400000000000000e+04,1.358300000000000000e+04,1.387200000000000000e+04,1.416100000000000000e+04,1.445000000000000000e+04,1.473900000000000000e+04,1.502800000000000000e+04,1.531700000000000000e+04,1.560600000000000000e+04,1.589500000000000000e+04,1.618400000000000000e+04,1.647300000000000000e+04,1.676200000000000000e+04,1.705100000000000000e+04,1.734000000000000000e+04,1.762900000000000000e+04,1.791800000000000000e+04,1.820700000000000000e+04,1.849600000000000000e+04,1.878500000000000000e+04,1.907400000000000000e+04,1.936300000000000000e+04,1.965200000000000000e+04,1.994100000000000000e+04,2.023000000000000000e+04,2.051900000000000000e+04,2.080800000000000000e+04,2.109700000000000000e+04,2.138600000000000000e+04,2.167500000000000000e+04,2.196400000000000000e+04,2.225300000000000000e+04,2.254200000000000000e+04,2.283100000000000000e+04,2.312000000000000000e+04,2.340900000000000000e+04,2.369800000000000000e+04,2.398700000000000000e+04,2.427600000000000000e+04,2.456500000000000000e+04,2.485400000000000000e+04,2.514300000000000000e+04,2.543200000000000000e+04,2.572100000000000000e+04,2.601000000000000000e+04,2.629900000000000000e+04,2.658800000000000000e+04,2.687700000000000000e+04,2.716600000000000000e+04,2.745500000000000000e+04,2.774400000000000000e+04,2.803300000000000000e+04,2.832200000000000000e+04,2.861100000000000000e+04,2.890000000000000000e+04,2.918900000000000000e+04,2.947800000000000000e+04,2.976700000000000000e+04,3.005600000000000000e+04,3.034500000000000000e+04,3.063400000000000000e+04,3.092300000000000000e+04,3.121200000000000000e+04,3.150100000000000000e+04,3.179000000000000000e+04,3.207900000000000000e+04,3.236800000000000000e+04,3.265700000000000000e+04,3.294600000000000000e+04,3.323500000000000000e+04,3.352400000000000000e+04,3.381300000000000000e+04,3.410200000000000000e+04,3.439100000000000000e+04,3.468000000000000000e+04,3.496900000000000000e+04,3.525800000000000000e+04,3.554700000000000000e+04,3.583600000000000000e+04,3.612500000000000000e+04,3.641400000000000000e+04,3.670300000000000000e+04,3.699200000000000000e+04,3.728100000000000000e+04,3.757000000000000000e+04,3.785900000000000000e+04,3.814800000000000000e+04,3.843700000000000000e+04,3.872600000000000000e+04,3.901500000000000000e+04,3.930400000000000000e+04,3.959300000000000000e+04,3.988200000000000000e+04,4.017100000000000000e+04,4.046000000000000000e+04,4.074900000000000000e+04,4.103800000000000000e+04,4.132700000000000000e+04,4.161600000000000000e+04,4.190500000000000000e+04,4.219400000000000000e+04,4.248300000000000000e+04,4.277200000000000000e+04,4.306100000000000000e+04,4.335000000000000000e+04,4.363900000000000000e+04,4.392800000000000000e+04,4.421700000000000000e+04,4.450600000000000000e+04,4.479500000000000000e+04,4.508400000000000000e+04,4.537300000000000000e+04,4.566200000000000000e+04,4.595100000000000000e+04,4.624000000000000000e+04,4.652900000000000000e+04,4.681800000000000000e+04,4.710700000000000000e+04,4.739600000000000000e+04,4.768500000000000000e+04,4.797400000000000000e+04,4.826300000000000000e+04,4.855200000000000000e+04,4.884100000000000000e+04,4.913000000000000000e+04,4.941900000000000000e+04,4.970800000000000000e+04,4.999700000000000000e+04,5.028600000000000000e+04,5.057500000000000000e+04,5.086400000000000000e+04,5.115300000000000000e+04,5.144200000000000000e+04,5.173100000000000000e+04,5.202000000000000000e+04,5.230900000000000000e+04,5.259800000000000000e+04,5.288700000000000000e+04,5.317600000000000000e+04,5.346500000000000000e+04,5.375400000000000000e+04,5.404300000000000000e+04,5.433200000000000000e+04,5.462100000000000000e+04,5.491000000000000000e+04,5.519900000000000000e+04,5.548800000000000000e+04,5.577700000000000000e+04,5.606600000000000000e+04,5.635500000000000000e+04,5.664400000000000000e+04,5.693300000000000000e+04,5.722200000000000000e+04,5.751100000000000000e+04,5.780000000000000000e+04,5.808900000000000000e+04,5.837800000000000000e+04,5.866700000000000000e+04,5.895600000000000000e+04,5.924500000000000000e+04,5.953400000000000000e+04,5.982300000000000000e+04,6.011200000000000000e+04,6.040100000000000000e+04,6.069000000000000000e+04,6.097900000000000000e+04,6.126800000000000000e+04,6.155700000000000000e+04,6.184600000000000000e+04,6.213500000000000000e+04,6.242400000000000000e+04,6.271300000000000000e+04,6.300200000000000000e+04,6.329100000000000000e+04,6.358000000000000000e+04,6.386900000000000000e+04,6.415800000000000000e+04,6.444700000000000000e+04,6.473600000000000000e+04,6.502500000000000000e+04,6.531400000000000000e+04,6.560300000000000000e+04,6.589200000000000000e+04,6.618100000000000000e+04,6.647000000000000000e+04,6.675900000000000000e+04,6.704800000000000000e+04,6.733700000000000000e+04,6.762600000000000000e+04,6.791500000000000000e+04,6.820400000000000000e+04,6.849300000000000000e+04,6.878200000000000000e+04,6.907100000000000000e+04,6.936000000000000000e+04,6.964900000000000000e+04,6.993800000000000000e+04,7.022700000000000000e+04,7.051600000000000000e+04,7.080500000000000000e+04,7.109400000000000000e+04,7.138300000000000000e+04,7.167200000000000000e+04,7.196100000000000000e+04,7.225000000000000000e+04,7.253900000000000000e+04,7.282800000000000000e+04,7.311700000000000000e+04,7.340600000000000000e+04,7.369500000000000000e+04,7.398400000000000000e+04,7.427300000000000000e+04,7.456200000000000000e+04,7.485100000000000000e+04,7.514000000000000000e+04,7.542900000000000000e+04,7.571800000000000000e+04,7.600700000000000000e+04,7.629600000000000000e+04,7.658500000000000000e+04,7.687400000000000000e+04,7.716300000000000000e+04,7.745200000000000000e+04,7.774100000000000000e+04,7.803000000000000000e+04,7.831900000000000000e+04,7.860800000000000000e+04,7.889700000000000000e+04,7.918600000000000000e+04,7.947500000000000000e+04,7.976400000000000000e+04,8.005300000000000000e+04,8.034200000000000000e+04,8.063100000000000000e+04,8.092000000000000000e+04,8.120900000000000000e+04,8.149800000000000000e+04,8.178700000000000000e+04,8.207600000000000000e+04,8.236500000000000000e+04,8.265400000000000000e+04,8.294300000000000000e+04,8.323200000000000000e+04,8.352100000000000000e+04,8.381000000000000000e+04,8.409900000000000000e+04,8.438800000000000000e+04,8.467700000000000000e+04,8.496600000000000000e+04,8.525500000000000000e+04,8.554400000000000000e+04,8.583300000000000000e+04,8.612200000000000000e+04,8.641100000000000000e+04
0.000000000000000000e+00,2.900000000000000000e+02,5.800000000000000000e+02,8.700000000000000000e+02,1.160000000000000000e+03,1.450000000000000000e+03,1.740000000000000000e+03,2.030000000000000000e+03,2.320000000000000000e+03,2.610000000000000000e+03,2.900000000000000000e+03,3.190000000000000000e+03,3.480000000000000000e+03,3.770000000000000000e+03,4.060000000000000000e+03,4.350000000000000000e+03,4.640000000000000000e+03,4.930000000000000000e+03,5.220000000000000000e+03,5.510000000000000000e+03,5.800000000000000000e+03,6.090000000000000000e+03,6.380000000000000000e+03,6.670000000000000000e+03,6.960000000000000000e+03,7.250000000000000000e+03,7.540000000000000000e+03,7.830000000000000000e+03,8.120000000000000000e+03,8.410000000000000000e+03,8.700000000000000000e+03,8.990000000000000000e+03,9.280000000000000000e+03,9.570000000000000000e+03,9.860000000000000000e+03,1.015000000000000000e+04,1.044000000000000000e+04,1.073000000000000000e+04,1.102000000000000000e+04,1.131000000000000000e+04,1.160000000000000000e+04,1.189000000000000000e+04,1.218000000000000000e+04,1.247000000000000000e+04,1.276000000000000000e+04,1.305000000000000000e+04,1.334000000000000000e+04,1.363000000000000000e+04,1.392000000000000000e+04,1.421000000000000000e+04,1.450000000000000000e+04,1.479000000000000000e+04,1.508000000000000000e+04,1.537000000000000000e+04,1.566000000000000000e+04,1.595000000000000000e+04,1.624000000000000000e+04,1.653000000000000000e+04,1.682000000000000000e+04,1.711000000000000000e+04,1.740000000000000000e+04,1.769000000000000000e+04,1.798000000000000000e+04,1.827000000000000000e+04,1.856000000000000000e+04,1.885000000000000000e+04,1.914000000000000000e+04,1.943000000000000000e+04,1.972000000000000000e+04,2.001000000000000000e+04,2.030000000000000000e+04,2.059000000000000000e+04,2.088000000000000000e+04,2.117000000000000000e+04,2.146000000000000000e+04,2.175000000000000000e+04,2.204000000000000000e+04,2.233000000000000000e+04,2.262000000000000000e+04,2.291000000000000000e+04,2.320000000000000000e+04,2.349000000000000000e+04,2.378000000000000000e+04,2.407000000000000000e+04,2.436000000000000000e+04,2.465000000000000000e+04,2.494000000000000000e+04,2.523000000000000000e+04,2.552000000000000000e+04,2.581000000000000000e+04,2.610000000000000000e+04,2.639000000000000000e+04,2.668000000000000000e+04,2.697000000000000000e+04,2.726000000000000000e+04,2.755000000000000000e+04,2.784000000000000000e+04,2.813000000000000000e+04,2.842000000000000000e+04,2.871000000000000000e+04,2.900000000000000000e+04,2.929000000000000000e+04,2.958000000000000000e+04,2.987000000000000000e+04,3.016000000000000000e+04,3.045000000000000000e+04,3.074000000000000000e+04,3.103000000000000000e+04,3.132000000000000000e+04,3.161000000000000000e+04,3.190000000000000000e+04,3.219000000000000000e+04,3.248000000000000000e+04,3.277000000000000000e+04,3.306000000000000000e+04,3.335000000000000000e+04,3.364000000000000000e+04,3.393000000000000000e+04,3.422000000000000000e+04,3.451000000000000000e+04,3.480000000000000000e+04,3.509000000000000000e+04,3.538000000000000000e+04,3.567000000000000000e+04,3.596000000000000000e+04,3.625000000000000000e+04,3.654000000000000000e+04,3.683000000000000000e+04,3.712000000000000000e+04,3.741000000000000000e+04,3.770000000000000000e+04,3.799000000000000000e+04,3.828000000000000000e+04,3.857000000000000000e+04,3.886000000000000000e+04,3.915000000000000000e+04,3.944000000000000000e+04,3.973000000000000000e+04,4.002000000000000000e+04,4.031000000000000000e+04,4.060000000000000000e+04,4.089000000000000000e+04,4.118000000000000000e+04,4.147000000000000000e+04,4.176000000000000000e+04,4.205000000000000000e+04,4.234000000000000000e+04,4.263000000000000000e+04,4.292000000000000000e+04,4.321000000000000000e+04,4.350000000000000000e+04,4.379000000000000000e+04,4.408000000000000000e+04,4.437000000000000000e+04,4.466000000000000000e+04,4.495000000000000000e+04,4.524000000000000000e+04,4.553000000000000000e+04,4.582000000000000000e+04,4.611000000000000000e+04,4.640000000000000000e+04,4.669000000000000000e+04,4.698000000000000000e+04,4.727000000000000000e+04,4.756000000000000000e+04,4.785000000000000000e+04,4.814000000000000000e+04,4.843000000000000000e+04,4.872000000000000000e+04,4.901000000000000000e+04,4.930000000000000000e+04,4.959000000000000000e+04,4.988000000000000000e+04,5.017000000000000000e+04,5.046000000000000000e+04,5.075000000000000000e+04,5.104000000000000000e+04,5.133000000000000000e+04,5.162000000000000000e+04,5.191000000000000000e+04,5.220000000000000000e+04,5.249000000000000000e+04,5.278000000000000000e+04,5.307000000000000000e+04,5.336000000000000000e+04,5.365000000000000000e+04,5.394000000000000000e+04,5.423000000000000000e+04,5.452000000000000000e+04,5.481000000000000000e+04,5.510000000000000000e+04,5.539000000000000000e+04,5.568000000000000000e+04,5.597000000000000000e+04,5.626000000000000000e+04,5.655000000000000000e+04,5.684000000000000000e+04,5.713000000000000000e+04,5.742000000000000000e+04,5.771000000000000000e+04,5.800000000000000000e+04,5.829000000000000000e+04,5.858000000000000000e+04,5.887000000000000000e+04,5.916000000000000000e+04,5.945000000000000000e+04,5.974000000000000000e+04,6.003000000000000000e+04,6.032000000000000000e+04,6.061000000000000000e+04,6.090000000000000000e+04,6.119000000000000000e+04,6.148000000000000000e+04,6.177000000000000000e+04,6.206000000000000000e+04,6.235000000000000000e+04,6.264000000000000000e+04,6.293000000000000000e+04,6.322000000000000000e+04,6.351000000000000000e+04,6.380000000000000000e+04,6.409000000000000000e+04,6.438000000000000000e+04,6.467000000000000000e+04,6.496000000000000000e+04,6.525000000000000000e+04,6.554000000000000000e+04,6.583000000000000000e+04,6.612000000000000000e+04,6.641000000000000000e+04,6.670000000000000000e+04,6.699000000000000000e+04,6.728000000000000000e+04,6.757000000000000000e+04,6.786000000000000000e+04,6.815000000000000000e+04,6.844000000000000000e+04,6.873000000000000000e+04,6.902000000000000000e+04,6.931000000000000000e+04,6.960000000000000000e+04,6.989000000000000000e+04,7.018000000000000000e+04,7.047000000000000000e+04,7.076000000000000000e+04,7.105000000000000000e+04,7.134000000000000000e+04,7.163000000000000000e+04,7.192000000000000000e+04,7.221000000000000000e+04,7.250000000000000000e+04,7.279000000000000000e+04,7.308000000000000000e+04,7.337000000000000000e+04,7.366000000000000000e+04,7.395000000000000000e+04,7.424000000000000000e+04,7.453000000000000000e+04,7.482000000000000000e+04,7.511000000000000000e+04,7.540000000000000000e+04,7.569000000000000000e+04,7.598000000000000000e+04,7.627000000000000000e+04,7.656000000000000000e+04,7.685000000000000000e+04,7.714000000000000000e+04,7.743000000000000000e+04,7.772000000000000000e+04,7.801000000000000000e+04,7.830000000000000000e+04,7.859000000000000000e+04,7.888000000000000000e+04,7.917000000000000000e+04,7.946000000000000000e+04,7.975000000000000000e+04,8.004000000000000000e+04,8.033000000000000000e+04,8.062000000000000000e+04,8.091000000000000000e+04,8.120000000000000000e+04,8.149000000000000000e+04,8.178000000000000000e+04,8.207000000000000000e+04,8.236000000000000000e+04,8.265000000000000000e+04,8.294000000000000000e+04,8.323000000000000000e+04,8.352000000000000000e+04,8.381000000000000000e+04,8.410000000000000000e+04,8.439000000000000000e+04,8.468000000000000000e+04,8.497000000000000000e+04,8.526000000000000000e+04,8.555000000000000000e+04,8.584000000000000000e+04,8.613000000000000000e+04,8.642000000000000000e+04,8.671000000000000000e+04
0.000000000000000000e+00,2.910000000000000000e+02,5.820000000000000000e+02,8.730000000000000000e+02,1.164000000000000000e+03,1.455000000000000000e+03,1.746000000000000000e+03,2.037000000000000000e+03,2.328000000000000000e+03,2.619000000000000000e+03,2.910000000000000000e+03,3.201000000000000000e+03,3.492000000000000000e+03,3.783000000000000000e+03,4.074000000000000000e+03,4.365000000000000000e+03,4.656000000000000000e+03,4.947000000000000000e+03,5.238000000000000000e+03,5.529000000000000000e+03,5.820000000000000000e+03,6.111000000000000000e+03,6.402000000000000000e+03,6.693000000000000000e+03,6.984000000000000000e+03,7.275000000000000000e+03,7.566000000000000000e+03,7.857000000000000000e+03,8.148000000000000000e+03,8.439000000000000000e+03,8.730000000000000000e+03,9.021000000000000000e+03,9.312000000000000000e+03,9.603000000000000000e+03,9.894000000000000000e+03,1.018500000000000000e+04,1.047600000000000000e+04,1.076700000000000000e+04,1.105800000000000000e+04,1.134900000000000000e+04,1.164000000000000000e+04,1.193100000000000000e+04,1.222200000000000000e+04,1.251300000000000000e+04,1.280400000000000000e+04,1.309500000000000000e+04,1.338600000000000000e+04,1.367700000000000000e+04,1.396800000000000000e+04,1.425900000000000000e+04,1.455000000000000000e+04,1.484100000000000000e+04,1.513200000000000000e+04,1.542300000000000000e+04,1.571400000000000000e+04,1.600500000000000000e+04,1.629600000000000000e+04,1.658700000000000000e+04,1.687800000000000000e+04,1.716900000000000000e+04,1.746000000000000000e+04,1.775100000000000000e+04,1.804200000000000000e+04,1.833300000000000000e+04,1.862400000000000000e+04,1.891500000000000000e+04,1.920600000000000000e+04,1.949700000000000000e+04,1.978800000000000000e+04,2.007900000000000000e+04,2.037000000000000000e+04,2.066100000000000000e+04,2.095200000000000000e+04,2.124300000000000000e+04,2.153400000000000000e+04,2.182500000000000000e+04,2.211600000000000000e+04,2.240700000000000000e+04,2.269800000000000000e+04,2.298900000000000000e+04,2.328000000000000000e+04,2.357100000000000000e+04,2.386200000000000000e+04,2.415300000000000000e+04,2.444400000000000000e+04,2.473500000000000000e+04,2.502600000000000000e+04,2.531700000000000000e+04,2.560800000000000000e+04,2.589900000000000000e+04,2.619000000000000000e+04,2.648100000000000000e+04,2.677200000000000000e+04,2.706300000000000000e+04,2.735400000000000000e+04,2.764500000000000000e+04,2.793600000000000000e+04,2.822700000000000000e+04,2.851800000000000000e+04,2.880900000000000000e+04,2.910000000000000000e+04,2.939100000000000000e+04,2.968200000000000000e+04,2.997300000000000000e+04,3.026400000000000000e+04,3.055500000000000000e+04,3.084600000000000000e+04,3.113700000000000000e+04,3.142800000000000000e+04,3.171900000000000000e+04,3.201000000000000000e+04,3.230100000000000000e+04,3.259200000000000000e+04,3.288300000000000000e+04,3.317400000000000000e+04,3.346500000000000000e+04,3.375600000000000000e+04,3.404700000000000000e+04,3.433800000000000000e+04,3.462900000000000000e+04,3.492000000000000000e+04,3.521100000000000000e+04,3.550200000000000000e+04,3.579300000000000000e+04,3.608400000000000000e+04,3.637500000000000000e+04,3.666600000000000000e+04,3.695700000000000000e+04,3.724800000000000000e+04,3.753900000000000000e+04,3.783000000000000000e+04,3.812100000000000000e+04,3.841200000000000000e+04,3.870300000000000000e+04,3.899400000000000000e+04,3.928500000000000000e+04,3.957600000000000000e+04,3.986700000000000000e+04,4.015800000000000000e+04,4.044900000000000000e+04,4.074000000000000000e+04,4.103100000000000000e+04,4.132200000000000000e+04,4.161300000000000000e+04,4.190400000000000000e+04,4.219500000000000000e+04,4.248600000000000000e+04,4.277700000000000000e+04,4.306800000000000000e+04,4.335900000000000000e+04,4.365000000000000000e+04,4.394100000000000000e+04,4.423200000000000000e+04,4.452300000000000000e+04,4.481400000000000000e+04,4.510500000000000000e+04,4.539600000000000000e+04,4.568700000000000000e+04,4.597800000000000000e+04,4.626900000000000000e+04,4.656000000000000000e+04,4.685100000000000000e+04,4.714200000000000000e+04,4.743300000000000000e+04,4.772400000000000000e+04,4.801500000000000000e+04,4.830600000000000000e+04,4.859700000000000000e+04,4.888800000000000000e+04,4.917900000000000000e+04,4.947000000000000000e+04,4.976100000000000000e+04,5.005200000000000000e+04,5.034300000000000000e+04,5.063400000000000000e+04,5.092500000000000000e+04,5.121600000000000000e+04,5.150700000000000000e+04,5.179800000000000000e+04,5.208900000000000000e+04,5.238000000000000000e+04,5.267100000000000000e+04,5.296200000000000000e+04,5.325300000000000000e+04,5.354400000000000000e+04,5.383500000000000000e+04,5.412600000000000000e+04,5.441700000000000000e+04,5.470800000000000000e+04,5.499900000000000000e+04,5.529000000000000000e+04,5.558100000000000000e+04,5.587200000000000000e+04,5.616300000000000000e+04,5.645400000000000000e+04,5.674500000000000000e+04,5.703600000000000000e+04,5.732700000000000000e+04,5.761800000000000000e+04,5.790900000000000000e+04,5.820000000000000000e+04,5.849100000000000000e+04,5.878200000000000000e+04,5.907300000000000000e+04,5.936400000000000000e+04,5.965500000000000000e+04,5.994600000000000000e+04,6.023700000000000000e+04,6.052800000000000000e+04,6.081900000000000000e+04,6.111000000000000000e+04,6.140100000000000000e+04,6.169200000000000000e+04,6.198300000000000000e+04,6.227400000000000000e+04,6.256500000000000000e+04,6.285600000000000000e+04,6.314700000000000000e+04,6.343800000000000000e+04,6.372900000000000000e+04,6.402000000000000000e+04,6.431100000000000000e+04,6.460200000000000000e+04,6.489300000000000000e+04,6.518400000000000000e+04,6.547500000000000000e+04,6.576600000000000000e+04,6.605700000000000000e+04,6.634800000000000000e+04,6.663900000000000000e+04,6.693000000000000000e+04,6.722100000000000000e+04,6.751200000000000000e+04,6.780300000000000000e+04,6.809400000000000000e+04,6.838500000000000000e+04,6.867600000000000000e+04,6.896700000000000000e+04,6.925800000000000000e+04,6.954900000000000000e+04,6.984000000000000000e+04,7.013100000000000000e+04,7.042200000000000000e+04,7.071300000000000000e+04,7.100400000000000000e+04,7.129500000000000000e+04,7.158600000000000000e+04,7.187700000000000000e+04,7.216800000000000000e+04,7.245900000000000000e+04,7.275000000000000000e+04,7.304100000000000000e+04,7.333200000000000000e+04,7.362300000000000000e+04,7.391400000000000000e+04,7.420500000000000000e+04,7.449600000000000000e+04,7.478700000000000000e+04,7.507800000000000000e+04,7.536900000000000000e+04,7.566000000000000000e+04,7.595100000000000000e+04,7.624200000000000000e+04,7.653300000000000000e+04,7.682400000000000000e+04,7.711500000000000000e+04,7.740600000000000000e+04,7.769700000000000000e+04,7.798800000000000000e+04,7.827900000000000000e+04,7.857000000000000000e+04,7.886100000000000000e+04,7.915200000000000000e+04,7.944300000000000000e+04,7.973400000000000000e+04,8.002500000000000000e+04,8.031600000000000000e+04,8.060700000000000000e+04,8.089800000000000000e+04,8.118900000000000000e+04,8.148000000000000000e+04,8.177100000000000000e+04,8.206200000000000000e+04,8.235300000000000000e+04,8.264400000000000000e+04,8.293500000000000000e+04,8.322600000000000000e+04,8.351700000000000000e+04,8.380800000000000000e+04,8.409900000000000000e+04,8.439000000000000000e+04,8.468100000000000000e+04,8.497200000000000000e+04,8.526300000000000000e+04,8.555400000000000000e+04,8.584500000000000000e+04,8.613600000000000000e+04,8.642700000000000000e+04,8.671800000000000000e+04,8.700900000000000000e+04
0.000000000000000000e+00,2.920000000000000000e+02,5.840000000000000000e+02,8.760000000000000000e+02,1.168000000000000000e+03,1.460000000000000000e+03,1.752000000000000000e+03,2.044000000000000000e+03,2.336000000000000000e+03,2.628000000000000000e+03,2.920000000000000000e+03,3.212000000000000000e+03,3.504000000000000000e+03,3.796000000000000000e+03,4.088000000000000000e+03,4.380000000000000000e+03,4.672000000000000000e+03,4.964000000000000000e+03,5.256000000000000000e+03,5.548000000000000000e+03,5.840000000000000000e+03,6.132000000000000000e+03,6.424000000000000000e+03,6.716000000000000000e+03,7.008000000000000000e+03,7.300000000000000000e+03,7.592000000000000000e+03,7.884000000000000000e+03,8.176000000000000000e+03,8.468000000000000000e+03,8.760000000000000000e+03,9.052000000000000000e+03,9.344000000000000000e+03,9.636000000000000000e+03,9.928000000000000000e+03,1.022000000000000000e+04,1.051200000000000000e+04,1.080400000000000000e+04,1.109600000000000000e+04,1.138800000000000000e+04,1.168000000000000000e+04,1.197200000000000000e+04,1.226400000000000000e+04,1.255600000000000000e+04,1.284800000000000000e+04,1.314000000000000000e+04,1.343200000000000000e+04,1.372400000000000000e+04,1.401600000000000000e+04,1.430800000000000000e+04,1.460000000000000000e+04,1.489200000000000000e+04,1.518400000000000000e+04,1.547600000000000000e+04,1.576800000000000000e+04,1.606000000000000000e+04,1.635200000000000000e+04,1.664400000000000000e+04,1.693600000000000000e+04,1.722800000000000000e+04,1.752000000000000000e+04,1.781200000000000000e+04,1.810400000000000000e+04,1.839600000000000000e+04,1.868800000000000000e+04,1.898000000000000000e+04,1.927200000000000000e+04,1.956400000000000000e+04,1.985600000000000000e+04,2.014800000000000000e+04,2.044000000000000000e+04,2.073200000000000000e+04,2.102400000000000000e+04,2.131600000000000000e+04,2.160800000000000000e+04,2.190000000000000000e+04,2.219200000000000000e+04,2.248400000000000000e+04,2.277600000000000000e+04,2.306800000000000000e+04,2.336000000000000000e+04,2.365200000000000000e+04,2.394400000000000000e+04,2.423600000000000000e+04,2.452800000000000000e+04,2.482000000000000000e+04,2.511200000000000000e+04,2.540400000000000000e+04,2.569600000000000000e+04,2.598800000000000000e+04,2.628000000000000000e+04,2.657200000000000000e+04,2.686400000000000000e+04,2.715600000000000000e+04,2.744800000000000000e+04,2.774000000000000000e+04,2.803200000000000000e+04,2.832400000000000000e+04,2.861600000000000000e+04,2.890800000000000000e+04,2.920000000000000000e+04,2.949200000000000000e+04,2.978400000000000000e+04,3.007600000000000000e+04,3.036800000000000000e+04,3.066000000000000000e+04,3.095200000000000000e+04,3.124400000000000000e+04,3.153600000000000000e+04,3.182800000000000000e+04,3.212000000000000000e+04,3.241200000000000000e+04,3.270400000000000000e+04,3.299600000000000000e+04,3.328800000000000000e+04,3.358000000000000000e+04,3.387200000000000000e+04,3.416400000000000000e+04,3.445600000000000000e+04,3.474800000000000000e+04,3.504000000000000000e+04,3.533200000000000000e+04,3.562400000000000000e+04,3.591600000000000000e+04,3.620800000000000000e+04,3.650000000000000000e+04,3.679200000000000000e+04,3.708400000000000000e+04,3.737600000000000000e+04,3.766800000000000000e+04,3.796000000000000000e+04,3.825200000000000000e+04,3.854400000000000000e+04,3.883600000000000000e+04,3.912800000000000000e+04,3.942000000000000000e+04,3.971200000000000000e+04,4.000400000000000000e+04,4.029600000000000000e+04,4.058800000000000000e+04,4.088000000000000000e+04,4.117200000000000000e+04,4.146400000000000000e+04,4.175600000000000000e+04,4.204800000000000000e+04,4.234000000000000000e+04,4.263200000000000000e+04,4.292400000000000000e+04,4.321600000000000000e+04,4.350800000000000000e+04,4.380000000000000000e+04,4.409200000000000000e+04,4.438400000000000000e+04,4.467600000000000000e+04,4.496800000000000000e+04,4.526000000000000000e+04,4.555200000000000000e+04,4.584400000000000000e+04,4.613600000000000000e+04,4.642800000000000000e+04,4.672000000000000000e+04,4.701200000000000000e+04,4.730400000000000000e+04,4.759600000000000000e+04,4.788800000000000000e+04,4.818000000000000000e+04,4.847200000000000000e+04,4.876400000000000000e+04,4.905600000000000000e+04,4.934800000000000000e+04,4.964000000000000000e+04,4.993200000000000000e+04,5.022400000000000000e+04,5.051600000000000000e+04,5.080800000000000000e+04,5.110000000000000000e+04,5.139200000000000000e+04,5.168400000000000000e+04,5.197600000000000000e+04,5.226800000000000000e+04,5.256000000000000000e+04,5.285200000000000000e+04,5.314400000000000000e+04,5.343600000000000000e+04,5.372800000000000000e+04,5.402000000000000000e+04,5.431200000000000000e+04,5.460400000000000000e+04,5.489600000000000000e+04,5.518800000000000000e+04,5.548000000000000000e+04,5.577200000000000000e+04,5.606400000000000000e+04,5.635600000000000000e+04,5.664800000000000000e+04,5.694000000000000000e+04,5.723200000000000000e+04,5.752400000000000000e+04,5.781600000000000000e+04,5.810800000000000000e+04,5.840000000000000000e+04,5.869200000000000000e+04,5.898400000000000000e+04,5.927600000000000000e+04,5.956800000000000000e+04,5.986000000000000000e+04,6.015200000000000000e+04,6.044400000000000000e+04,6.073600000000000000e+04,6.102800000000000000e+04,6.132000000000000000e+04,6.161200000000000000e+04,6.190400000000000000e+04,6.219600000000000000e+04,6.248800000000000000e+04,6.278000000000000000e+04,6.307200000000000000e+04,6.336400000000000000e+04,6.365600000000000000e+04,6.394800000000000000e+04,6.424000000000000000e+04,6.453200000000000000e+04,6.482400000000000000e+04,6.511600000000000000e+04,6.540800000000000000e+04,6.570000000000000000e+04,6.599200000000000000e+04,6.628400000000000000e+04,6.657600000000000000e+04,6.686800000000000000e+04,6.716000000000000000e+04,6.745200000000000000e+04,6.774400000000000000e+04,6.803600000000000000e+04,6.832800000000000000e+04,6.862000000000000000e+04,6.891200000000000000e+04,6.920400000000000000e+04,6.949600000000000000e+04,6.978800000000000000e+04,7.008000000000000000e+04,7.037200000000000000e+04,7.066400000000000000e+04,7.095600000000000000e+04,7.124800000000000000e+04,7.154000000000000000e+04,7.183200000000000000e+04,7.212400000000000000e+04,7.241600000000000000e+04,7.270800000000000000e+04,7.300000000000000000e+04,7.329200000000000000e+04,7.358400000000000000e+04,7.387600000000000000e+04,7.416800000000000000e+04,7.446000000000000000e+04,7.475200000000000000e+04,7.504400000000000000e+04,7.533600000000000000e+04,7.562800000000000000e+04,7.592000000000000000e+04,7.621200000000000000e+04,7.650400000000000000e+04,7.679600000000000000e+04,7.708800000000000000e+04,7.738000000000000000e+04,7.767200000000000000e+04,7.796400000000000000e+04,7.825600000000000000e+04,7.854800000000000000e+04,7.884000000000000000e+04,7.913200000000000000e+04,7.942400000000000000e+04,7.971600000000000000e+04,8.000800000000000000e+04,8.030000000000000000e+04,8.059200000000000000e+04,8.088400000000000000e+04,8.117600000000000000e+04,8.146800000000000000e+04,8.176000000000000000e+04,8.205200000000000000e+04,8.234400000000000000e+04,8.263600000000000000e+04,8.292800000000000000e+04,8.322000000000000000e+04,8.351200000000000000e+04,8.380400000000000000e+04,8.409600000000000000e+04,8.438800000000000000e+04,8.468000000000000000e+04,8.497200000000000000e+04,8.526400000000000000e+04,8.555600000000000000e+04,8.584800000000000000e+04,8.614000000000000000e+04,8.643200000000000000e+04,8.672400000000000000e+04,8.701600000000000000e+04,8.730800000000000000e+04
0.000000000000000000e+00,2.930000000000000000e+02,5.860000000000000000e+02,8.790000000000000000e+02,1.172000000000000000e+03,1.465000000000000000e+03,1.758000000000000000e+03,2.051000000000000000e+03,2.344000000000000000e+03,2.637000000000000000e+03,2.930000000000000000e+03,3.223000000000000000e+03,3.516000000000000000e+03,3.809000000000000000e+03,4.102000000000000000e+03,4.395000000000000000e+03,4.688000000000000000e+03,4.981000000000000000e+03,5.274000000000000000e+03,5.567000000000000000e+03,5.860000000000000000e+03,6.153000000000000000e+03,6.446000000000000000e+03,6.739000000000000000e+03,7.032000000000000000e+03,7.325000000000000000e+03,7.618000000000000000e+03,7.911000000000000000e+03,8.204000000000000000e+03,8.497000000000000000e+03,8.790000000000000000e+03,9.083000000000000000e+03,9.376000000000000000e+03,9.669000000000000000e+03,9.962000000000000000e+03,1.025500000000000000e+04,1.054800000000000000e+04,1.084100000000000000e+04,1.113400000000000000e+04,1.142700000000000000e+04,1.172000000000000000e+04,1.201300000000000000e+04,1.230600000000000000e+04,1.259900000000000000e+04,1.289200000000000000e+04,1.318500000000000000e+04,1.347800000000000000e+04,1.377100000000000000e+04,1.406400000000000000e+04,1.435700000000000000e+04,1.465000000000000000e+04,1.494300000000000000e+04,1.523600000000000000e+04,1.552900000000000000e+04,1.582200000000000000e+04,1.611500000000000000e+04,1.640800000000000000e+04,1.670100000000000000e+04,1.699400000000000000e+04,1.728700000000000000e+04,1.758000000000000000e+04,1.787300000000000000e+04,1.816600000000000000e+04,1.845900000000000000e+04,1.875200000000000000e+04,1.904500000000000000e+04,1.933800000000000000e+04,1.963100000000000000e+04,1.992400000000000000e+04,2.021700000000000000e+04,2.051000000000000000e+04,2.080300000000000000e+04,2.109600000000000000e+04,2.138900000000000000e+04,2.168200000000000000e+04,2.197500000000000000e+04,2.226800000000000000e+04,2.256100000000000000e+04,2.285400000000000000e+04,2.314700000000000000e+04,2.344000000000000000e+04,2.373300000000000000e+04,2.402600000000000000e+04,2.431900000000000000e+04,2.461200000000000000e+04,2.490500000000000000e+04,2.519800000000000000e+04,2.549100000000000000e+04,2.578400000000000000e+04,2.607700000000000000e+04,2.637000000000000000e+04,2.666300000000000000e+04,2.695600000000000000e+04,2.724900000000000000e+04,2.754200000000000000e+04,2.783500000000000000e+04,2.812800000000000000e+04,2.842100000000000000e+04,2.871400000000000000e+04,2.900700000000000000e+04,2.930000000000000000e+04,2.959300000000000000e+04,2.988600000000000000e+04,3.017900000000000000e+04,3.047200000000000000e+04,3.076500000000000000e+04,3.105800000000000000e+04,3.135100000000000000e+04,3.164400000000000000e+04,3.193700000000000000e+04,3.223000000000000000e+04,3.252300000000000000e+04,3.281600000000000000e+04,3.310900000000000000e+04,3.340200000000000000e+04,3.369500000000000000e+04,3.398800000000000000e+04,3.428100000000000000e+04,3.457400000000000000e+04,3.486700000000000000e+04,3.516000000000000000e+04,3.545300000000000000e+04,3.574600000000000000e+04,3.603900000000000000e+04,3.633200000000000000e+04,3.662500000000000000e+04,3.691800000000000000e+04,3.721100000000000000e+04,3.750400000000000000e+04,3.779700000000000000e+04,3.809000000000000000e+04,3.838300000000000000e+04,3.867600000000000000e+04,3.896900000000000000e+04,3.926200000000000000e+04,3.955500000000000000e+04,3.984800000000000000e+04,4.014100000000000000e+04,4.043400000000000000e+04,4.072700000000000000e+04,4.102000000000000000e+04,4.131300000000000000e+04,4.160600000000000000e+04,4.189900000000000000e+04,4.219200000000000000e+04,4.248500000000000000e+04,4.277800000000000000e+04,4.307100000000000000e+04,4.336400000000000000e+04,4.365700000000000000e+04,4.395000000000000000e+04,4.424300000000000000e+04,4.453600000000000000e+04,4.482900000000000000e+04,4.512200000000000000e+04,4.541500000000000000e+04,4.570800000000000000e+04,4.600100000000000000e+04,4.629400000000000000e+04,4.658700000000000000e+04,4.688000000000000000e+04,4.717300000000000000e+04,4.746600000000000000e+04,4.775900000000000000e+04,4.805200000000000000e+04,4.834500000000000000e+04,4.863800000000000000e+04,4.893100000000000000e+04,4.922400000000000000e+04,4.951700000000000000e+04,4.981000000000000000e+04,5.010300000000000000e+04,5.039600000000000000e+04,5.068900000000000000e+04,5.098200000000000000e+04,5.127500000000000000e+04,5.156800000000000000e+04,5.186100000000000000e+04,5.215400000000000000e+04,5.244700000000000000e+04,5.274000000000000000e+04,5.303300000000000000e+04,5.332600000000000000e+04,5.361900000000000000e+04,5.391200000000000000e+04,5.420500000000000000e+04,5.449800000000000000e+04,5.479100000000000000e+04,5.508400000000000000e+04,5.537700000000000000e+04,5.567000000000000000e+04,5.596300000000000000e+04,5.625600000000000000e+04,5.654900000000000000e+04,5.684200000000000000e+04,5.713500000000000000e+04,5.742800000000000000e+04,5.772100000000000000e+04,5.801400000000000000e+04,5.830700000000000000e+04,5.860000000000000000e+04,5.889300000000000000e+04,5.918600000000000000e+04,5.947900000000000000e+04,5.977200000000000000e+04,6.006500000000000000e+04,6.035800000000000000e+04,6.065100000000000000e+04,6.094400000000000000e+04,6.123700000000000000e+04,6.153000000000000000e+04,6.182300000000000000e+04,6.211600000000000000e+04,6.240900000000000000e+04,6.270200000000000000e+04,6.299500000000000000e+04,6.328800000000000000e+04,6.358100000000000000e+04,6.387400000000000000e+04,6.416700000000000000e+04,6.446000000000000000e+04,6.475300000000000000e+04,6.504600000000000000e+04,6.533900000000000000e+04,6.563200000000000000e+04,6.592500000000000000e+04,6.621800000000000000e+04,6.651100000000000000e+04,6.680400000000000000e+04,6.709700000000000000e+04,6.739000000000000000e+04,6.768300000000000000e+04,6.797600000000000000e+04,6.826900000000000000e+04,6.856200000000000000e+04,6.885500000000000000e+04,6.914800000000000000e+04,6.944100000000000000e+04,6.973400000000000000e+04,7.002700000000000000e+04,7.032000000000000000e+04,7.061300000000000000e+04,7.090600000000000000e+04,7.119900000000000000e+04,7.149200000000000000e+04,7.178500000000000000e+04,7.207800000000000000e+04,7.237100000000000000e+04,7.266400000000000000e+04,7.295700000000000000e+04,7.325000000000000000e+04,7.354300000000000000e+04,7.383600000000000000e+04,7.412900000000000000e+04,7.442200000000000000e+04,7.471500000000000000e+04,7.500800000000000000e+04,7.530100000000000000e+04,7.559400000000000000e+04,7.588700000000000000e+04,7.618000000000000000e+04,7.647300000000000000e+04,7.676600000000000000e+04,7.705900000000000000e+04,7.735200000000000000e+04,7.764500000000000000e+04,7.793800000000000000e+04,7.823100000000000000e+04,7.852400000000000000e+04,7.881700000000000000e+04,7.911000000000000000e+04,7.940300000000000000e+04,7.969600000000000000e+04,7.998900000000000000e+04,8.028200000000000000e+04,8.057500000000000000e+04,8.086800000000000000e+04,8.116100000000000000e+04,8.145400000000000000e+04,8.174700000000000000e+04,8.204000000000000000e+04,8.233300000000000000e+04,8.262600000000000000e+04,8.291900000000000000e+04,8.321200000000000000e+04,8.350500000000000000e+04,8.379800000000000000e+04,8.409100000000000000e+04,8.438400000000000000e+04,8.467700000000000000e+04,8.497000000000000000e+04,8.526300000000000000e+04,8.555600000000000000e+04,8.584900000000000000e+04,8.614200000000000000e+04,8.643500000000000000e+04,8.672800000000000000e+04,8.702100000000000000e+04,8.731400000000000000e+04,8.760700000000000000e+04
0.000000000000000000e+00,2.940000000000000000e+02,5.880000000000000000e+02,8.820000000000000000e+02,1.176000000000000000e+03,1.470000000000000000e+03,1.764000000000000000e+03,2.058000000000000000e+03,2.352000000000000000e+03,2.646000000000000000e+03,2.940000000000000000e+03,3.234000000000000000e+03,3.528000000000000000e+03,3.822000000000000000e+03,4.116000000000000000e+03,4.410000000000000000e+03,4.704000000000000000e+03,4.998000000000000000e+03,5.292000000000000000e+03,5.586000000000000000e+03,5.880000000000000000e+03,6.174000000000000000e+03,6.468000000000000000e+03,6.762000000000000000e+03,7.056000000000000000e+03,7.350000000000000000e+03,7.644000000000000000e+03,7.938000000000000000e+03,8.232000000000000000e+03,8.526000000000000000e+03,8.820000000000000000e+03,9.114000000000000000e+03,9.408000000000000000e+03,9.702000000000000000e+03,9.996000000000000000e+03,1.029000000000000000e+04,1.058400000000000000e+04,1.087800000000000000e+04,1.117200000000000000e+04,1.146600000000000000e+04,1.176000000000000000e+04,1.205400000000000000e+04,1.234800000000000000e+04,1.264200000000000000e+04,1.293600000000000000e+04,1.323000000000000000e+04,1.352400000000000000e+04,1.381800000000000000e+04,1.411200000000000000e+04,1.440600000000000000e+04,1.470000000000000000e+04,1.499400000000000000e+04,1.528800000000000000e+04,1.558200000000000000e+04,1.587600000000000000e+04,1.617000000000000000e+04,1.646400000000000000e+04,1.675800000000000000e+04,1.705200000000000000e+04,1.734600000000000000e+04,1.764000000000000000e+04,1.793400000000000000e+04,1.822800000000000000e+04,1.852200000000000000e+04,1.881600000000000000e+04,1.911000000000000000e+04,1.940400000000000000e+04,1.969800000000000000e+04,1.999200000000000000e+04,2.028600000000000000e+04,2.058000000000000000e+04,2.087400000000000000e+04,2.116800000000000000e+04,2.146200000000000000e+04,2.175600000000000000e+04,2.205000000000000000e+04,2.234400000000000000e+04,2.263800000000000000e+04,2.293200000000000000e+04,2.322600000000000000e+04,2.352000000000000000e+04,2.381400000000000000e+04,2.410800000000000000e+04,2.440200000000000000e+04,2.469600000000000000e+04,2.499000000000000000e+04,2.528400000000000000e+04,2.557800000000000000e+04,2.587200000000000000e+04,2.616600000000000000e+04,2.646000000000000000e+04,2.675400000000000000e+04,2.704800000000000000e+04,2.734200000000000000e+04,2.763600000000000000e+04,2.793000000000000000e+04,2.822400000000000000e+04,2.851800000000000000e+04,2.881200000000000000e+04,2.910600000000000000e+04,2.940000000000000000e+04,2.969400000000000000e+04,2.998800000000000000e+04,3.028200000000000000e+04,3.057600000000000000e+04,3.087000000000000000e+04,3.116400000000000000e+04,3.145800000000000000e+04,3.175200000000000000e+04,3.204600000000000000e+04,3.234000000000000000e+04,3.263400000000000000e+04,3.292800000000000000e+04,3.322200000000000000e+04,3.351600000000000000e+04,3.381000000000000000e+04,3.410400000000000000e+04,3.439800000000000000e+04,3.469200000000000000e+04,3.498600000000000000e+04,3.528000000000000000e+04,3.557400000000000000e+04,3.586800000000000000e+04,3.616200000000000000e+04,3.645600000000000000e+04,3.675000000000000000e+04,3.704400000000000000e+04,3.733800000000000000e+04,3.763200000000000000e+04,3.792600000000000000e+04,3.822000000000000000e+04,3.851400000000000000e+04,3.880800000000000000e+04,3.910200000000000000e+04,3.939600000000000000e+04,3.969000000000000000e+04,3.998400000000000000e+04,4.027800000000000000e+04,4.057200000000000000e+04,4.086600000000000000e+04,4.116000000000000000e+04,4.145400000000000000e+04,4.174800000000000000e+04,4.204200000000000000e+04,4.233600000000000000e+04,4.263000000000000000e+04,4.292400000000000000e+04,4.321800000000000000e+04,4.351200000000000000e+04,4.380600000000000000e+04,4.410000000000000000e+04,4.439400000000000000e+04,4.468800000000000000e+04,4.498200000000000000e+04,4.527600000000000000e+04,4.557000000000000000e+04,4.586400000000000000e+04,4.615800000000000000e+04,4.645200000000000000e+04,4.674600000000000000e+04,4.704000000000000000e+04,4.733400000000000000e+04,4.762800000000000000e+04,4.792200000000000000e+04,4.821600000000000000e+04,4.851000000000000000e+04,4.880400000000000000e+04,4.909800000000000000e+04,4.939200000000000000e+04,4.968600000000000000e+04,4.998000000000000000e+04,5.027400000000000000e+04,5.056800000000000000e+04,5.086200000000000000e+04,5.115600000000000000e+04,5.145000000000000000e+04,5.174400000000000000e+04,5.203800000000000000e+04,5.233200000000000000e+04,5.262600000000000000e+04,5.292000000000000000e+04,5.321400000000000000e+04,5.350800000000000000e+04,5.380200000000000000e+04,5.409600000000000000e+04,5.439000000000000000e+04,5.468400000000000000e+04,5.497800000000000000e+04,5.527200000000000000e+04,5.556600000000000000e+04,5.586000000000000000e+04,5.615400000000000000e+04,5.644800000000000000e+04,5.674200000000000000e+04,5.703600000000000000e+04,5.733000000000000000e+04,5.762400000000000000e+04,5.791800000000000000e+04,5.821200000000000000e+04,5.850600000000000000e+04,5.880000000000000000e+04,5.909400000000000000e+04,5.938800000000000000e+04,5.968200000000000000e+04,5.997600000000000000e+04,6.027000000000000000e+04,6.056400000000000000e+04,6.085800000000000000e+04,6.115200000000000000e+04,6.144600000000000000e+04,6.174000000000000000e+04,6.203400000000000000e+04,6.232800000000000000e+04,6.262200000000000000e+04,6.291600000000000000e+04,6.321000000000000000e+04,6.350400000000000000e+04,6.379800000000000000e+04,6.409200000000000000e+04,6.438600000000000000e+04,6.468000000000000000e+04,6.497400000000000000e+04,6.526800000000000000e+04,6.556200000000000000e+04,6.585600000000000000e+04,6.615000000000000000e+04,6.644400000000000000e+04,6.673800000000000000e+04,6.703200000000000000e+04,6.732600000000000000e+04,6.762000000000000000e+04,6.791400000000000000e+04,6.820800000000000000e+04,6.850200000000000000e+04,6.879600000000000000e+04,6.909000000000000000e+04,6.938400000000000000e+04,6.967800000000000000e+04,6.997200000000000000e+04,7.026600000000000000e+04,7.056000000000000000e+04,7.085400000000000000e+04,7.114800000000000000e+04,7.144200000000000000e+04,7.173600000000000000e+04,7.203000000000000000e+04,7.232400000000000000e+04,7.261800000000000000e+04,7.291200000000000000e+04,7.320600000000000000e+04,7.350000000000000000e+04,7.379400000000000000e+04,7.408800000000000000e+04,7.438200000000000000e+04,7.467600000000000000e+04,7.497000000000000000e+04,7.526400000000000000e+04,7.555800000000000000e+04,7.585200000000000000e+04,7.614600000000000000e+04,7.644000000000000000e+04,7.673400000000000000e+04,7.702800000000000000e+04,7.732200000000000000e+04,7.761600000000000000e+04,7.791000000000000000e+04,7.820400000000000000e+04,7.849800000000000000e+04,7.879200000000000000e+04,7.908600000000000000e+04,7.938000000000000000e+04,7.967400000000000000e+04,7.996800000000000000e+04,8.026200000000000000e+04,8.055600000000000000e+04,8.085000000000000000e+04,8.114400000000000000e+04,8.143800000000000000e+04,8.173200000000000000e+04,8.202600000000000000e+04,8.232000000000000000e+04,8.261400000000000000e+04,8.290800000000000000e+04,8.320200000000000000e+04,8.349600000000000000e+04,8.379000000000000000e+04,8.408400000000000000e+04,8.437800000000000000e+04,8.467200000000000000e+04,8.496600000000000000e+04,8.526000000000000000e+04,8.555400000000000000e+04,8.584800000000000000e+04,8.614200000000000000e+04,8.643600000000000000e+04,8.673000000000000000e+04,8.702400000000000000e+04,8.731800000000000000e+04,8.761200000000000000e+04,8.790600000000000000e+04
0.000000000000000000e+00,2.950000000000000000e+02,5.900000000000000000e+02,8.850000000000000000e+02,1.180000000000000000e+03,1.475000000000000000e+03,1.770000000000000000e+03,2.065000000000000000e+03,2.360000000000000000e+03,2.655000000000000000e+03,2.950000000000000000e+03,3.245000000000000000e+03,3.540000000000000000e+03,3.835000000000000000e+03,4.130000000000000000e+03,4.425000000000000000e+03,4.720000000000000000e+03,5.015000000000000000e+03,5.310000000000000000e+03,5.605000000000000000e+03,5.900000000000000000e+03,6.195000000000000000e+03,6.490000000000000000e+03,6.785000000000000000e+03,7.080000000000000000e+03,7.375000000000000000e+03,7.670000000000000000e+03,7.965000000000000000e+03,8.260000000000000000e+03,8.555000000000000000e+03,8.850000000000000000e+03,9.145000000000000000e+03,9.440000000000000000e+03,9.735000000000000000e+03,1.003000000000000000e+04,1.032500000000000000e+04,1.062000000000000000e+04,1.091500000000000000e+04,1.121000000000000000e+04,1.150500000000000000e+04,1.180000000000000000e+04,1.209500000000000000e+04,1.239000000000000000e+04,1.268500000000000000e+04,1.298000000000000000e+04,1.327500000000000000e+04,1.357000000000000000e+04,1.386500000000000000e+04,1.416000000000000000e+04,1.445500000000000000e+04,1.475000000000000000e+04,1.504500000000000000e+04,1.534000000000000000e+04,1.563500000000000000e+04,1.593000000000000000e+04,1.622500000000000000e+04,1.652000000000000000e+04,1.681500000000000000e+04,1.711000000000000000e+04,1.740500000000000000e+04,1.770000000000000000e+04,1.799500000000000000e+04,1.829000000000000000e+04,1.858500000000000000e+04,1.888000000000000000e+04,1.917500000000000000e+04,1.947000000000000000e+04,1.976500000000000000e+04,2.006000000000000000e+04,2.035500000000000000e+04,2.065000000000000000e+04,2.094500000000000000e+04,2.124000000000000000e+04,2.153500000000000000e+04,2.183000000000000000e+04,2.212500000000000000e+04,2.242000000000000000e+04,2.271500000000000000e+04,2.301000000000000000e+04,2.330500000000000000e+04,2.360000000000000000e+04,2.389500000000000000e+04,2.419000000000000000e+04,2.448500000000000000e+04,2.478000000000000000e+04,2.507500000000000000e+04,2.537000000000000000e+04,2.566500000000000000e+04,2.596000000000000000e+04,2.625500000000000000e+04,2.655000000000000000e+04,2.684500000000000000e+04,2.714000000000000000e+04,2.743500000000000000e+04,2.773000000000000000e+04,2.802500000000000000e+04,2.832000000000000000e+04,2.861500000000000000e+04,2.891000000000000000e+04,2.920500000000000000e+04,2.950000000000000000e+04,2.979500000000000000e+04,3.009000000000000000e+04,3.038500000000000000e+04,3.068000000000000000e+04,3.097500000000000000e+04,3.127000000000000000e+04,3.156500000000000000e+04,3.186000000000000000e+04,3.215500000000000000e+04,3.245000000000000000e+04,3.274500000000000000e+04,3.304000000000000000e+04,3.333500000000000000e+04,3.363000000000000000e+04,3.392500000000000000e+04,3.422000000000000000e+04,3.451500000000000000e+04,3.481000000000000000e+04,3.510500000000000000e+04,3.540000000000000000e+04,3.569500000000000000e+04,3.599000000000000000e+04,3.628500000000000000e+04,3.658000000000000000e+04,3.687500000000000000e+04,3.717000000000000000e+04,3.746500000000000000e+04,3.776000000000000000e+04,3.805500000000000000e+04,3.835000000000000000e+04,3.864500000000000000e+04,3.894000000000000000e+04,3.923500000000000000e+04,3.953000000000000000e+04,3.982500000000000000e+04,4.012000000000000000e+04,4.041500000000000000e+04,4.071000000000000000e+04,4.100500000000000000e+04,4.130000000000000000e+04,4.159500000000000000e+04,4.189000000000000000e+04,4.218500000000000000e+04,4.248000000000000000e+04,4.277500000000000000e+04,4.307000000000000000e+04,4.336500000000000000e+04,4.366000000000000000e+04,4.395500000000000000e+04,4.425000000000000000e+04,4.454500000000000000e+04,4.484000000000000000e+04,4.513500000000000000e+04,4.543000000000000000e+04,4.572500000000000000e+04,4.602000000000000000e+04,4.631500000000000000e+04,4.661000000000000000e+04,4.690500000000000000e+04,4.720000000000000000e+04,4.749500000000000000e+04,4.779000000000000000e+04,4.808500000000000000e+04,4.838000000000000000e+04,4.867500000000000000e+04,4.897000000000000000e+04,4.926500000000000000e+04,4.956000000000000000e+04,4.985500000000000000e+04,5.015000000000000000e+04,5.044500000000000000e+04,5.074000000000000000e+04,5.103500000000000000e+04,5.133000000000000000e+04,5.162500000000000000e+04,5.192000000000000000e+04,5.221500000000000000e+04,5.251000000000000000e+04,5.280500000000000000e+04,5.310000000000000000e+04,5.339500000000000000e+04,5.369000000000000000e+04,5.398500000000000000e+04,5.428000000000000000e+04,5.457500000000000000e+04,5.487000000000000000e+04,5.516500000000000000e+04,5.546000000000000000e+04,5.575500000000000000e+04,5.605000000000000000e+04,5.634500000000000000e+04,5.664000000000000000e+04,5.693500000000000000e+04,5.723000000000000000e+04,5.752500000000000000e+04,5.782000000000000000e+04,5.811500000000000000e+04,5.841000000000000000e+04,5.870500000000000000e+04,5.900000000000000000e+04,5.929500000000000000e+04,5.959000000000000000e+04,5.988500000000000000e+04,6.018000000000000000e+04,6.047500000000000000e+04,6.077000000000000000e+04,6.106500000000000000e+04,6.136000000000000000e+04,6.165500000000000000e+04,6.195000000000000000e+04,6.224500000000000000e+04,6.254000000000000000e+04,6.283500000000000000e+04,6.313000000000000000e+04,6.342500000000000000e+04,6.372000000000000000e+04,6.401500000000000000e+04,6.431000000000000000e+04,6.460500000000000000e+04,6.490000000000000000e+04,6.519500000000000000e+04,6.549000000000000000e+04,6.578500000000000000e+04,6.608000000000000000e+04,6.637500000000000000e+04,6.667000000000000000e+04,6.696500000000000000e+04,6.726000000000000000e+04,6.755500000000000000e+04,6.785000000000000000e+04,6.814500000000000000e+04,6.844000000000000000e+04,6.873500000000000000e+04,6.903000000000000000e+04,6.932500000000000000e+04,6.962000000000000000e+04,6.991500000000000000e+04,7.021000000000000000e+04,7.050500000000000000e+04,7.080000000000000000e+04,7.109500000000000000e+04,7.139000000000000000e+04,7.168500000000000000e+04,7.198000000000000000e+04,7.227500000000000000e+04,7.257000000000000000e+04,7.286500000000000000e+04,7.316000000000000000e+04,7.345500000000000000e+04,7.375000000000000000e+04,7.404500000000000000e+04,7.434000000000000000e+04,7.463500000000000000e+04,7.493000000000000000e+04,7.522500000000000000e+04,7.552000000000000000e+04,7.581500000000000000e+04,7.611000000000000000e+04,7.640500000000000000e+04,7.670000000000000000e+04,7.699500000000000000e+04,7.729000000000000000e+04,7.758500000000000000e+04,7.788000000000000000e+04,7.817500000000000000e+04,7.847000000000000000e+04,7.876500000000000000e+04,7.906000000000000000e+04,7.935500000000000000e+04,7.965000000000000000e+04,7.994500000000000000e+04,8.024000000000000000e+04,8.053500000000000000e+04,8.083000000000000000e+04,8.112500000000000000e+04,8.142000000000000000e+04,8.171500000000000000e+04,8.201000000000000000e+04,8.230500000000000000e+04,8.260000000000000000e+04,8.289500000000000000e+04,8.319000000000000000e+04,8.348500000000000000e+04,8.378000000000000000e+04,8.407500000000000000e+04,8.437000000000000000e+04,8.466500000000000000e+04,8.496000000000000000e+04,8.525500000000000000e+04,8.555000000000000000e+04,8.584500000000000000e+04,8.614000000000000000e+04,8.643500000000000000e+04,8.673000000000000000e+04,8.702500000000000000e+04,8.732000000000000000e+04,8.761500000000000000e+04,8.791000000000000000e+04,8.820500000000000000e+04
0.000000000000000000e+00,2.960000000000000000e+02,5.920000000000000000e+02,8.880000000000000000e+02,1.184000000000000000e+03,1.480000000000000000e+03,1.776000000000000000e+03,2.072000000000000000e+03,2.368000000000000000e+03,2.664000000000000000e+03,2.960000000000000000e+03,3.256000000000000000e+03,3.552000000000000000e+03,3.848000000000000000e+03,4.144000000000000000e+03,4.440000000000000000e+03,4.736000000000000000e+03,5.032000000000000000e+03,5.328000000000000000e+03,5.624000000000000000e+03,5.920000000000000000e+03,6.216000000000000000e+03,6.512000000000000000e+03,6.808000000000000000e+03,7.104000000000000000e+03,7.400000000000000000e+03,7.696000000000000000e+03,7.992000000000000000e+03,8.288000000000000000e+03,8.584000000000000000e+03,8.880000000000000000e+03,9.176000000000000000e+03,9.472000000000000000e+03,9.768000000000000000e+03,1.006400000000000000e+04,1.036000000000000000e+04,1.065600000000000000e+04,1.095200000000000000e+04,1.124800000000000000e+04,1.154400000000000000e+04,1.184000000000000000e+04,1.213600000000000000e+04,1.243200000000000000e+04,1.272800000000000000e+04,1.302400000000000000e+04,1.332000000000000000e+04,1.361600000000000000e+04,1.391200000000000000e+04,1.420800000000000000e+04,1.450400000000000000e+04,1.480000000000000000e+04,1.509600000000000000e+04,1.539200000000000000e+04,1.568800000000000000e+04,1.598400000000000000e+04,1.628000000000000000e+04,1.657600000000000000e+04,1.687200000000000000e+04,1.716800000000000000e+04,1.746400000000000000e+04,1.776000000000000000e+04,1.805600000000000000e+04,1.835200000000000000e+04,1.864800000000000000e+04,1.894400000000000000e+04,1.924000000000000000e+04,1.953600000000000000e+04,1.983200000000000000e+04,2.012800000000000000e+04,2.042400000000000000e+04,2.072000000000000000e+04,2.101600000000000000e+04,2.131200000000000000e+04,2.160800000000000000e+04,2.190400000000000000e+04,2.220000000000000000e+04,2.249600000000000000e+04,2.279200000000000000e+04,2.308800000000000000e+04,2.338400000000000000e+04,2.368000000000000000e+04,2.397600000000000000e+04,2.427200000000000000e+04,2.456800000000000000e+04,2.486400000000000000e+04,2.516000000000000000e+04,2.545600000000000000e+04,2.575200000000000000e+04,2.604800000000000000e+04,2.634400000000000000e+04,2.664000000000000000e+04,2.693600000000000000e+04,2.723200000000000000e+04,2.752800000000000000e+04,2.782400000000000000e+04,2.812000000000000000e+04,2.841600000000000000e+04,2.871200000000000000e+04,2.900800000000000000e+04,2.930400000000000000e+04,2.960000000000000000e+04,2.989600000000000000e+04,3.019200000000000000e+04,3.048800000000000000e+04,3.078400000000000000e+04,3.108000000000000000e+04,3.137600000000000000e+04,3.167200000000000000e+04,3.196800000000000000e+04,3.226400000000000000e+04,3.256000000000000000e+04,3.285600000000000000e+04,3.315200000000000000e+04,3.344800000000000000e+04,3.374400000000000000e+04,3.404000000000000000e+04,3.433600000000000000e+04,3.463200000000000000e+04,3.492800000000000000e+04,3.522400000000000000e+04,3.552000000000000000e+04,3.581600000000000000e+04,3.611200000000000000e+04,3.640800000000000000e+04,3.670400000000000000e+04,3.700000000000000000e+04,3.729600000000000000e+04,3.759200000000000000e+04,3.788800000000000000e+04,3.818400000000000000e+04,3.848000000000000000e+04,3.877600000000000000e+04,3.907200000000000000e+04,3.936800000000000000e+04,3.966400000000000000e+04,3.996000000000000000e+04,4.025600000000000000e+04,4.055200000000000000e+04,4.084800000000000000e+04,4.114400000000000000e+04,4.144000000000000000e+04,4.173600000000000000e+04,4.203200000000000000e+04,4.232800000000000000e+04,4.262400000000000000e+04,4.292000000000000000e+04,4.321600000000000000e+04,4.351200000000000000e+04,4.380800000000000000e+04,4.410400000000000000e+04,4.440000000000000000e+04,4.469600000000000000e+04,4.499200000000000000e+04,4.528800000000000000e+04,4.558400000000000000e+04,4.588000000000000000e+04,4.617600000000000000e+04,4.647200000000000000e+04,4.676800000000000000e+04,4.706400000000000000e+04,4.736000000000000000e+04,4.765600000000000000e+04,4.795200000000000000e+04,4.824800000000000000e+04,4.854400000000000000e+04,4.884000000000000000e+04,4.913600000000000000e+04,4.943200000000000000e+04,4.972800000000000000e+04,5.002400000000000000e+04,5.032000000000000000e+04,5.061600000000000000e+04,5.091200000000000000e+04,5.120800000000000000e+04,5.150400000000000000e+04,5.180000000000000000e+04,5.209600000000000000e+04,5.239200000000000000e+04,5.268800000000000000e+04,5.298400000000000000e+04,5.328000000000000000e+04,5.357600000000000000e+04,5.387200000000000000e+04,5.416800000000000000e+04,5.446400000000000000e+04,5.476000000000000000e+04,5.505600000000000000e+04,5.535200000000000000e+04,5.564800000000000000e+04,5.594400000000000000e+04,5.624000000000000000e+04,5.653600000000000000e+04,5.683200000000000000e+04,5.712800000000000000e+04,5.742400000000000000e+04,5.772000000000000000e+04,5.801600000000000000e+04,5.831200000000000000e+04,5.860800000000000000e+04,5.890400000000000000e+04,5.920000000000000000e+04,5.949600000000000000e+04,5.979200000000000000e+04,6.008800000000000000e+04,6.038400000000000000e+04,6.068000000000000000e+04,6.097600000000000000e+04,6.127200000000000000e+04,6.156800000000000000e+04,6.186400000000000000e+04,6.216000000000000000e+04,6.245600000000000000e+04,6.275200000000000000e+04,6.304800000000000000e+04,6.334400000000000000e+04,6.364000000000000000e+04,6.393600000000000000e+04,6.423200000000000000e+04,6.452800000000000000e+04,6.482400000000000000e+04,6.512000000000000000e+04,6.541600000000000000e+04,6.571200000000000000e+04,6.600800000000000000e+04,6.630400000000000000e+04,6.660000000000000000e+04,6.689600000000000000e+04,6.719200000000000000e+04,6.748800000000000000e+04,6.778400000000000000e+04,6.808000000000000000e+04,6.837600000000000000e+04,6.867200000000000000e+04,6.896800000000000000e+04,6.926400000000000000e+04,6.956000000000000000e+04,6.985600000000000000e+04,7.015200000000000000e+04,7.044800000000000000e+04,7.074400000000000000e+04,7.104000000000000000e+04,7.133600000000000000e+04,7.163200000000000000e+04,7.192800000000000000e+04,7.222400000000000000e+04,7.252000000000000000e+04,7.281600000000000000e+04,7.311200000000000000e+04,7.340800000000000000e+04,7.370400000000000000e+04,7.400000000000000000e+04,7.429600000000000000e+04,7.459200000000000000e+04,7.488800000000000000e+04,7.518400000000000000e+04,7.548000000000000000e+04,7.577600000000000000e+04,7.607200000000000000e+04,7.636800000000000000e+04,7.666400000000000000e+04,7.696000000000000000e+04,7.725600000000000000e+04,7.755200000000000000e+04,7.784800000000000000e+04,7.814400000000000000e+04,7.844000000000000000e+04,7.873600000000000000e+04,7.903200000000000000e+04,7.932800000000000000e+04,7.962400000000000000e+04,7.992000000000000000e+04,8.021600000000000000e+04,8.051200000000000000e+04,8.080800000000000000e+04,8.110400000000000000e+04,8.140000000000000000e+04,8.169600000000000000e+04,8.199200000000000000e+04,8.228800000000000000e+04,8.258400000000000000e+04,8.288000000000000000e+04,8.317600000000000000e+04,8.347200000000000000e+04,8.376800000000000000e+04,8.406400000000000000e+04,8.436000000000000000e+04,8.465600000000000000e+04,8.495200000000000000e+04,8.524800000000000000e+04,8.554400000000000000e+04,8.584000000000000000e+04,8.613600000000000000e+04,8.643200000000000000e+04,8.672800000000000000e+04,8.702400000000000000e+04,8.732000000000000000e+04,8.761600000000000000e+04,8.791200000000000000e+04,8.820800000000000000e+04,8.850400000000000000e+04
0.000000000000000000e+00,2.970000000000000000e+02,5.940000000000000000e+02,8.910000000000000000e+02,1.188000000000000000e+03,1.485000000000000000e+03,1.782000000000000000e+03,2.079000000000000000e+03,2.376000000000000000e+03,2.673000000000000000e+03,2.970000000000000000e+03,3.267000000000000000e+03,3.564000000000000000e+03,3.861000000000000000e+03,4.158000000000000000e+03,4.455000000000000000e+03,4.752000000000000000e+03,5.049000000000000000e+03,5.346000000000000000e+03,5.643000000000000000e+03,5.940000000000000000e+03,6.237000000000000000e+03,6.534000000000000000e+03,6.831000000000000000e+03,7.128000000000000000e+03,7.425000000000000000e+03,7.722000000000000000e+03,8.019000000000000000e+03,8.316000000000000000e+03,8.613000000000000000e+03,8.910000000000000000e+03,9.207000000000000000e+03,9.504000000000000000e+03,9.801000000000000000e+03,1.009800000000000000e+04,1.039500000000000000e+04,1.069200000000000000e+04,1.098900000000000000e+04,1.128600000000000000e+04,1.158300000000000000e+04,1.188000000000000000e+04,1.217700000000000000e+04,1.247400000000000000e+04,1.277100000000000000e+04,1.306800000000000000e+04,1.336500000000000000e+04,1.366200000000000000e+04,1.395900000000000000e+04,1.425600000000000000e+04,1.455300000000000000e+04,1.485000000000000000e+04,1.514700000000000000e+04,1.544400000000000000e+04,1.574100000000000000e+04,1.603800000000000000e+04,1.633500000000000000e+04,1.663200000000000000e+04,1.692900000000000000e+04,1.722600000000000000e+04,1.752300000000000000e+04,1.782000000000000000e+04,1.811700000000000000e+04,1.841400000000000000e+04,1.871100000000000000e+04,1.900800000000000000e+04,1.930500000000000000e+04,1.960200000000000000e+04,1.989900000000000000e+04,2.019600000000000000e+04,2.049300000000000000e+04,2.079000000000000000e+04,2.108700000000000000e+04,2.138400000000000000e+04,2.168100000000000000e+04,2.197800000000000000e+04,2.227500000000000000e+04,2.257200000000000000e+04,2.286900000000000000e+04,2.316600000000000000e+04,2.346300000000000000e+04,2.376000000000000000e+04,2.405700000000000000e+04,2.435400000000000000e+04,2.465100000000000000e+04,2.494800000000000000e+04,2.524500000000000000e+04,2.554200000000000000e+04,2.583900000000000000e+04,2.613600000000000000e+04,2.643300000000000000e+04,2.673000000000000000e+04,2.702700000000000000e+04,2.732400000000000000e+04,2.762100000000000000e+04,2.791800000000000000e+04,2.821500000000000000e+04,2.851200000000000000e+04,2.880900000000000000e+04,2.910600000000000000e+04,2.940300000000000000e+04,2.970000000000000000e+04,2.999700000000000000e+04,3.029400000000000000e+04,3.059100000000000000e+04,3.088800000000000000e+04,3.118500000000000000e+04,3.148200000000000000e+04,3.177900000000000000e+04,3.207600000000000000e+04,3.237300000000000000e+04,3.267000000000000000e+04,3.296700000000000000e+04,3.326400000000000000e+04,3.356100000000000000e+04,3.385800000000000000e+04,3.415500000000000000e+04,3.445200000000000000e+04,3.474900000000000000e+04,3.504600000000000000e+04,3.534300000000000000e+04,3.564000000000000000e+04,3.593700000000000000e+04,3.623400000000000000e+04,3.653100000000000000e+04,3.682800000000000000e+04,3.712500000000000000e+04,3.742200000000000000e+04,3.771900000000000000e+04,3.801600000000000000e+04,3.831300000000000000e+04,3.861000000000000000e+04,3.890700000000000000e+04,3.920400000000000000e+04,3.950100000000000000e+04,3.979800000000000000e+04,4.009500000000000000e+04,4.039200000000000000e+04,4.068900000000000000e+04,4.098600000000000000e+04,4.128300000000000000e+04,4.158000000000000000e+04,4.187700000000000000e+04,4.217400000000000000e+04,4.247100000000000000e+04,4.276800000000000000e+04,4.306500000000000000e+04,4.336200000000000000e+04,4.365900000000000000e+04,4.395600000000000000e+04,4.425300000000000000e+04,4.455000000000000000e+04,4.484700000000000000e+04,4.514400000000000000e+04,4.544100000000000000e+04,4.573800000000000000e+04,4.603500000000000000e+04,4.633200000000000000e+04,4.662900000000000000e+04,4.692600000000000000e+04,4.722300000000000000e+04,4.752000000000000000e+04,4.781700000000000000e+04,4.811400000000000000e+04,4.841100000000000000e+04,4.870800000000000000e+04,4.900500000000000000e+04,4.930200000000000000e+04,4.959900000000000000e+04,4.989600000000000000e+04,5.019300000000000000e+04,5.049000000000000000e+04,5.078700000000000000e+04,5.108400000000000000e+04,5.138100000000000000e+04,5.167800000000000000e+04,5.197500000000000000e+04,5.227200000000000000e+04,5.256900000000000000e+04,5.286600000000000000e+04,5.316300000000000000e+04,5.346000000000000000e+04,5.375700000000000000e+04,5.405400000000000000e+04,5.435100000000000000e+04,5.464800000000000000e+04,5.494500000000000000e+04,5.524200000000000000e+04,5.553900000000000000e+04,5.583600000000000000e+04,5.613300000000000000e+04,5.643000000000000000e+04,5.672700000000000000e+04,5.702400000000000000e+04,5.732100000000000000e+04,5.761800000000000000e+04,5.791500000000000000e+04,5.821200000000000000e+04,5.850900000000000000e+04,5.880600000000000000e+04,5.910300000000000000e+04,5.940000000000000000e+04,5.969700000000000000e+04,5.999400000000000000e+04,6.029100000000000000e+04,6.058800000000000000e+04,6.088500000000000000e+04,6.118200000000000000e+04,6.147900000000000000e+04,6.177600000000000000e+04,6.207300000000000000e+04,6.237000000000000000e+04,6.266700000000000000e+04,6.296400000000000000e+04,6.326100000000000000e+04,6.355800000000000000e+04,6.385500000000000000e+04,6.415200000000000000e+04,6.444900000000000000e+04,6.474600000000000000e+04,6.504300000000000000e+04,6.534000000000000000e+04,6.563700000000000000e+04,6.593400000000000000e+04,6.623100000000000000e+04,6.652800000000000000e+04,6.682500000000000000e+04,6.712200000000000000e+04,6.741900000000000000e+04,6.771600000000000000e+04,6.801300000000000000e+04,6.831000000000000000e+04,6.860700000000000000e+04,6.890400000000000000e+04,6.920100000000000000e+04,6.949800000000000000e+04,6.979500000000000000e+04,7.009200000000000000e+04,7.038900000000000000e+04,7.068600000000000000e+04,7.098300000000000000e+04,7.128000000000000000e+04,7.157700000000000000e+04,7.187400000000000000e+04,7.217100000000000000e+04,7.246800000000000000e+04,7.276500000000000000e+04,7.306200000000000000e+04,7.335900000000000000e+04,7.365600000000000000e+04,7.395300000000000000e+04,7.425000000000000000e+04,7.454700000000000000e+04,7.484400000000000000e+04,7.514100000000000000e+04,7.543800000000000000e+04,7.573500000000000000e+04,7.603200000000000000e+04,7.632900000000000000e+04,7.662600000000000000e+04,7.692300000000000000e+04,7.722000000000000000e+04,7.751700000000000000e+04,7.781400000000000000e+04,7.811100000000000000e+04,7.840800000000000000e+04,7.870500000000000000e+04,7.900200000000000000e+04,7.929900000000000000e+04,7.959600000000000000e+04,7.989300000000000000e+04,8.019000000000000000e+04,8.048700000000000000e+04,8.078400000000000000e+04,8.108100000000000000e+04,8.137800000000000000e+04,8.167500000000000000e+04,8.197200000000000000e+04,8.226900000000000000e+04,8.256600000000000000e+04,8.286300000000000000e+04,8.316000000000000000e+04,8.345700000000000000e+04,8.375400000000000000e+04,8.405100000000000000e+04,8.434800000000000000e+04,8.464500000000000000e+04,8.494200000000000000e+04,8.523900000000000000e+04,8.553600000000000000e+04,8.583300000000000000e+04,8.613000000000000000e+04,8.642700000000000000e+04,8.672400000000000000e+04,8.702100000000000000e+04,8.731800000000000000e+04,8.761500000000000000e+04,8.791200000000000000e+04,8.820900000000000000e+04,8.850600000000000000e+04,8.880300000000000000e+04
0.000000000000000000e+00,2.980000000000000000e+02,5.960000000000000000e+02,8.940000000000000000e+02,1.192000000000000000e+03,1.490000000000000000e+03,1.788000000000000000e+03,2.086000000000000000e+03,2.384000000000000000e+03,2.682000000000000000e+03,2.980000000000000000e+03,3.278000000000000000e+03,3.576000000000000000e+03,3.874000000000000000e+03,4.172000000000000000e+03,4.470000000000000000e+03,4.768000000000000000e+03,5.066000000000000000e+03,5.364000000000000000e+03,5.662000000000000000e+03,5.960000000000000000e+03,6.258000000000000000e+03,6.556000000000000000e+03,6.854000000000000000e+03,7.152000000000000000e+03,7.450000000000000000e+03,7.748000000000000000e+03,8.046000000000000000e+03,8.344000000000000000e+03,8.642000000000000000e+03,8.940000000000000000e+03,9.238000000000000000e+03,9.536000000000000000e+03,9.834000000000000000e+03,1.013200000000000000e+04,1.043000000000000000e+04,1.072800000000000000e+04,1.102600000000000000e+04,1.132400000000000000e+04,1.162200000000000000e+04,1.192000000000000000e+04,1.221800000000000000e+04,1.251600000000000000e+04,1.281400000000000000e+04,1.311200000000000000e+04,1.341000000000000000e+04,1.370800000000000000e+04,1.400600000000000000e+04,1.430400000000000000e+04,1.460200000000000000e+04,1.490000000000000000e+04,1.519800000000000000e+04,1.549600000000000000e+04,1.579400000000000000e+04,1.609200000000000000e+04,1.639000000000000000e+04,1.668800000000000000e+04,1.698600000000000000e+04,1.728400000000000000e+04,1.758200000000000000e+04,1.788000000000000000e+04,1.817800000000000000e+04,1.847600000000000000e+04,1.877400000000000000e+04,1.907200000000000000e+04,1.937000000000000000e+04,1.966800000000000000e+04,1.996600000000000000e+04,2.026400000000000000e+04,2.056200000000000000e+04,2.086000000000000000e+04,2.115800000000000000e+04,2.145600000000000000e+04,2.175400000000000000e+04,2.205200000000000000e+04,2.235000000000000000e+04,2.264800000000000000e+04,2.294600000000000000e+04,2.324400000000000000e+04,2.354200000000000000e+04,2.384000000000000000e+04,2.413800000000000000e+04,2.443600000000000000e+04,2.473400000000000000e+04,2.503200000000000000e+04,2.533000000000000000e+04,2.562800000000000000e+04,2.592600000000000000e+04,2.622400000000000000e+04,2.652200000000000000e+04,2.682000000000000000e+04,2.711800000000000000e+04,2.741600000000000000e+04,2.771400000000000000e+04,2.801200000000000000e+04,2.831000000000000000e+04,2.860800000000000000e+04,2.890600000000000000e+04,2.920400000000000000e+04,2.950200000000000000e+04,2.980000000000000000e+04,3.009800000000000000e+04,3.039600000000000000e+04,3.069400000000000000e+04,3.099200000000000000e+04,3.129000000000000000e+04,3.158800000000000000e+04,3.188600000000000000e+04,3.218400000000000000e+04,3.248200000000000000e+04,3.278000000000000000e+04,3.307800000000000000e+04,3.337600000000000000e+04,3.367400000000000000e+04,3.397200000000000000e+04,3.427000000000000000e+04,3.456800000000000000e+04,3.486600000000000000e+04,3.516400000000000000e+04,3.546200000000000000e+04,3.576000000000000000e+04,3.605800000000000000e+04,3.635600000000000000e+04,3.665400000000000000e+04,3.695200000000000000e+04,3.725000000000000000e+04,3.754800000000000000e+04,3.784600000000000000e+04,3.814400000000000000e+04,3.844200000000000000e+04,3.874000000000000000e+04,3.903800000000000000e+04,3.933600000000000000e+04,3.963400000000000000e+04,3.993200000000000000e+04,4.023000000000000000e+04,4.052800000000000000e+04,4.082600000000000000e+04,4.112400000000000000e+04,4.142200000000000000e+04,4.172000000000000000e+04,4.201800000000000000e+04,4.231600000000000000e+04,4.261400000000000000e+04,4.291200000000000000e+04,4.321000000000000000e+04,4.350800000000000000e+04,4.380600000000000000e+04,4.410400000000000000e+04,4.440200000000000000e+04,4.470000000000000000e+04,4.499800000000000000e+04,4.529600000000000000e+04,4.559400000000000000e+04,4.589200000000000000e+04,4.619000000000000000e+04,4.648800000000000000e+04,4.678600000000000000e+04,4.708400000000000000e+04,4.738200000000000000e+04,4.768000000000000000e+04,4.797800000000000000e+04,4.827600000000000000e+04,4.857400000000000000e+04,4.887200000000000000e+04,4.917000000000000000e+04,4.946800000000000000e+04,4.976600000000000000e+04,5.006400000000000000e+04,5.036200000000000000e+04,5.066000000000000000e+04,5.095800000000000000e+04,5.125600000000000000e+04,5.155400000000000000e+04,5.185200000000000000e+04,5.215000000000000000e+04,5.244800000000000000e+04,5.274600000000000000e+04,5.304400000000000000e+04,5.334200000000000000e+04,5.364000000000000000e+04,5.393800000000000000e+04,5.423600000000000000e+04,5.453400000000000000e+04,5.483200000000000000e+04,5.513000000000000000e+04,5.542800000000000000e+04,5.572600000000000000e+04,5.602400000000000000e+04,5.632200000000000000e+04,5.662000000000000000e+04,5.691800000000000000e+04,5.721600000000000000e+04,5.751400000000000000e+04,5.781200000000000000e+04,5.811000000000000000e+04,5.840800000000000000e+04,5.870600000000000000e+04,5.900400000000000000e+04,5.930200000000000000e+04,5.960000000000000000e+04,5.989800000000000000e+04,6.019600000000000000e+04,6.049400000000000000e+04,6.079200000000000000e+04,6.109000000000000000e+04,6.138800000000000000e+04,6.168600000000000000e+04,6.198400000000000000e+04,6.228200000000000000e+04,6.258000000000000000e+04,6.287800000000000000e+04,6.317600000000000000e+04,6.347400000000000000e+04,6.377200000000000000e+04,6.407000000000000000e+04,6.436800000000000000e+04,6.466600000000000000e+04,6.496400000000000000e+04,6.526200000000000000e+04,6.556000000000000000e+04,6.585800000000000000e+04,6.615600000000000000e+04,6.645400000000000000e+04,6.675200000000000000e+04,6.705000000000000000e+04,6.734800000000000000e+04,6.764600000000000000e+04,6.794400000000000000e+04,6.824200000000000000e+04,6.854000000000000000e+04,6.883800000000000000e+04,6.913600000000000000e+04,6.943400000000000000e+04,6.973200000000000000e+04,7.003000000000000000e+04,7.032800000000000000e+04,7.062600000000000000e+04,7.092400000000000000e+04,7.122200000000000000e+04,7.152000000000000000e+04,7.181800000000000000e+04,7.211600000000000000e+04,7.241400000000000000e+04,7.271200000000000000e+04,7.301000000000000000e+04,7.330800000000000000e+04,7.360600000000000000e+04,7.390400000000000000e+04,7.420200000000000000e+04,7.450000000000000000e+04,7.479800000000000000e+04,7.509600000000000000e+04,7.539400000000000000e+04,7.569200000000000000e+04,7.599000000000000000e+04,7.628800000000000000e+04,7.658600000000000000e+04,7.688400000000000000e+04,7.718200000000000000e+04,7.748000000000000000e+04,7.777800000000000000e+04,7.807600000000000000e+04,7.837400000000000000e+04,7.867200000000000000e+04,7.897000000000000000e+04,7.926800000000000000e+04,7.956600000000000000e+04,7.986400000000000000e+04,8.016200000000000000e+04,8.046000000000000000e+04,8.075800000000000000e+04,8.105600000000000000e+04,8.135400000000000000e+04,8.165200000000000000e+04,8.195000000000000000e+04,8.224800000000000000e+04,8.254600000000000000e+04,8.284400000000000000e+04,8.314200000000000000e+04,8.344000000000000000e+04,8.373800000000000000e+04,8.403600000000000000e+04,8.433400000000000000e+04,8.463200000000000000e+04,8.493000000000000000e+04,8.522800000000000000e+04,8.552600000000000000e+04,8.582400000000000000e+04,8.612200000000000000e+04,8.642000000000000000e+04,8.671800000000000000e+04,8.701600000000000000e+04,8.731400000000000000e+04,8.761200000000000000e+04,8.791000000000000000e+04,8.820800000000000000e+04,8.850600000000000000e+04,8.880400000000000000e+04,8.910200000000000000e+04
0.000000000000000000e+00,2.990000000000000000e+02,5.980000000000000000e+02,8.970000000000000000e+02,1.196000000000000000e+03,1.495000000000000000e+03,1.794000000000000000e+03,2.093000000000000000e+03,2.392000000000000000e+03,2.691000000000000000e+03,2.990000000000000000e+03,3.289000000000000000e+03,3.588000000000000000e+03,3.887000000000000000e+03,4.186000000000000000e+03,4.485000000000000000e+03,4.784000000000000000e+03,5.083000000000000000e+03,5.382000000000000000e+03,5.681000000000000000e+03,5.980000000000000000e+03,6.279000000000000000e+03,6.578000000000000000e+03,6.877000000000000000e+03,7.176000000000000000e+03,7.475000000000000000e+03,7.774000000000000000e+03,8.073000000000000000e+03,8.372000000000000000e+03,8.671000000000000000e+03,8.970000000000000000e+03,9.269000000000000000e+03,9.568000000000000000e+03,9.867000000000000000e+03,1.016600000000000000e+04,1.046500000000000000e+04,1.076400000000000000e+04,1.106300000000000000e+04,1.136200000000000000e+04,1.166100000000000000e+04,1.196000000000000000e+04,1.225900000000000000e+04,1.255800000000000000e+04,1.285700000000000000e+04,1.315600000000000000e+04,1.345500000000000000e+04,1.375400000000000000e+04,1.405300000000000000e+04,1.435200000000000000e+04,1.465100000000000000e+04,1.495000000000000000e+04,1.524900000000000000e+04,1.554800000000000000e+04,1.584700000000000000e+04,1.614600000000000000e+04,1.644500000000000000e+04,1.674400000000000000e+04,1.704300000000000000e+04,1.734200000000000000e+04,1.764100000000000000e+04,1.794000000000000000e+04,1.823900000000000000e+04,1.853800000000000000e+04,1.883700000000000000e+04,1.913600000000000000e+04,1.943500000000000000e+04,1.973400000000000000e+04,2.003300000000000000e+04,2.033200000000000000e+04,2.063100000000000000e+04,2.093000000000000000e+04,2.122900000000000000e+04,2.152800000000000000e+04,2.182700000000000000e+04,2.212600000000000000e+04,2.242500000000000000e+04,2.272400000000000000e+04,2.302300000000000000e+04,2.332200000000000000e+04,2.362100000000000000e+04,2.392000000000000000e+04,2.421900000000000000e+04,2.451800000000000000e+04,2.481700000000000000e+04,2.511600000000000000e+04,2.541500000000000000e+04,2.571400000000000000e+04,2.601300000000000000e+04,2.631200000000000000e+04,2.661100000000000000e+04,2.691000000000000000e+04,2.720900000000000000e+04,2.750800000000000000e+04,2.780700000000000000e+04,2.810600000000000000e+04,2.840500000000000000e+04,2.870400000000000000e+04,2.900300000000000000e+04,2.930200000000000000e+04,2.960100000000000000e+04,2.990000000000000000e+04,3.019900000000000000e+04,3.049800000000000000e+04,3.079700000000000000e+04,3.109600000000000000e+04,3.139500000000000000e+04,3.169400000000000000e+04,3.199300000000000000e+04,3.229200000000000000e+04,3.259100000000000000e+04,3.289000000000000000e+04,3.318900000000000000e+04,3.348800000000000000e+04,3.378700000000000000e+04,3.408600000000000000e+04,3.438500000000000000e+04,3.468400000000000000e+04,3.498300000000000000e+04,3.528200000000000000e+04,3.558100000000000000e+04,3.588000000000000000e+04,3.617900000000000000e+04,3.647800000000000000e+04,3.677700000000000000e+04,3.707600000000000000e+04,3.737500000000000000e+04,3.767400000000000000e+04,3.797300000000000000e+04,3.827200000000000000e+04,3.857100000000000000e+04,3.887000000000000000e+04,3.916900000000000000e+04,3.946800000000000000e+04,3.976700000000000000e+04,4.006600000000000000e+04,4.036500000000000000e+04,4.066400000000000000e+04,4.096300000000000000e+04,4.126200000000000000e+04,4.156100000000000000e+04,4.186000000000000000e+04,4.215900000000000000e+04,4.245800000000000000e+04,4.275700000000000000e+04,4.305600000000000000e+04,4.335500000000000000e+04,4.365400000000000000e+04,4.395300000000000000e+04,4.425200000000000000e+04,4.455100000000000000e+04,4.485000000000000000e+04,4.514900000000000000e+04,4.544800000000000000e+04,4.574700000000000000e+04,4.604600000000000000e+04,4.634500000000000000e+04,4.664400000000000000e+04,4.694300000000000000e+04,4.724200000000000000e+04,4.754100000000000000e+04,4.784000000000000000e+04,4.813900000000000000e+04,4.843800000000000000e+04,4.873700000000000000e+04,4.903600000000000000e+04,4.933500000000000000e+04,4.963400000000000000e+04,4.993300000000000000e+04,5.023200000000000000e+04,5.053100000000000000e+04,5.083000000000000000e+04,5.112900000000000000e+04,5.142800000000000000e+04,5.172700000000000000e+04,5.202600000000000000e+04,5.232500000000000000e+04,5.262400000000000000e+04,5.292300000000000000e+04,5.322200000000000000e+04,5.352100000000000000e+04,5.382000000000000000e+04,5.411900000000000000e+04,5.441800000000000000e+04,5.471700000000000000e+04,5.501600000000000000e+04,5.531500000000000000e+04,5.561400000000000000e+04,5.591300000000000000e+04,5.621200000000000000e+04,5.651100000000000000e+04,5.681000000000000000e+04,5.710900000000000000e+04,5.740800000000000000e+04,5.770700000000000000e+04,5.800600000000000000e+04,5.830500000000000000e+04,5.860400000000000000e+04,5.890300000000000000e+04,5.920200000000000000e+04,5.950100000000000000e+04,5.980000000000000000e+04,6.009900000000000000e+04,6.039800000000000000e+04,6.069700000000000000e+04,6.099600000000000000e+04,6.129500000000000000e+04,6.159400000000000000e+04,6.189300000000000000e+04,6.219200000000000000e+04,6.249100000000000000e+04,6.279000000000000000e+04,6.308900000000000000e+04,6.338800000000000000e+04,6.368700000000000000e+04,6.398600000000000000e+04,6.428500000000000000e+04,6.458400000000000000e+04,6.488300000000000000e+04,6.518200000000000000e+04,6.548100000000000000e+04,6.578000000000000000e+04,6.607900000000000000e+04,6.637800000000000000e+04,6.667700000000000000e+04,6.697600000000000000e+04,6.727500000000000000e+04,6.757400000000000000e+04,6.787300000000000000e+04,6.817200000000000000e+04,6.847100000000000000e+04,6.877000000000000000e+04,6.906900000000000000e+04,6.936800000000000000e+04,6.966700000000000000e+04,6.996600000000000000e+04,7.026500000000000000e+04,7.056400000000000000e+04,7.086300000000000000e+04,7.116200000000000000e+04,7.146100000000000000e+04,7.176000000000000000e+04,7.205900000000000000e+04,7.235800000000000000e+04,7.265700000000000000e+04,7.295600000000000000e+04,7.325500000000000000e+04,7.355400000000000000e+04,7.385300000000000000e+04,7.415200000000000000e+04,7.445100000000000000e+04,7.475000000000000000e+04,7.504900000000000000e+04,7.534800000000000000e+04,7.564700000000000000e+04,7.594600000000000000e+04,7.624500000000000000e+04,7.654400000000000000e+04,7.684300000000000000e+04,7.714200000000000000e+04,7.744100000000000000e+04,7.774000000000000000e+04,7.803900000000000000e+04,7.833800000000000000e+04,7.863700000000000000e+04,7.893600000000000000e+04,7.923500000000000000e+04,7.953400000000000000e+04,7.983300000000000000e+04,8.013200000000000000e+04,8.043100000000000000e+04,8.073000000000000000e+04,8.102900000000000000e+04,8.132800000000000000e+04,8.162700000000000000e+04,8.192600000000000000e+04,8.222500000000000000e+04,8.252400000000000000e+04,8.282300000000000000e+04,8.312200000000000000e+04,8.342100000000000000e+04,8.372000000000000000e+04,8.401900000000000000e+04,8.431800000000000000e+04,8.461700000000000000e+04,8.491600000000000000e+04,8.521500000000000000e+04,8.551400000000000000e+04,8.581300000000000000e+04,8.611200000000000000e+04,8.641100000000000000e+04,8.671000000000000000e+04,8.700900000000000000e+04,8.730800000000000000e+04,8.760700000000000000e+04,8.790600000000000000e+04,8.820500000000000000e+04,8.850400000000000000e+04,8.880300000000000000e+04,8.910200000000000000e+04,8.940100000000000000e+04
